# "asas_sn_id":188979650745,"ra_deg":277.83251,"dec_deg":19.96924,"name":"ASASSN-V J183119.78+195810.2"
asas_sn_id,jd,flux,flux_err,mag,mag_err,limit,fwhm,image_id,camera,quality,phot_filter
188979650745,2456590.7034404,4.9697464726512,0.13919537645782176,14.718945819171093,0.030444072563735724,16.853294368928143,2.66,bc000451,bc,G,V
188979650745,2456593.6967134,6.3615382275977,0.19942345512589396,14.450876051329844,0.034074247042400904,16.462915802711176,2.71,bc001253,bc,B,V
188979650745,2456683.1714535,5.168027606665131,0.21854881610178034,14.676469342228259,0.045965904027646304,16.363485248125652,2.69,bc018671,bc,G,V
188979650745,2456730.0467682,6.351980842133592,0.16051148813869123,14.45250845559479,0.027466866349647304,16.698591090661296,2.65,bc020907,bc,G,V
188979650745,2456734.0700389,4.932418722073369,0.15563467905841752,14.727131560657188,0.03429719554308492,16.73209045758229,2.67,bc021598,bc,G,V
188979650745,2456735.0757883,4.410545300269241,0.15505474354528753,14.848550686937209,0.03821245520658188,16.736143751119254,1.49,bc021813,bc,G,V
188979650745,2456736.059459,4.684712647923115,0.15888285325676557,14.783074011574168,0.03686432157509714,16.70966381770984,1.92,bc022176,bc,G,V
188979650745,2456737.0517101,4.158955392549452,0.13787220627264335,14.912320748755846,0.036033349634641554,16.863664580286017,1.65,bc022562,bc,G,V
188979650745,2456741.998901,5.0223908107330635,0.12296265815964265,14.707505145153224,0.02661184050659226,16.987923286164644,2.13,bc023366,bc,G,V
188979650745,2456751.0432561,4.629629129262955,0.08269032296508244,14.795915899739827,0.019414251837904895,17.41871967326507,1.66,bc024025,bc,G,V
188979650745,2456755.9758966,4.77719539498025,0.14073653097761077,14.761848892042195,0.03202181982210665,16.841339288989303,2.83,bc024934,bc,G,V
188979650745,2456757.0130869,4.684917530465059,0.13208961118244064,14.783026528719605,0.03064635895831606,16.910184739185688,2.83,bc025284,bc,G,V
188979650745,2456758.0395019,6.0295443999740055,0.10893255934384818,14.509070160672625,0.019637463123920458,17.119462125189216,2.30,bc025670,bc,G,V
188979650745,2456759.0380535,5.6450714034876,0.11691924684189016,14.580607805496706,0.022512760032247642,17.042641370922237,2.83,bc025991,bc,B,V
188979650745,2456760.0335366,6.648962862138539,0.14001289190520502,14.402896636514113,0.022888972180989068,16.84693632902562,2.00,bc026207,bc,G,V
188979650745,2456772.019536,4.473080073481139,0.10193793959375153,14.833264722935258,0.02477087519871892,17.191516765613578,2.17,bc027834,bc,G,V
188979650745,2456783.9957769,5.28095267109406,0.08345725964027366,14.653000716327277,0.017177660604498084,17.408696092828976,2.02,bc028951,bc,G,V
188979650745,2456784.9870671,5.364372061493112,0.07554398522252082,14.635984174591163,0.015307108916850234,17.516856664367122,2.88,bc029187,bc,G,V
188979650745,2456785.9906855,4.774362470208564,0.08002056669615971,14.76249293547963,0.018217903937204055,17.45435233698728,2.65,bc029486,bc,G,V
188979650745,2456787.9756524,4.6953988899792245,0.09096372204500862,14.78060017213937,0.021057552986499323,17.315185837517078,2.47,bc029808,bc,G,V
188979650745,2456788.9769367,4.505217363631716,0.1283020188579975,14.825492031352193,0.03095493622034204,16.941772668328284,1.82,bc030113,bc,G,V
188979650745,2456795.9787881,6.035254615060294,0.1154813421026058,14.508042412475355,0.020798326821934915,17.056076837358372,2.37,bc030709,bc,G,V
188979650745,2456797.968208,6.171819150416292,0.12231406820989121,14.483748425332388,0.021541472765322128,16.993665365670246,1.66,bc031334,bc,G,V
188979650745,2456801.0600065,4.687962115847745,0.08536366688007577,14.782321170959884,0.019792522239289883,17.384173737770094,1.81,bc032321,bc,G,V
188979650745,2456802.9552047,5.547619037816844,0.08959057545078893,14.599514829865104,0.017553667547964696,17.331700578366327,2.07,bc032970,bc,G,V
188979650745,2456804.9648031,4.662013202746008,0.0977103255028845,14.788347656763865,0.022781333069596597,17.23750524354126,1.94,bc033537,bc,G,V
188979650745,2456805.9632197,4.689564204897529,0.10838305685367382,14.781950189094939,0.025121240555805103,17.12495290427055,2.39,bc033853,bc,G,V
188979650745,2456808.9451041,4.631422544716569,0.0984523598299359,14.79549539110192,0.023105953638334103,17.22929106788935,2.28,bc034592,bc,B,V
188979650745,2456811.9557458,6.099716208448606,0.09290849309005557,14.496507330093287,0.016556096880263854,17.292217853215153,1.65,bc035529,bc,G,V
188979650745,2456813.9548685,6.101709268845347,0.12064059857464389,14.496152627627696,0.021490877331170534,17.00862268532233,1.57,bc036123,bc,B,V
188979650745,2456814.9513333,6.3042127085499855,0.08621084197803588,14.460704259195602,0.014864256849322122,17.3734516770519,1.65,bc036444,bc,G,V
188979650745,2456815.9378421,6.507169662693332,0.09630469354720311,14.42630107870321,0.016086719749350116,17.253237759666792,1.54,bc036753,bc,G,V
188979650745,2456816.8427149,6.08492676986076,0.08158097792807677,14.49914301450965,0.014572891238066323,17.433384126201517,1.56,bc037041,bc,G,V
188979650745,2456817.8581911,6.678158162224426,0.1456334562886413,14.398139653372537,0.023703726574157993,16.804203502037222,1.68,bc037407,bc,G,V
188979650745,2456819.9275641,5.7756268417213095,0.16074604925952518,14.555783589328623,0.03025194864119155,16.69700562407,1.47,bc037907,bc,G,V
188979650745,2456823.9422643,4.556751638858508,0.14387830911889812,14.813143008402466,0.034320384086757326,16.817368080482833,2.06,bc039272,bc,B,V
188979650745,2456825.9346512,3.582950770787642,0.3007718251369395,15.074179301853706,0.09124487546785617,16.01676351567856,1.71,bc039910,bc,B,V
188979650745,2456827.0407061,7.124255544820189,0.14933256018496177,14.327932681822094,0.022783854282018488,16.776970116713006,2.03,bc040292,bc,G,V
188979650745,2456828.0261912,6.498676742165187,0.10859372730016578,14.427719067556097,0.01816318379756017,17.122844544117665,2.05,bc040626,bc,G,V
188979650745,2456829.0527435,6.021273615254494,0.07082803180694706,14.51056049797759,0.012785831705017736,17.586843459562818,1.50,bc040921,bc,G,V
188979650745,2456830.0341169,5.980733676131847,0.1045012194983359,14.5178952455698,0.018992365855834924,17.16455299726482,1.65,bc041258,bc,G,V
188979650745,2456834.9256418,6.244391627713184,0.08863818286783451,14.471056072600458,0.015429181365836606,17.343304283185415,1.68,bc042224,bc,G,V
188979650745,2456846.9004218,5.595359812648986,0.12607267043494602,14.590211356255299,0.02449092032161137,16.960804013597734,1.43,bc042802,bc,G,V
188979650745,2456849.8894157,7.076054539099092,0.18227299681112255,14.335303475516014,0.027999052512392018,16.560550558635292,1.60,bc043784,bc,G,V
188979650745,2456854.9870774,4.239519213264288,0.11210338817551985,14.8914898850078,0.02874182254091332,17.088309546763657,1.46,bc045044,bc,G,V
188979650745,2456855.8802198,5.239365366255116,0.09066813699320246,14.661584692126988,0.01880997333254113,17.318719663326537,1.47,bc045318,bc,G,V
188979650745,2456856.9813885,4.388184758544973,0.10702134941635509,14.854069142853202,0.02650926524616095,17.138680337107935,1.58,bc045692,bc,G,V
188979650745,2456857.9790725,4.809994163051959,0.17430870763124914,14.754420031127038,0.03939006579490082,16.609058686347414,1.58,bc046024,bc,B,V
188979650745,2456861.8842995,4.17663321283763,0.1578905689820857,14.90771556028221,0.0410905566590513,16.71646591921608,1.49,bc046407,bc,B,V
188979650745,2456862.8841125,4.816607093698991,0.09241289984739079,14.75292835215106,0.020854680946127416,17.298024897945176,1.50,bc046713,bc,G,V
188979650745,2456863.8756419,4.835919969100093,0.0919672583660465,14.748583642027896,0.020671229446761093,17.30327329384096,1.48,bc047050,bc,G,V
188979650745,2456864.8757562,5.635324386136927,0.08096321579100314,14.582484103537505,0.015616402782685368,17.441637019550058,1.45,bc047404,bc,G,V
188979650745,2456868.8628908,6.54329492220168,0.08472074952347565,14.420290165899225,0.014073608528435946,17.392381920390434,1.59,bc048616,bc,G,V
188979650745,2456873.8613316,5.097889565298196,0.09621763286741458,14.691305346545132,0.020515231295603797,17.25421972306045,1.59,bc049474,bc,G,V
188979650745,2456875.8849297,4.225354281311811,0.11646782927243444,14.895123582268294,0.029960911718193057,17.046841440763167,1.62,bc050134,bc,G,V
188979650745,2456881.8961961,5.900253040809981,0.11277856826241409,14.532604811059533,0.02077629542959471,17.08178995151126,1.49,bc050826,bc,G,V
188979650745,2456883.8359533,5.517996842618,0.08092912674133905,14.605327785414046,0.015941734766998464,17.442094258173874,1.53,bc051361,bc,G,V
188979650745,2456884.8613567,6.3526432443368686,0.1014221571790353,14.452395237911217,0.017353638627964747,17.19702428504466,1.44,bc051634,bc,G,V
188979650745,2456885.8380189,6.394906661564226,0.08678711306318823,14.445195879494943,0.014751398814610565,17.366218288715313,1.48,bc051979,bc,G,V
188979650745,2456886.8455778,6.45556175298906,0.07923302540354685,14.434946304816371,0.013340876750134217,17.465090795732856,1.65,bc052308,bc,G,V
188979650745,2456887.8395473,6.5408138408328504,0.08762943683645576,14.420701932562155,0.014562314443363603,17.35573134206589,1.65,bc052573,bc,G,V
188979650745,2456888.8263966,6.532779980436278,0.09104041386984604,14.422036325279832,0.015147758212277969,17.314270835279963,1.59,bc053453,bc,G,V
188979650745,2456889.8258138,6.1201878255643685,0.0916974658009771,14.492869527929862,0.016285637192863738,17.306463060059684,1.52,bc053074,bc,G,V
188979650745,2456890.8258842,5.886464599784203,0.06846249934256383,14.53514506304731,0.012641842806238698,17.623724519261017,1.45,bc052870,bc,G,V
188979650745,2456891.8233057,5.358620192091529,0.06096364769066549,14.637148963915937,0.012366025594456553,17.749679032110993,1.45,bc053819,bc,G,V
188979650745,2456892.8270863,4.953692924184264,0.07023440046648789,14.722458700802871,0.01541107630325273,17.59598169478334,1.54,bc054185,bc,G,V
188979650745,2456894.8196352,5.072257372877839,0.07943070300685483,14.69677819928037,0.017021557526099962,17.462385377878604,1.47,bc054701,bc,G,V
188979650745,2456896.8168588,4.42734628489671,0.08171439896743754,14.844422675389675,0.020061678748880984,17.43160991693853,1.46,bc055339,bc,G,V
188979650745,2456897.8069317,4.575590357519683,0.1001335815598965,14.808663564263629,0.023787280114084913,17.210907018152106,1.58,bc055705,bc,G,V
188979650745,2456898.8218996,4.351398021115493,0.09903807528659907,14.863209379767016,0.024739194463682605,17.222850914560837,1.59,bc056026,bc,G,V
188979650745,2456900.8115689,5.1115556929869035,0.08086360133366596,14.68839866198056,0.01719539492869739,17.442973695861564,1.53,bc056553,bc,G,V
188979650745,2456904.7961884,6.245992792480824,0.1045420194950615,14.470777707658426,0.018192885208374227,17.164129180313125,1.55,bc057529,bc,B,V
188979650745,2456907.8008068,6.57426176306377,0.165744722752598,14.415163924246784,0.027403427766134858,16.66375711985237,1.60,bc058158,bc,G,V
188979650745,2456909.8008534,5.398573643384336,0.11546596416937781,14.629083829327058,0.02324808200895869,17.056221427734023,1.57,bc058748,bc,G,V
188979650745,2456910.8039511,5.04317853234211,0.1269292229509262,14.703020547554317,0.027357061781772003,16.953452340306775,1.49,bc059109,bc,G,V
188979650745,2456911.7923742,4.74289590080056,0.10287732571936292,14.769672422849373,0.023576983865673185,17.18155722790939,1.44,bc059415,bc,B,V
188979650745,2456912.7912762,4.817699903287373,0.09538596519302654,14.752682044255645,0.021520725456186104,17.26364519715829,1.51,bc059787,bc,G,V
188979650745,2456913.7854836,4.793034201895704,0.0811860742218081,14.758255084467326,0.018411246223715476,17.43865254001027,1.67,bc060035,bc,G,V
188979650745,2456914.7832452,4.675336729853301,0.07562794345004856,14.785249166147647,0.01758253813759587,17.515650666699607,1.56,bc060407,bc,G,V
188979650745,2456916.7806366,4.625627603767071,0.09914671117487713,14.796854739471922,0.02329806321476315,17.221660612005742,1.36,bc060931,bc,G,V
188979650745,2456918.7748744,4.936050534711611,0.06811627610365009,14.726332411256067,0.014999731065713553,17.6292291507002,1.51,bc061660,bc,G,V
188979650745,2456919.7798936,5.5128143618265915,0.06947491506092397,14.606347983717763,0.013698304906774013,17.607786332458765,1.43,bc061994,bc,G,V
188979650745,2456920.7712491,6.041502762354454,0.10647458408879616,14.506918958534332,0.019156366905255816,17.144241512908827,1.47,bc062341,bc,G,V
188979650745,2456922.7653382,6.174968795869359,0.08945922267311561,14.483194486252911,0.01574717034672337,17.33329359319677,1.45,bc062786,bc,G,V
188979650745,2456923.7863423,6.624990064260901,0.08460761752417278,14.406818326311821,0.013881500313913202,17.393832728993605,1.64,bc062993,bc,G,V
188979650745,2456924.7641615,6.457472860369023,0.09864826308243244,14.434624930553717,0.016605005585661848,17.227132786289182,1.57,bc063209,bc,G,V
188979650745,2456927.7609621,5.534107018770964,0.0867383847707125,14.602162521293828,0.01703632631097587,17.366828067374797,1.48,bc063618,bc,B,V
188979650745,2456928.7575707,5.314084550450505,0.07124776480163604,14.646210254443323,0.014573201061302018,17.580428283363023,1.43,bc063749,bc,B,V
188979650745,2456932.748026,4.567479165517054,0.10863665073979442,14.810589967012538,0.02585306068016804,17.122415473989772,1.49,bc064749,bc,G,V
188979650745,2456937.7395718,4.725473490478204,0.14233295257276282,14.773668076636941,0.03273951940881478,16.829092747405973,1.49,bc065749,bc,B,V
188979650745,2456938.744741,5.887504725290371,0.21506835876240674,14.534953232766238,0.03970611763118365,16.380915091391262,1.51,bc066139,bc,B,V
188979650745,2456940.729656,6.042695086320351,0.11033017788577668,14.506704703634174,0.01984612903422372,17.1056205976922,1.50,bc066767,bc,G,V
188979650745,2457044.1738995,3.9585254257880926,0.21502810185835522,14.965947807572451,0.05904375304740989,16.381118340579988,1.45,bc090216,bc,G,V
188979650745,2457051.1738875,5.677366890555889,0.2751838489138708,14.574414002758601,0.052685141725078884,16.11329904191053,2.05,bb175863,bb,G,V
188979650745,2457052.1699051,6.138284428327064,0.13156067332349966,14.489663883593625,0.023296530739671636,16.914541174871513,2.36,bb176234,bb,G,V
188979650745,2457053.1612684,6.003669737537845,0.08879066359948123,14.513739420401492,0.016075433041488646,17.341438139151567,1.86,bc093513,bc,G,V
188979650745,2457053.1717114,5.937864733416662,0.170427210452279,14.525705654526176,0.031197572898620136,16.63350905483844,2.64,bb176572,bb,B,V
188979650745,2457054.1692666,6.098796261095118,0.12887176877110706,14.496671091068658,0.02296814052100491,16.936961920498362,2.58,bb176914,bb,G,V
188979650745,2457062.1382798,5.0327141180005865,0.11638695547047434,14.705275751731525,0.025137044808786632,17.047595624263685,1.55,bc095454,bc,G,V
188979650745,2457065.1542559,4.740941068504526,0.10558641977625122,14.770120012202705,0.024207819908439385,17.153336233492617,2.04,bb178972,bb,G,V
188979650745,2457066.1491762,4.970936408883631,0.09490500304744803,14.71868588595112,0.02075214879509246,17.269133625026324,1.67,bb179292,bb,G,V
188979650745,2457069.1342659,5.439619201811095,0.08702957993132306,14.620860159104561,0.017390439657811486,17.36318917541889,1.53,bc096628,bc,G,V
188979650745,2457069.1400786,5.618861787842391,0.0802900228523498,14.585660530773609,0.015531929288379464,17.450702439863097,1.77,bb179685,bb,G,V
188979650745,2457070.1539863,5.822637929206987,0.0980205020160931,14.54698194179904,0.018298239599632244,17.234064087577877,2.02,bb180074,bb,G,V
188979650745,2457071.1529039,6.510523419255917,0.08330495555750742,14.425741640870474,0.013908077570016613,17.410679301106377,1.70,bb180469,bb,G,V
188979650745,2457072.1446181,6.651710047894841,0.07783580601372467,14.402448130021337,0.012719155880556714,17.48440782610968,1.70,bb180863,bb,G,V
188979650745,2457074.1410725,6.283300053021619,0.069700248529289,14.464311905688678,0.012057539679219301,17.604270577029254,1.75,bb181344,bb,G,V
188979650745,2457078.1163918,5.165418080887676,0.1021768778793885,14.677017708525373,0.021501032838538034,17.188974823101727,1.50,bc099090,bc,G,V
188979650745,2457078.1281502,5.2185104173728325,0.06820646673158595,14.665915017622105,0.014206633293644662,17.627792512288583,1.68,bb182151,bb,G,V
188979650745,2457079.1248159,5.139049488336642,0.0769948484197769,14.682574404764052,0.01628512292402155,17.496202222879155,1.71,bb182536,bb,G,V
188979650745,2457081.0938662,4.824688092484913,0.10151572901087424,14.751108298965745,0.022870532061823032,17.19602304930026,1.38,bc100014,bc,G,V
188979650745,2457081.1197306,4.477325814781473,0.08228405993761843,14.83223465671276,0.019976030176113765,17.424067114018712,1.73,bb183075,bb,G,V
188979650745,2457083.1145737,4.249119746669314,0.09299563301662078,14.889033978661345,0.023788976500346542,17.291200006198387,1.69,bb183295,bb,G,V
188979650745,2457084.1118055,4.553631520600054,0.08931608934333453,14.813886692928023,0.02131984227726429,17.33503214501026,2.08,bb183559,bb,G,V
188979650745,2457085.1021835,4.489555094605786,0.23557634949945677,14.82927314083452,0.05703488298062978,16.282027174542208,1.65,bc100898,bc,B,V
188979650745,2457085.1092792,4.050347440326564,0.1532424493277342,14.941050707625585,0.04112434356758026,16.748908681558664,2.16,bb183946,bb,B,V
188979650745,2457098.1441369,4.4135564307613375,0.08180090671351596,14.84780969513565,0.020145664937401227,17.43046109970358,1.67,bb185809,bb,G,V
188979650745,2457098.1505598,4.517266613756334,0.13401618185610564,14.822592094946515,0.03224732461959769,16.894463292046353,1.40,bc102777,bc,G,V
188979650745,2457099.1343857,4.313364173157198,0.08373957880376981,14.872741087626572,0.02110215545325072,17.4050294633487,1.60,bb186152,bb,G,V
188979650745,2457101.1132945,4.504452058016396,0.09765836725226794,14.825676482074492,0.023565662997419648,17.23808274605064,1.46,bc103767,bc,G,V
188979650745,2457103.0882026,4.693462210793274,0.0823172241998421,14.781048090734913,0.01906380400586153,17.42362960053422,1.43,bc104328,bc,G,V
188979650745,2457103.1043646,4.977849336839984,0.10763318539291263,14.71717703500933,0.02350263836885268,17.132490910262536,1.66,bb187377,bb,G,V
188979650745,2457106.0951967,6.081203381317275,0.0897890699372799,14.499807583739475,0.016048931277163836,17.32929771110761,1.61,bb188285,bb,G,V
188979650745,2457107.0408443,5.600638018261119,0.09010533095180039,14.589187644132384,0.017487396400585564,17.325480178314162,1.45,bc105562,bc,G,V
188979650745,2457107.0924951,6.048608804854423,0.0668379320949811,14.505642661213118,0.012011014190881429,17.64979888179769,1.71,bb188632,bb,G,V
188979650745,2457110.1183385,5.926223979664329,0.05938681918857236,14.52783625084268,0.010892414907682502,17.778131231934342,1.76,bb189401,bb,G,V
188979650745,2457112.0321558,6.155382949141697,0.10485986588798432,14.486643711581992,0.018516819511859645,17.160833148849544,1.41,bc106973,bc,G,V
188979650745,2457113.0354995,5.739846018229466,0.14567621981163456,14.562530799972514,0.027586753491934717,16.803884735382358,1.69,bb190334,bb,G,V
188979650745,2457114.029339,5.64391324715163,0.12459876399908663,14.58083058058376,0.02399637152427751,16.973572058154755,1.47,bc107672,bc,G,V
188979650745,2457115.0102143,6.132429018280913,0.19331196252139118,14.490700079441732,0.03426402454336428,16.496709569052015,1.51,bc108009,bc,G,V
188979650745,2457115.0263937,5.630728041155555,0.11829983075859583,14.58337002493099,0.022836615731365025,17.029896085375512,2.07,bb191028,bb,G,V
188979650745,2457121.08527,5.365601387554179,0.1625943344913448,14.63573539041213,0.03293814793680783,16.684592871743583,1.46,bc109400,bc,G,V
188979650745,2457123.1150273,6.030278549200944,0.12052717698466908,14.508937970938211,0.021724999931827686,17.00964393233952,1.67,bb193066,bb,G,V
188979650745,2457125.0707114,6.318315505542522,0.10242254448666482,14.458278132924427,0.017620021128295537,17.186367491615457,2.05,bb193406,bb,G,V
188979650745,2457126.0098169,6.138874961953911,0.16062477921092488,14.489559435370886,0.02844041496174287,16.69782503440164,1.41,bc110715,bc,B,V
188979650745,2457126.093471,6.731369474323145,0.10276975084618971,14.389522832130492,0.016594877364238536,17.182693134600896,1.68,bb193754,bb,G,V
188979650745,2457131.0632535,5.114248434966734,0.09345459772123986,14.687826852176935,0.019862368004081775,17.28585471270054,1.47,bc111674,bc,G,V
188979650745,2457131.1139523,4.825304091000195,0.06465436739469234,14.750969684990043,0.014564156988500103,17.685861726809478,1.69,bb194692,bb,G,V
188979650745,2457131.9673978,6.53065474769293,0.09186952180688512,14.422389592579187,0.015290683665726737,17.30442775412587,1.46,bc111949,bc,G,V
188979650745,2457132.9830684,6.177188985268815,0.0795013184654096,14.482804183589833,0.013989288137195627,17.461420565824955,1.68,bb195284,bb,G,V
188979650745,2457133.0247572,5.501530787030151,0.10632061966029083,14.608572535390287,0.021006133639667184,17.145812645908993,1.50,bc112323,bc,G,V
188979650745,2457136.9581098,5.119472785739271,0.07107204376369682,14.686718307757847,0.015089878336197392,17.583109382947132,1.45,bc113265,bc,G,V
188979650745,2457136.9773448,5.094036244046023,0.07285647151691899,14.692126327912078,0.015545986143851394,17.5561860580015,1.71,bb196264,bb,G,V
188979650745,2457137.9751394,4.661701468720107,0.08283455809232855,14.788420258925177,0.019314313399943137,17.416827494418186,2.00,bb196600,bb,G,V
188979650745,2457144.9673603,5.935058425416545,0.17816379748509234,14.526218908122345,0.03262921570997664,16.585307741362826,1.45,bc114533,bc,G,V
188979650745,2457148.1270934,4.421993035882512,0.14824724362298805,14.845736268815376,0.03644019947075689,16.784889825609042,1.64,bb197763,bb,G,V
188979650745,2457150.0424507,4.752611646605358,0.14103693297933162,14.767450584657983,0.03225616261271153,16.83902425585425,1.58,bc115415,bc,G,V
188979650745,2457151.0434585,4.740042005786019,0.13052996949587536,14.770325928601693,0.029932308923161986,16.92308080237645,1.72,bb198655,bb,G,V
188979650745,2457153.9573051,4.982613507228886,0.07005200235245704,14.716138402015599,0.015281835668654096,17.59880500971188,1.73,bb199173,bb,G,V
188979650745,2457154.0215038,4.700529888255207,0.1145741952077555,14.77941435830871,0.0264942829137736,17.06463935528808,1.40,bc116252,bc,G,V
188979650745,2457155.9677728,4.512615009819095,0.12214782432402439,14.823710695491265,0.029421826142125615,16.99514205417706,1.41,bc116778,bc,G,V
188979650745,2457160.9406926,5.049513870251863,0.08512695184151542,14.70165748081909,0.018324396735500566,17.38718868668228,1.42,bc117729,bc,G,V
188979650745,2457160.9629966,5.404079944593333,0.06112718482589628,14.627976991817928,0.012294894391511654,17.746770405950073,1.63,bb200713,bb,G,V
188979650745,2457163.9955222,6.677071514517004,0.10587473239854837,14.39831633513525,0.017235285052403987,17.15037557955626,1.40,bc118657,bc,G,V
188979650745,2457166.8917844,5.970797827145643,0.08350056883877467,14.519700489266247,0.015200897852477134,17.40813280847993,1.71,bb202238,bb,G,V
188979650745,2457167.8918581,6.351016507763242,0.09010576342161887,14.452673300585708,0.01542131831616126,17.3254749672239,1.51,bc119518,bc,G,V
188979650745,2457171.906232,5.004388259318256,0.09797267207343983,14.71140391318543,0.021279730777112392,17.23459401114978,1.43,bc120210,bc,G,V
188979650745,2457172.9476588,4.674463779333518,0.09611751585474465,14.785451907155032,0.02235027708923119,17.255350048702,1.67,bb203515,bb,G,V
188979650745,2457173.8456037,5.686274576667453,0.15690208815052634,14.572711837247532,0.029992527742065886,16.723284584961092,1.46,bc120680,bc,G,V
188979650745,2457177.9270189,5.064089183476324,0.12596221269729593,14.698528040967584,0.02703653976528698,16.961755691167525,1.49,bc121440,bc,G,V
188979650745,2457178.9371293,5.800055123203436,0.17199157904847168,14.55120110182115,0.032231998586195215,16.623588434290482,1.70,bb204723,bb,G,V
188979650745,2457180.8573869,4.7855761692749095,0.08486595776866812,14.75994582192406,0.019275757611495317,17.39052260146053,1.46,bc122346,bc,G,V
188979650745,2457180.9696123,6.238309174634337,0.08883241538305275,14.472114167342722,0.015478067941079306,17.340927716473036,1.64,bb205340,bb,G,V
188979650745,2457181.8959979,6.046492664229336,0.09525681959179554,14.506022578739291,0.01712398030480812,17.265116200391365,1.68,bb205614,bb,G,V
188979650745,2457188.9038449,5.233647910958699,0.09284244709996235,14.662770148244874,0.019282096366898812,17.2929899464877,1.41,bc123826,bc,G,V
188979650745,2457189.9966036,4.250045601876194,0.1006425515033146,14.888797429663596,0.025739506812044986,17.205402297346765,1.67,bb207141,bb,B,V
188979650745,2457190.9810331,4.223920129975356,0.0860983767306076,14.895492160673552,0.02215600419012481,17.37486898494947,2.16,bb207438,bb,G,V
188979650745,2457191.9240129,4.47246357729102,0.10926020131128343,14.833414373367003,0.026553841373877358,17.11620140276607,1.46,bc124709,bc,G,V
188979650745,2457193.9817063,5.727169303791951,0.0696020743001444,14.56493135025392,0.013209741946518461,17.605800936759643,2.00,bb208193,bb,G,V
188979650745,2457196.0045211,6.7055313941102295,0.10469522997942607,14.393698404161608,0.016970938816432985,17.16253915559266,1.47,bc125836,bc,G,V
188979650745,2457196.9495021,5.983305492630437,0.06426512736904579,14.517428461018508,0.011674717160976946,17.692417962127102,2.07,bb209058,bb,G,V
188979650745,2457199.8488603,5.758670269599583,0.13183527226676023,14.558975873582492,0.024884079531709836,16.912277342587895,1.44,bc126655,bc,G,V
188979650745,2457201.7888442,4.624666328532258,0.11364796658597093,14.797080395291415,0.026711202427920248,17.073452219577977,1.74,bb210180,bb,G,V
188979650745,2457202.7607131,5.177324159708172,0.20302467289974768,14.674518010429562,0.04262414047776629,16.443484345038133,1.43,bc127516,bc,G,V
188979650745,2457205.0465803,4.715887995073057,0.2167247398952266,14.775872699983621,0.0499524945667595,16.372585167676654,1.64,bb211180,bb,G,V
188979650745,2457209.0089054,5.850681940857271,0.12079509980024136,14.541765181238631,0.02244166113442203,17.007233101277073,1.62,bc129089,bc,G,V
188979650745,2457209.0337067,5.7499377933888285,0.11620981175727225,14.560623538938177,0.021968065971927277,17.04924939944162,1.71,bb212037,bb,G,V
188979650745,2457210.8613656,4.504303556685243,0.09943040598010594,14.825712276867602,0.023994059654092244,17.21855836200728,1.55,bc129590,bc,G,V
188979650745,2457210.9830165,6.247843805822454,0.10660262209544978,14.470455995076485,0.018545984650441796,17.142936675862856,1.74,bb212598,bb,G,V
188979650745,2457212.8348901,4.37297909063252,0.09298186144123775,14.857837902582144,0.023111759421282508,17.29136080305245,1.76,bb212927,bb,G,V
188979650745,2457215.9208138,6.381599155347431,0.1124240172822247,14.447457600614388,0.019148808286184805,17.085208643643426,1.46,bc130469,bc,G,V
188979650745,2457221.8796047,5.902576686120264,0.07399996899724878,14.532177309192377,0.013627056993464053,17.539277549225403,1.50,bc131389,bc,G,V
188979650745,2457221.8918381,5.564464229872333,0.06898005673218525,14.596223017077126,0.013474490883141902,17.615547525641684,1.62,bb214329,bb,G,V
188979650745,2457226.8454568,4.62755041872086,0.10931877066395215,14.796403506428451,0.0256776782465684,17.115619545621907,1.52,bc132129,bc,G,V
188979650745,2457227.915728,4.795855418628562,0.07570919584363099,14.75761619980853,0.01715910864581327,17.514484810462015,1.63,bb215417,bb,G,V
188979650745,2457229.8385644,4.410477827672722,0.10020793473552346,14.84856729667506,0.02469611512552623,17.210101114913314,1.45,bc133022,bc,G,V
188979650745,2457231.8999878,5.843013733103145,0.10451975554116084,14.543189136882727,0.019443464473205763,17.164360430439054,1.64,bb216488,bb,G,V
188979650745,2457233.8507128,6.132436720632114,0.17000625540322326,14.490698715754313,0.03013311289870664,16.63619413968536,1.48,bc134192,bc,G,V
188979650745,2457235.9549506,5.196289659429547,0.17841281197506895,14.670548024079554,0.03732027701462044,16.58379129814106,1.73,bb217510,bb,G,V
188979650745,2457237.8276435,6.634015356661184,0.11797261899834978,14.405340223253578,0.019329335359187204,17.03290334146662,1.63,bb217836,bb,G,V
188979650745,2457237.9296207,5.314542655490529,0.1505693755729702,14.646116661692687,0.030795192618154374,16.768014770325493,1.52,bc134982,bc,G,V
188979650745,2457240.7736307,6.585748339391378,0.0805853226947022,14.413268576924462,0.01330034759080299,17.446716520341322,2.00,bb218318,bb,G,V
188979650745,2457242.9080814,4.497340323105593,0.08696292960464763,14.827392022569285,0.021017960993007397,17.364020989115502,1.47,bc136067,bc,G,V
188979650745,2457243.7788674,5.611698594746825,0.06693647721669914,14.587045562130061,0.0129652438071144,17.648199263061105,2.05,bb219253,bb,G,V
188979650745,2457244.9087748,4.670367789046585,0.08478397003586992,14.786403698570664,0.019732169570361984,17.391572021969303,1.43,bc136757,bc,G,V
188979650745,2457246.8357539,4.4633578421913125,0.08300041275114617,14.835627136856015,0.02021299728515718,17.414655763486774,1.69,bb220315,bb,G,V
188979650745,2457246.8971605,5.056444137768373,0.0845723133862116,14.700168370429978,0.018180054023948806,17.39428586762668,1.41,bc137434,bc,G,V
188979650745,2457248.9029398,5.908620567060575,0.08835416752660927,14.531066149876988,0.01625373258037049,17.34678879539927,1.46,bc137959,bc,G,V
188979650745,2457251.8295107,6.136997223994398,0.07789421800603821,14.489891587428305,0.01379626308716579,17.483593339394993,1.80,bb221293,bb,G,V
188979650745,2457251.8528185,6.287286329644966,0.10608165244531735,14.463623306944678,0.018339572578176606,17.148255703263757,1.45,bc138386,bc,G,V
188979650745,2457263.8551119,4.6732977634434025,0.1928257123635861,14.785722771076408,0.04484909291509816,16.499444032505323,1.54,bc140132,bc,B,V
188979650745,2457263.8818266,4.637208940741016,0.16441087472566474,14.79413974318672,0.038537722757719724,16.67253004380019,2.03,bb223063,bb,G,V
188979650745,2457264.7705461,4.886144706574006,0.1214081911220511,14.737365592614413,0.027008087778307693,17.001736422316874,2.10,bb223380,bb,G,V
188979650745,2457264.846672,4.600848831859772,0.14177995452053543,14.802686494343302,0.033495698696033645,16.833319311913886,1.44,bc140530,bc,G,V
188979650745,2457268.7704292,5.007210176445389,0.07744656593090858,14.710791851546611,0.01681196653595648,17.489850980153584,1.77,bb224142,bb,G,V
188979650745,2457270.8302156,6.1537466616525816,0.0892008527359933,14.486932371566079,0.01575584013399113,17.336433878342962,1.45,bc141650,bc,G,V
188979650745,2457272.8395334,5.899802159544278,0.05728229713909469,14.532687783233163,0.010553466840377432,17.81730532927743,1.98,bb225270,bb,G,V
188979650745,2457274.839793,5.298887934768777,0.06522541908317493,14.64931956752876,0.013379636544194742,17.676314198204686,1.38,bc142862,bc,G,V
188979650745,2457277.8000807,5.174366414596273,0.06078678014691558,14.675138456146477,0.012769213044099403,17.752833544734756,2.04,bb226801,bb,G,V
188979650745,2457277.8128403,4.811475171140865,0.08126544441454553,14.754085781947728,0.018358611788798725,17.437591606884943,1.43,bc143902,bc,G,V
188979650745,2457285.7803458,5.430537154095851,0.09446965201809654,14.622674431133298,0.018908701193591688,17.274125604622164,1.61,bb227893,bb,G,V
188979650745,2457288.7781387,6.194457901065936,0.10606086027708843,14.479773140197274,0.018610755875765345,17.14846853009987,1.41,bc145339,bc,G,V
188979650745,2457296.7665476,4.5305312949004515,0.08666680122507427,14.819408567854852,0.020792935459004094,17.367724474839576,1.47,bc146668,bc,G,V
188979650745,2457300.7756446,4.489410857884465,0.09897586305485119,14.8293080230317,0.023963603075733055,17.22353315011633,2.09,bb230287,bb,B,V
188979650745,2457302.7324906,4.616048959813649,0.08218384833542046,14.799105388298507,0.019352106250929174,17.425390209560575,1.85,bc147896,bc,G,V
188979650745,2457303.7600652,5.569418673524309,0.056985948307317034,14.595256737972324,0.011121672079454388,17.82293694418533,2.15,bb231212,bb,G,V
188979650745,2457304.7330464,4.923283117361023,0.07287707917609125,14.729144377154874,0.016089713836772348,17.55587899786742,1.51,bc148705,bc,G,V
188979650745,2457305.7246762,5.853739158095927,0.08202549235283914,14.541197988467754,0.015230973135943857,17.42748427894915,1.68,bc149086,bc,G,V
188979650745,2457308.7153253,6.3016475175060425,0.07909940478075005,14.461146136350676,0.013643672333825862,17.46692335501519,1.62,bc149873,bc,G,V
188979650745,2457308.7343507,6.43510163257546,0.07425489261711235,14.438392878739927,0.01254243435606883,17.535543707740512,1.69,bb232786,bb,G,V
188979650745,2457310.7105044,6.412411949185504,0.08941342559562623,14.442227867695049,0.015156310426148959,17.333849559093963,1.72,bc150648,bc,G,V
188979650745,2457315.7194014,4.634714210606322,0.21043719533417507,14.79472400577162,0.04935279102248016,16.40455013124772,1.85,bb234941,bb,B,V
188979650745,2457317.6982898,4.426058451775922,0.11484038763450169,14.844738541905748,0.02820263438868181,17.062119769294263,1.79,bc152668,bc,G,V
188979650745,2457317.7178383,4.284965300373436,0.1363116541747827,14.879913131119448,0.034577839284116584,16.87602392343308,1.78,bb235577,bb,G,V
188979650745,2457320.6980324,4.198716785630842,0.138085848107166,14.901989951183578,0.03574742494507451,16.86198346449865,2.08,bb236930,bb,G,V
188979650745,2457327.6915566,6.1697663010989094,0.15876971451506064,14.484109619257772,0.027971201537417587,16.710437233987157,2.02,bb238999,bb,G,V
188979650745,2457415.1696814,5.173512019623615,0.16436514221160475,14.675317748464797,0.03453316868614933,16.672832094095906,1.62,bc182131,bc,G,V
188979650745,2457416.1662195,5.743192333242592,0.1341475361968854,14.561898003084806,0.02538876131667268,16.893399642005413,1.43,bc182560,bc,G,V
188979650745,2457421.1720133,7.0896380975829265,0.1812444404762811,14.333221238362643,0.02778771270028837,16.56669465912114,1.52,bc184677,bc,G,V
188979650745,2457423.1639948,5.7913217687163305,0.0894952070197022,14.552837166464423,0.016797097937112346,17.33285695121493,1.51,bc185500,bc,G,V
188979650745,2457427.1503086,4.730337987402636,0.08498217218889052,14.772550972957987,0.019527553113174577,17.389036824451708,1.81,bc186692,bc,G,V
188979650745,2457428.1705958,4.851955627585768,0.14634301151009374,14.744989353329274,0.032784407562892366,16.798926423952118,1.71,bb270038,bb,G,V
188979650745,2457432.1409852,4.557441769526107,0.10060744364076232,14.812978583571947,0.0239950223241579,17.205781108564167,1.55,bc188665,bc,G,V
188979650745,2457433.1374523,4.974433199309915,0.08510806813748029,14.717922396554087,0.01859684631557338,17.387429562164158,1.44,bc189083,bc,G,V
188979650745,2457433.1557851,5.458341536509357,0.057544028413271955,14.617129637935342,0.011459132147115058,17.812355739345605,2.31,bb272716,bb,G,V
188979650745,2457434.1336353,5.474905268589523,0.06082640793796511,14.613839881894027,0.012076128728921201,17.752125968037564,1.56,bc189502,bc,G,V
188979650745,2457440.1162812,6.360214963661388,0.1987196936761326,14.451101918873048,0.033961063937834254,16.466754121082918,1.41,bc191560,bc,G,V
188979650745,2457440.1326041,6.53829371696465,0.1486187867742132,14.421120338748654,0.024707082081375644,16.782172114451587,1.63,bb274475,bb,G,V
188979650745,2457442.1331672,5.1843421416001565,0.14519499460978366,14.673047266638353,0.03044178837052421,16.807477281327706,1.47,bc192380,bc,G,V
188979650745,2457444.1135396,5.195764420337023,0.1391224811904635,14.670657775452096,0.029104492816996293,16.853863107372774,1.55,bc193143,bc,G,V
188979650745,2457445.1253002,4.6535661043595,0.1062645717276442,14.790316685796778,0.024820743206155908,17.14638515305955,1.72,bb276459,bb,G,V
188979650745,2457447.1032014,4.4615410271000675,0.1374607310427517,14.83606917703553,0.03348928927973216,16.866909770573876,1.45,bc194310,bc,G,V
188979650745,2457450.1302312,4.669005397166172,0.11296075079798475,14.78672046462565,0.026297554690114716,17.0800374679961,1.41,bc195482,bc,G,V
188979650745,2457451.1152666,5.271214969651559,0.07160004848577589,14.65500458479646,0.014764364592703486,17.575073102673443,1.78,bb278785,bb,G,V
188979650745,2457453.0817184,5.369049360473958,0.06847770396969004,14.635037912823217,0.01386321524095758,17.623483418199104,1.43,bc196680,bc,G,V
188979650745,2457454.1083692,6.1465891678098155,0.06948619866809007,14.488195938867863,0.012287868076280437,17.60761000944985,1.77,bb280016,bb,G,V
188979650745,2457455.0744924,5.921904966223768,0.07049356706755826,14.52862782046357,0.012938985495675362,17.591982676181864,1.63,bc197497,bc,G,V
188979650745,2457458.1132393,5.945051147770527,0.07036842500900424,14.524392416045712,0.012865729257305362,17.593911816859954,1.54,bc198383,bc,G,V
188979650745,2457459.086916,5.998810189162365,0.05800440210812163,14.514618603358775,0.010510128037540962,17.803704007238657,1.96,bb281654,bb,G,V
188979650745,2457460.102578,5.418516016544384,0.075177902846937,14.625080500934622,0.01508071795684422,17.522130877366884,1.47,bc199168,bc,G,V
188979650745,2457463.0953955,4.68132915908759,0.08265342077747201,14.783858457461264,0.019191274893310867,17.419204312609526,1.43,bc200172,bc,G,V
188979650745,2457465.1261582,4.652159382230879,0.06733454013955281,14.790644941591324,0.01573241833083867,17.641761647530885,2.03,bb283753,bb,G,V
188979650745,2457467.1195693,5.41740848532622,0.0875267919127302,14.625302445401925,0.01756149966430249,17.357003866868197,2.10,bb284548,bb,G,V
188979650745,2457468.0397115,4.414993254040729,0.12960244151950054,14.847456293699683,0.03190768613610113,16.93082343597363,1.43,bc201924,bc,G,V
188979650745,2457470.0555296,5.265527273837375,0.19510768179828125,14.656176737958074,0.0402758463004772,16.486670471639545,2.06,bb285334,bb,B,V
188979650745,2457472.0673127,6.4389324924563685,0.19502608232104698,14.437746724884747,0.03292236288180513,16.48712465180114,2.14,bb285950,bb,G,V
188979650745,2457472.089815,6.128598176887641,0.1271828075867109,14.491378535376052,0.022556900969753827,16.951285373942735,1.55,bc203060,bc,G,V
188979650745,2457479.1065433,4.809854610292129,0.08547428117309358,14.754451532138624,0.019315932577932016,17.382767750858584,1.74,bb287823,bb,G,V
188979650745,2457479.1139356,4.812491881499382,0.08787258104072351,14.75385637982196,0.019847030892965665,17.35272293637752,1.40,bc204921,bc,G,V
188979650745,2457483.0316025,4.6260407578854865,0.08020392312809636,14.796757767473515,0.018845094947454902,17.451867363514747,1.46,bc205802,bc,G,V
188979650745,2457483.0962249,4.515380700374585,0.07202109539390923,14.823045473539997,0.017337142654374953,17.56870708762333,2.03,bb289251,bb,G,V
188979650745,2457488.0101386,4.250613371839996,0.08008210777090034,14.888652394223758,0.020478401986138733,17.45351765541261,1.44,bc206693,bc,G,V
188979650745,2457489.0368914,5.830360689246661,0.06704618844900626,14.545542847591989,0.01249944826343401,17.646421160154798,1.76,bb290499,bb,G,V
188979650745,2457490.0183878,5.850588896454765,0.07949779377955508,14.541782448025778,0.014769563704077969,17.461468702937033,1.41,bc207472,bc,G,V
188979650745,2457493.0569875,6.477917057114511,0.08311755004682453,14.43119294694787,0.013946637830929153,17.413124559735145,1.50,bc208563,bc,G,V
188979650745,2457494.9666465,6.339924197751821,0.10201913549295132,14.45457124115923,0.01749080291931154,17.19065229614559,1.48,bc209259,bc,G,V
188979650745,2457494.9929644,6.220352615949111,0.10961650504990826,14.475243893424867,0.019154601420625132,17.112666515778198,2.00,bb292679,bb,G,V
188979650745,2457496.0692078,5.046440015934613,0.07074583284364533,14.702318615975042,0.015237998302259621,17.588104234645833,1.56,bc209655,bc,G,V
188979650745,2457496.104402,4.665097125398587,0.06656600927866746,14.78762967949528,0.0155097216556693,17.65422509068506,1.70,bb293081,bb,G,V
188979650745,2457498.9525172,5.897266069014278,0.1422817168893126,14.533154598427586,0.026224701122045384,16.82948365091916,1.43,bc210103,bc,G,V
188979650745,2457500.1170722,5.33829766168561,0.10062390161245705,14.641274438914046,0.020488517694601752,17.205603511821042,1.44,bc210607,bc,G,V
188979650745,2457500.9721669,4.985895470565404,0.18898348381679295,14.71542348134816,0.04119958620238585,16.5212967668504,1.81,bb294266,bb,G,V
188979650745,2457504.0185509,4.691015327863776,0.12475050631200228,14.781614274506918,0.028905975987897497,16.972250601363974,1.44,bc211892,bc,G,V
188979650745,2457504.0337843,4.411584969573461,0.162586691650441,14.848294783527203,0.040059222718433256,16.684643908602506,1.67,bb295295,bb,G,V
188979650745,2457506.0609527,6.559072107120871,0.14207166473028054,14.417675391161673,0.02354383669075097,16.83108772029321,1.65,bb296056,bb,G,V
188979650745,2457506.0762093,6.579689764002058,0.12722233694405574,14.41426786233557,0.0210169709837692,16.95094797153018,1.57,bc212677,bc,G,V
188979650745,2457509.024007,6.136916380572963,0.06747610362890884,14.489905890059463,0.011951212360195182,17.639481402323767,1.67,bb297066,bb,G,V
188979650745,2457509.0388446,6.540748832988715,0.09065833117769209,14.420712723531357,0.01506580772931942,17.31883709272374,1.50,bc213687,bc,G,V
188979650745,2457512.0588359,5.326775221573728,0.06385642029692697,14.643620477314553,0.01303023867340017,17.69934497134041,1.46,bc214603,bc,G,V
188979650745,2457513.0577309,5.012386718177063,0.05953830237534303,14.709669978215242,0.012911123921358491,17.775365275220118,1.74,bb298362,bb,G,V
188979650745,2457514.9960156,5.191960444744739,0.07186030744270462,14.671452966749676,0.015044226677051846,17.57113371634866,1.45,bc215663,bc,G,V
188979650745,2457520.9635086,4.497826187419346,0.0911299877549887,14.827274732805735,0.02202271283700384,17.31320311388208,1.45,bc216304,bc,G,V
188979650745,2457524.0024328,5.928758549064341,0.08345816542481925,14.527371994772068,0.015300909364104045,17.408684309099886,1.72,bb300398,bb,G,V
188979650745,2457526.9092474,5.109193535920616,0.11931474789419452,14.68890051941516,0.02538364273176556,17.02062107383027,1.48,bc217636,bc,B,V
188979650745,2457527.8981702,5.506693602456383,0.10110618140570643,14.607554123003439,0.01995717052752849,17.200412123187984,1.75,bb301214,bb,G,V
188979650745,2457529.0271538,6.106873541278517,0.1179608884989385,14.49523408729037,0.020995744581476985,17.033011306020335,1.48,bc218285,bc,G,V
188979650745,2457531.9603176,5.933971469615076,0.15023453654009628,14.52641776974463,0.02751924408785642,16.770431939758964,1.66,bc219158,bc,G,V
188979650745,2457532.0205829,5.0301184529381215,0.1323852905264799,14.705835873859442,0.028607090720902555,16.90775706154596,1.99,bb302584,bb,G,V
188979650745,2457536.0219358,4.307483527884714,0.10175725926172705,14.874222341139316,0.025677571573477182,17.193442890829267,1.42,bc219927,bc,G,V
188979650745,2457538.0188119,4.902478339398355,0.07453745661405199,14.733742195761037,0.016526125965593587,17.531419969765732,1.63,bb303846,bb,G,V
188979650745,2457538.9813082,4.733158280318352,0.08271944703640863,14.771903834917111,0.01899628896940912,17.41833733721569,1.39,bc220791,bc,G,V
188979650745,2457542.9562254,5.866906173426817,0.07256237898692097,14.538758547487676,0.013443567826255443,17.560577611663042,1.46,bc221706,bc,G,V
188979650745,2457544.0309717,6.435958060290732,0.11220351316365236,14.438248391090768,0.018949834547207254,17.08734025575043,1.62,bb305483,bb,B,V
188979650745,2457545.0511796,5.503053642549798,0.06385655047082578,14.608272038921124,0.01261286887217544,17.69934275802544,1.76,bb305841,bb,G,V
188979650745,2457549.0335988,4.815295229242457,0.06662503525407791,14.753224106550814,0.015039268234423989,17.653262764082026,1.49,bc223540,bc,G,V
188979650745,2457549.9429841,5.696934469918029,0.0526939838445589,14.57067834469251,0.010053840306343527,17.90795380878872,1.72,bb307168,bb,G,V
188979650745,2457550.9624808,5.197983436908593,0.0702678136800847,14.670194176238338,0.014693786402932946,17.595465291015277,1.43,bc224152,bc,G,V
188979650745,2457555.9493777,4.794226525861601,0.367519370709878,14.75798502832908,0.08332471874319089,15.799155808114797,1.41,bc224852,bc,B,V
188979650745,2457558.8063468,5.019192178326359,0.17175918244919489,14.708196843091867,0.037196177571743545,16.62505648305372,1.45,bc225512,bc,G,V
188979650745,2457558.9981359,6.307140242153387,0.15557987481654262,14.460200184923258,0.02681224026904805,16.7324728494046,1.74,bb309040,bb,G,V
188979650745,2457562.0099831,6.183883805243312,0.15476341420570996,14.481628102959199,0.027203147357794184,16.738185638573565,1.49,bc226663,bc,G,V
188979650745,2457565.8887339,6.657021018024696,0.11804167791784058,14.401581584168106,0.01927381201027038,17.032267958167626,1.71,bb310747,bb,B,V
188979650745,2457567.030451,5.271807268990986,0.47191101576146577,14.654882593051969,0.09729998273640224,15.52770610581554,1.42,bc227799,bc,B,V
188979650745,2457568.0253905,4.446269113232999,0.12262836394426727,14.839792041754478,0.029978324870781618,16.990879058356388,1.42,bc228107,bc,B,V
188979650745,2457568.8250111,6.442381035177114,0.069378047848269,14.43716538544805,0.011705442624775178,17.609301204805625,1.68,bb311677,bb,G,V
188979650745,2457569.0223024,4.200307159488673,0.08693156149579466,14.901578778050018,0.022496170904873342,17.36441269205687,1.40,bc228439,bc,G,V
188979650745,2457570.9385913,4.6327057564266365,0.07980492735621242,14.795194611713809,0.018724367749110318,17.457282127156326,1.68,bc228802,bc,G,V
188979650745,2457574.9144237,4.557990076012816,0.06866315458964385,14.812847966347283,0.016374292712300682,17.62054701285463,1.64,bb312847,bb,G,V
188979650745,2457576.0067816,6.225373598316052,0.07888041245471068,14.474367855732709,0.013772599732538566,17.46993346166554,1.38,bc229830,bc,G,V
188979650745,2457576.7538136,5.39609172923843,0.09454753334938465,14.62958309521438,0.01904509099272961,17.273230886126857,1.96,bb313364,bb,G,V
188979650745,2457577.9573626,6.504704602215001,0.08994192479071829,14.426712457630762,0.015029577468552697,17.327450950188997,1.66,bc230497,bc,G,V
188979650745,2457578.0176303,6.230043109526106,0.08158003135009802,14.473553774961951,0.014233279860308515,17.433396723990498,1.69,bb313923,bb,B,V
188979650745,2457580.9529834,6.069052224035734,0.08145041582362597,14.501979218018965,0.014587625449527361,17.435123129111503,1.42,bc231119,bc,G,V
188979650745,2457583.7835986,5.538966955903485,0.09998416407641021,14.601209468862585,0.01962070546343643,17.212528343648007,1.42,bc231926,bc,G,V
188979650745,2457583.9714066,4.992832861228532,0.08255622835058603,14.713913834593068,0.017972768828831625,17.420481784590482,1.64,bb315359,bb,G,V
188979650745,2457586.748559,6.0602544511481105,0.2393839458244889,14.503554256473556,0.04293548120975023,16.264618840464475,1.71,bb315798,bb,G,V
188979650745,2457591.8380579,4.47879427612243,0.09678492660546252,14.83187861824046,0.023488689297631593,17.24783708103117,1.71,bb316835,bb,G,V
188979650745,2457591.9129784,4.768730511010476,0.10521217085981843,14.763774453479513,0.023981446428638437,17.157191439771367,1.49,bc233514,bc,G,V
188979650745,2457595.8108952,4.434445079857495,0.08417032108796392,14.842683203079748,0.020631550914681558,17.399458933927022,1.52,bc234124,bc,G,V
188979650745,2457598.9641665,5.512427406978165,0.05777166113585357,14.60642419626666,0.01139158472433156,17.80806925568878,2.05,bb318574,bb,G,V
188979650745,2457600.9557192,5.047749308156005,0.063628645640057,14.702036959681564,0.0137014671541114,17.703224695648842,1.67,bb319105,bb,G,V
188979650745,2457601.8856316,5.680434499939918,0.06611596410202682,14.573827513430825,0.012651352352100602,17.661590555691692,1.39,bc235918,bc,G,V
188979650745,2457603.9235565,4.6428047712271905,0.08782549917532263,14.792830349326005,0.020561385586406817,17.35330482648143,1.44,bc236672,bc,G,V
188979650745,2457603.935089,4.652573384420769,0.08334353822037895,14.790548324702266,0.019471117364166766,17.410176559152287,1.65,bb320061,bb,G,V
188979650745,2457605.7534838,6.508937536922441,0.06958546039271073,14.426006144889534,0.011620386516697055,17.606060131247546,2.06,bb320467,bb,G,V
188979650745,2457605.8339253,5.51636354364115,0.055240842928011714,14.605649205375553,0.010884778352975653,17.856705651378277,1.76,bc237160,bc,G,V
188979650745,2457607.8750397,4.406706756524768,0.08895941896041605,14.849496025950629,0.021942694613381497,17.33937654955875,1.34,bc237868,bc,G,V
188979650745,2457607.940759,4.595124231918562,0.07050505234726769,14.804038261290353,0.01667766149434969,17.591805795243857,1.67,bb321309,bb,G,V
188979650745,2457609.9058852,5.0212114267171835,0.09103430046481481,14.707760133333952,0.01970646487134335,17.314343745405935,1.50,bc238585,bc,B,V
188979650745,2457610.8824221,4.799621510581058,0.07509750824758961,14.756763926883817,0.017007117368759678,17.523292575543184,1.71,bb322219,bb,G,V
188979650745,2457611.7545262,4.872775953810745,0.07370405301667518,14.740340296164607,0.016440957241719564,17.54362796730004,2.08,bb322448,bb,G,V
188979650745,2457612.8247457,4.510326795324335,0.08930165474040096,14.824261380052494,0.021521060541067713,17.335207627811485,2.00,bc239481,bc,G,V
188979650745,2457614.9219805,6.373301379961603,0.1549613560593086,14.448870264931347,0.02642841543878469,16.736797873132886,2.21,bb323406,bb,G,V
188979650745,2457616.7844147,5.544693746449558,0.13024921914520235,14.600087495797329,0.02553346400636861,16.92541857280651,1.43,bc240480,bc,G,V
188979650745,2457617.8689594,6.3258153054833075,0.18147111196665344,14.45699013529125,0.03118194242699842,16.565337642725986,1.96,bb324233,bb,G,V
188979650745,2457618.8463084,6.12965524756645,0.12993320770955188,14.491191281960727,0.02304073260342876,16.92805599324775,1.55,bc241192,bc,G,V
188979650745,2457619.8376591,6.175975955312386,0.11748897193452731,14.483017413244212,0.020677769019941186,17.03736363466294,1.66,bc241558,bc,G,V
188979650745,2457620.8224947,6.074041166729979,0.08795711532813062,14.501087076974331,0.01574002505332749,17.351678949549946,1.73,bb325299,bb,G,V
188979650745,2457622.8756357,4.476239577943742,0.10270822784620828,14.832498097390461,0.024940438542163247,17.183343304034395,1.41,bc242407,bc,G,V
188979650745,2457625.7834444,5.2118915078540935,0.06208908483605333,14.667292987659435,0.012948875775648943,17.729818247185726,2.49,bb325931,bb,G,V
188979650745,2457626.7342821,5.592634620974819,0.06013813445042529,14.590740287395123,0.011688147335954626,17.76448151444746,1.87,bb326145,bb,G,V
188979650745,2457627.8004323,4.526165958324285,0.07070799758317395,14.820455219675317,0.016980490733176753,17.588685047663986,1.73,bb326572,bb,G,V
188979650745,2457627.8529206,4.687825938278514,0.08159266515182757,14.782352710264387,0.01891872281107442,17.43322859566679,1.44,bc243232,bc,G,V
188979650745,2457636.8351377,6.1920320238270286,0.06645043224964244,14.480198420126653,0.011664786362246818,17.656111867913328,2.10,bb327753,bb,G,V
188979650745,2457636.839001,5.96081477973826,0.0820564481230967,14.521517336475487,0.014963020112841858,17.42707460801503,1.47,bc244355,bc,G,V
188979650745,2457638.7964778,6.210859920829751,0.06523171172925975,14.47690206872267,0.011416138085892178,17.67620945646093,1.66,bb328486,bb,G,V
188979650745,2457638.823338,5.531390399502411,0.08382002626297061,14.602695625562381,0.01647121566524702,17.40398691224324,1.53,bc245115,bc,G,V
188979650745,2457641.5596555,4.451662975729058,0.13144139369947253,14.83847571062175,0.032093867142924046,16.91552600526955,1.46,bg094710,bg,B,V
188979650745,2457642.591114,5.659200196262733,0.291409796863042,14.577893760686646,0.05597076763747223,16.051096023272876,1.40,bg095126,bg,B,V
188979650745,2457643.5948637,5.263351677461928,0.15940001640480492,14.656625432220077,0.032918356593659395,16.706135489287128,1.42,bg095520,bg,B,V
188979650745,2457649.5665298,6.404974999671399,0.1700724112408065,14.443487807225434,0.028862144906979047,16.63577172101597,1.44,bg097549,bg,B,V
188979650745,2457649.8359807,5.825236101644614,0.36393341245570904,14.546497573592266,0.06790794214089065,15.809801569502467,2.05,bb330062,bb,B,V
188979650745,2457650.7490778,5.002016860286212,0.062355325249313,14.711918526336197,0.01355003978155868,17.725172521488847,2.04,bb330252,bb,G,V
188979650745,2457652.520374,5.927537103163952,0.10209864015565158,14.527595701751007,0.018722241775364995,17.189806499204764,1.69,bg098587,bg,B,V
188979650745,2457653.7162465,5.733913508965007,0.08534075859873658,14.563653560241667,0.01617772817536017,17.384465146156472,2.18,bb331407,bb,B,V
188979650745,2457653.7773301,6.375149206451809,0.0915127330941932,14.448555520465584,0.015602828865281956,17.308652578515975,1.68,bc248054,bc,G,V
188979650745,2457656.7565543,6.228469109078778,0.07884910131768395,14.473828117395636,0.013760290596223622,17.470364524118157,1.70,bb331777,bb,B,V
188979650745,2457656.7719756,6.2962749734964,0.08383197862531687,14.462072188388337,0.01447232153624995,17.4038321021345,1.42,bc248388,bc,B,V
188979650745,2457658.7246795,6.061479217333961,0.06020230088744228,14.503334853369802,0.010795596458728487,17.763323668704146,1.58,bb332470,bb,G,V
188979650745,2457658.7666658,5.533290785209504,0.07211558857920655,14.602322669929762,0.014166345556020983,17.567283512663092,1.38,bc249102,bc,G,V
188979650745,2457661.7149933,5.619122187531554,0.05466067797720033,14.585610214743456,0.01057349856919564,17.868168858402292,1.67,bb333165,bb,G,V
188979650745,2457661.7570504,4.334664817178593,0.09032331279471686,14.867392602511059,0.0226493899870219,17.322856749028578,1.45,bc249796,bc,G,V
188979650745,2457667.7074279,4.323857186067557,0.1193876508670193,14.870103051817441,0.030012366306446603,17.019957876477395,1.68,bc250643,bc,B,V
188979650745,2457667.7494728,5.3267846640411785,0.1261062736183006,14.643618552694257,0.02573260328448138,16.960514661977864,1.67,bb334077,bb,G,V
188979650745,2457668.7370461,5.43401323650784,0.07629320013223653,14.621979674605228,0.015260800413761292,17.506141814079637,1.44,bc251070,bc,G,V
188979650745,2457670.7211486,6.111658286360905,0.09747529915033883,14.494383744335043,0.017335951579030555,17.240119951912444,2.00,bb335268,bb,G,V
188979650745,2457671.71683,6.3504865860006205,0.12179437114352268,14.45276389698827,0.02084646337453978,16.99828835022947,1.51,bc252270,bc,B,V
188979650745,2457673.7040162,6.454128958882936,0.1158752523850561,14.435187307715061,0.019514850429933738,17.052379660977483,2.28,bb336326,bb,G,V
188979650745,2457675.718342,6.144841203194117,0.11916768167178574,14.488504744014767,0.021079485130771125,17.02196016738695,1.70,bc253752,bc,G,V
188979650745,2457676.7254153,5.622382414005766,0.1274359358709237,14.58498045099857,0.02463676630279956,16.94912661194881,2.10,bb337568,bb,G,V
188979650745,2457682.7237213,4.543305798414146,0.07997114586557827,14.816351481865027,0.019132579316999326,17.4550230965645,2.01,bc256268,bc,G,V
188979650745,2457685.7019346,4.737757421951427,0.07133053916809735,14.770849352936416,0.01636495663300484,17.57916762681027,2.30,bb339986,bb,G,V
188979650745,2457686.7016002,5.245338318425342,0.07635448502354039,14.660347642169816,0.01582243135182268,17.505270012731316,2.08,bb340399,bb,G,V
188979650745,2457688.7198298,6.2982185765035945,0.07390904989789217,14.461737083183676,0.012755340708841283,17.540612345048483,2.00,bb341227,bb,G,V
188979650745,2457693.6913122,6.088371653336724,0.14779602062291178,14.498528516338187,0.02638601216388,16.788199541357677,1.76,bb342729,bb,G,V
188979650745,2457789.1607553,4.8835531574906605,0.09542321746420449,14.737941606073854,0.02123881632965448,17.26322125382938,1.61,bc287510,bc,B,V
188979650745,2457793.1543882,4.993029139861237,0.08551857097249713,14.713871152886123,0.018616948919098392,17.382205305830198,1.75,bc288328,bc,B,V
188979650745,2457795.1550632,4.57306429441984,0.2107873732688129,14.809263136186942,0.05010135334295872,16.40274491389968,1.48,bc289160,bc,B,V
188979650745,2457795.1667698,5.098609838300243,0.15694753303073486,14.691151955377052,0.03345914867168916,16.722970159524337,1.73,bb372598,bb,G,V
188979650745,2457798.1376737,5.479798510688636,0.11209584434806666,14.612869929521779,0.022234998027085062,17.088382612193,1.42,bc289810,bc,G,V
188979650745,2457799.1565195,6.1054317120632,0.09556810232500544,14.495490459229154,0.017014091220961956,17.261573987668367,1.73,bb373658,bb,G,V
188979650745,2457801.1353803,6.390740305752643,0.10429101616069347,14.445903479746727,0.01773813279075441,17.16673914609766,1.50,bc290958,bc,G,V
188979650745,2457802.159586,6.760817022465901,0.11761372278846258,14.384783449090508,0.018909105601605174,17.036211401749878,1.61,bc291388,bc,G,V
188979650745,2457806.1245804,5.396576454527351,0.06729509789641518,14.629485569044402,0.013554305429735292,17.642397820564124,2.09,bc292620,bc,G,V
188979650745,2457809.1097555,4.609956400013748,0.08483873606937993,14.800539359656202,0.020003663693314386,17.39087091928318,1.68,bc293739,bc,G,V
188979650745,2457809.1291192,4.591047580079108,0.06699834237814528,14.805001920337329,0.015862237087157643,17.647196249049134,1.62,bb377178,bb,B,V
188979650745,2457817.0933127,5.85598115848348,0.07003215252404256,14.540782227722701,0.01299900099698251,17.599112705861117,1.47,bc294673,bc,G,V
188979650745,2457818.0896722,5.624313998332879,0.0722935148207652,14.584607507517173,0.013971465219965907,17.56460804338252,1.44,bc295059,bc,G,V
188979650745,2457819.0899731,6.086579386334423,0.07712023686022408,14.498848177449053,0.01377232417299835,17.494435506801448,1.42,bc295378,bc,G,V
188979650745,2457820.0863661,6.5379843050956925,0.09337538047339591,14.421171720291293,0.015523894527603155,17.286775432597963,1.48,bc295718,bc,G,V
188979650745,2457825.0654605,5.4321855948864295,0.18529005706423493,14.622344905672172,0.037075728069559166,16.542726106011028,1.42,bc296445,bc,G,V
188979650745,2457825.0875256,5.505960536676702,0.14207454765222596,14.607698668732123,0.02804757773235591,16.831065688729208,2.00,bb379885,bb,G,V
188979650745,2457826.0682914,5.263123638247107,0.138909903021815,14.65667247368918,0.02868810147769949,16.855523373385825,1.45,bc296844,bc,G,V
188979650745,2457828.0765279,4.425458353030759,0.1029535537409797,14.84488575937128,0.025286880532575676,17.180753038305895,1.74,bb381041,bb,G,V
188979650745,2457828.0960281,4.29343875261097,0.1145334496240424,14.877768224722217,0.028996076851084726,17.065025540183132,1.40,bc297634,bc,G,V
188979650745,2457832.0696507,4.561054172239323,0.0871331203493572,14.812118328406589,0.020764917461332192,17.3618982262825,1.48,bc299069,bc,G,V
188979650745,2457833.1192314,5.976346202020291,0.08887608773302211,14.518692035380136,0.016164465699027037,17.340394071187283,2.03,bb382931,bb,G,V
188979650745,2457835.0779917,6.079128131782686,0.07189786327466681,14.500178161395693,0.012855437439610307,17.57056643412483,1.51,bc300230,bc,G,V
188979650745,2457838.0747913,6.46538320186823,0.07336211534805763,14.4332957282181,0.012333596824254377,17.54867678008556,2.02,bb384646,bb,G,V
188979650745,2457839.0642354,6.314480558888863,0.07552684634964793,14.458937328328496,0.013000974100803142,17.517103016289237,1.64,bc301588,bc,G,V
188979650745,2457843.8682728,5.538183875796605,0.0773539015815738,14.601362977366282,0.015181931422232613,17.49115083476768,1.55,bg152775,bg,G,V
188979650745,2457845.0308381,5.003916331222723,0.0673210273008552,14.711506306036311,0.014623551800467864,17.641979557247225,1.66,bb386846,bb,G,V
188979650745,2457846.0727586,4.753380341255206,0.07263308595314942,14.76727499022983,0.01660902364273397,17.559520152750494,1.78,bc303746,bc,G,V
188979650745,2457848.0581369,4.486854155559276,0.08127927465768947,14.82992652178372,0.019690195983290065,17.43740684547499,1.76,bb387855,bb,G,V
188979650745,2457849.9942201,4.414694402814135,0.10466087078263443,14.847529789752835,0.02576889942723187,17.162895534261565,1.55,bc305123,bc,G,V
188979650745,2457850.0289759,4.008352661073776,0.10499474223605561,14.952366593414082,0.028471726285487893,17.15943751445543,1.65,bb388580,bb,G,V
188979650745,2457851.1066042,6.24296361180054,0.08486421059204413,14.471304395572673,0.014775627875021565,17.390544954268343,1.54,bc305571,bc,G,V
188979650745,2457851.9909006,4.692076095671163,0.14552354365619624,14.781368787392653,0.03371167935439579,16.80502323936174,1.64,bc305867,bc,G,V
188979650745,2457852.0077936,4.407768088382137,0.1545288066999312,14.849234563651702,0.03810683567535589,16.739832766400053,1.75,bb389309,bb,G,V
188979650745,2457853.1351192,6.474991396034366,0.10435512166762492,14.431683415358584,0.017518089698617307,17.166071971783158,1.41,bc306303,bc,G,V
188979650745,2457855.0904023,5.631534471757743,0.3693361320482766,14.583214537363208,0.0712864885151765,15.793801902090845,2.05,bb390383,bb,B,V
188979650745,2457856.0126182,6.22424125441364,0.2163632805782099,14.474565360119634,0.037784120068063407,16.37439749930257,2.18,bb390624,bb,G,V
188979650745,2457856.8133716,4.332852353185929,0.2635387583483298,14.867846678982247,0.06611237789054142,16.16024515506193,1.41,bg157636,bg,G,V
188979650745,2457857.8829094,5.1657961525476885,0.9763496640135984,14.67693824330857,0.20543776863397872,14.738342940812021,1.50,bg158082,bg,B,V
188979650745,2457860.0576652,5.122626624877107,0.1422621252704616,14.686049648470942,0.03018622206589321,16.829633162711566,2.01,bb391545,bb,G,V
188979650745,2457864.1285937,5.427045929924876,0.09566998908156882,14.623372661776832,0.01916127482789925,17.26041708268109,1.46,bc308806,bc,G,V
188979650745,2457865.8253979,6.022470446672507,0.09784869689786847,14.510344710727523,0.017660074910882683,17.23596877791094,1.39,bg159881,bg,G,V
188979650745,2457870.0907974,6.409982859302938,0.08095402310850862,14.44263923404292,0.013727572336813187,17.441760302633213,1.74,bb393348,bb,G,V
188979650745,2457871.0077333,6.255313869810089,0.07353079862552873,14.46915863962458,0.012777101641605022,17.546183186391524,1.46,bc310221,bc,G,V
188979650745,2457873.771621,4.886391338057099,0.1327991240510938,14.737310790722812,0.02954058813184918,16.904368367637442,1.39,bg162975,bg,G,V
188979650745,2457876.8033684,4.270756328068756,0.11021879080420688,14.883519421860758,0.028051947776896163,17.106717288356442,1.36,bg164106,bg,G,V
188979650745,2457878.9427074,6.069955661720455,0.10512659500302338,14.501817607611578,0.0188251849626158,17.158074898516798,1.72,bb394915,bb,G,V
188979650745,2457879.9129857,6.231057625408258,0.13034554067655515,14.473376985342894,0.022737702655849193,16.92461594900301,1.46,bc311822,bc,G,V
188979650745,2457879.9350913,6.034503608128165,0.12335710855860814,14.50817752627005,0.022219526635141464,16.9844459408348,1.73,bb395271,bb,G,V
188979650745,2457882.9140273,5.099978442943876,0.14384713538707608,14.690860553551712,0.030658086831484795,16.817603349556563,1.50,bc312692,bc,G,V
188979650745,2457883.011882,4.404737974436318,0.09835312662074129,14.849981208141187,0.02427058613572357,17.230385967213657,1.98,bb396196,bb,G,V
188979650745,2457884.9811747,4.108194125289181,0.1455946992387876,14.925654011489456,0.03852181835665022,16.804492484621257,1.52,bc313381,bc,G,V
188979650745,2457888.8742406,4.105595810152222,0.1525967115064591,14.926340925796211,0.040399980523591915,16.753493457237706,1.50,bg167322,bg,G,V
188979650745,2457892.0111593,6.247307429783792,0.09964327812953756,14.47054920929597,0.0173367346217049,17.21623637667057,1.75,bc314962,bc,G,V
188979650745,2457892.0604468,5.530840882430309,0.057986276519156145,14.60280349359833,0.011395837047868564,17.804043338098094,2.18,bb398430,bb,G,V
188979650745,2457893.9478865,6.407959682097344,0.08680922642687361,14.442981978091257,0.014725101201157298,17.36594167827799,1.42,bc315558,bc,B,V
188979650745,2457895.0120995,5.2532462961020245,0.05789984585970105,14.658711997059724,0.011980137902841283,17.80566287478885,1.68,bb399381,bb,B,V
188979650745,2457897.956812,5.203342301542502,0.08226868277588327,14.669075412340245,0.01718558497518512,17.42427003426174,1.46,bc316829,bc,B,V
188979650745,2457899.9954089,4.53221849793665,0.07141215448226405,14.81900430701036,0.017126691284031766,17.577926054175713,1.65,bb400952,bb,G,V
188979650745,2457903.959066,4.81480283342724,0.07141692954026681,14.753335135942338,0.01612259110330401,17.577853457569905,1.99,bb401901,bb,G,V
188979650745,2457904.8382541,5.3542847234569795,0.24298152920840602,14.638027749932467,0.04932691694152226,16.24842324124242,1.49,bc318722,bc,B,V
188979650745,2457907.9109883,5.569073399891547,0.09057527185990803,14.595324049791785,0.0176782339515114,17.31983227808962,1.65,bb403078,bb,B,V
188979650745,2457908.8289869,2.000254392762893,0.6476985007801789,15.183924164179654,99.999,15.183924164179654,1.61,bc319911,bc,B,V
188979650745,2457909.0285315,5.927522599926822,0.07284102715838958,14.52759835828586,0.013357187287816688,17.556416240392135,2.06,bb403490,bb,G,V
188979650745,2457910.8192031,4.972922614192397,0.17452702636688547,14.718252151917383,0.038147243431422506,16.6076996708378,1.52,bc320464,bc,G,V
188979650745,2457911.0212759,5.311489438172689,0.09039284334231341,14.646740598952611,0.018498218199088257,17.322021274899413,1.76,bb404044,bb,G,V
188979650745,2457914.8858813,6.062715653749789,0.16417816925301787,14.50311340463849,0.02943475201354436,16.67406787230402,1.42,bc321764,bc,G,V
188979650745,2457915.0302254,4.88445351811232,0.17905375622311875,14.737741451802977,0.03984553181782001,16.57989780329147,1.56,bb405299,bb,G,V
188979650745,2457916.7372885,5.489691820142365,0.1511780685114224,14.61091149264873,0.029933189857669316,16.76363441271031,1.69,bg176192,bg,G,V
188979650745,2457920.9289278,4.478045933347374,0.08805162365785969,14.832060044463846,0.02137277911151023,17.35051297193212,1.45,bc322699,bc,G,V
188979650745,2457921.04718,6.452114629713664,0.0792292521520388,14.435526218120732,0.0133473686196729,17.465142502117946,1.61,bb406213,bb,G,V
188979650745,2457925.869676,5.286503755604539,0.0623505322834274,14.651860041837656,0.01281987506913773,17.725255980224397,1.46,bc323610,bc,G,V
188979650745,2457925.9113458,5.688516549645267,0.0570671777588886,14.572283839715691,0.010904343953458014,17.821390405753327,1.71,bb407063,bb,G,V
188979650745,2457928.9301806,6.696060236342787,0.06417010752388899,14.395233024956603,0.010416590414647774,17.69402447618013,1.77,bb408055,bb,G,V
188979650745,2457928.9572729,6.16177158732176,0.07591157748715532,14.485517416320748,0.013391048833251748,17.511586352642254,1.41,bc324655,bc,B,V
188979650745,2457931.9682242,4.87584800382532,0.06381125954656632,14.73965600758223,0.01422523111264185,17.70011310096892,1.63,bb408979,bb,G,V
188979650745,2457932.8511632,6.220756809006241,0.07969135177550336,14.475173345530623,0.013924517096245113,17.45882840950807,1.68,bc325764,bc,B,V
188979650745,2457936.049696,6.1101870927651385,0.07705302785848311,14.494645133365797,0.01370715656967272,17.495382120356414,2.28,bc326401,bc,B,V
188979650745,2457936.5960788,4.0284601589045845,0.11459406563157389,14.946933722343571,0.03091969687611633,17.064451074079166,1.79,bg183207,bg,G,V
188979650745,2457937.8069442,5.249243498339214,0.08527343898698159,14.659539607035434,0.017657500679354805,17.385321948750864,1.70,bb410118,bb,G,V
188979650745,2457939.8504208,4.665173631490756,0.13883882588638338,14.787611873916791,0.03234858532362581,16.856079062848433,1.72,bc327321,bc,G,V
188979650745,2457940.8205932,4.938046416114204,0.11314030747578994,14.725893484893586,0.024904301158666185,17.078313007010642,2.03,bb411041,bb,G,V
188979650745,2457942.9342987,6.3572668117157365,0.1423576442307922,14.451605307109556,0.024340109421066954,16.82890441222774,1.51,bc328385,bc,G,V
188979650745,2457944.7424755,4.222720042743234,0.21764537964667482,14.895800680543916,0.05602338361026107,16.367982763590913,1.47,bg186056,bg,G,V
188979650745,2457945.7802744,4.696596143449891,0.1002494943720241,14.780323361633872,0.02320123731751824,17.20965091655596,1.41,bc329267,bc,G,V
188979650745,2457948.7097506,4.620965957182543,0.321338455980025,14.797949481847272,0.07558612931786914,15.944949637217016,1.39,bg187754,bg,B,V
188979650745,2457949.9788725,4.422661098708235,0.1076648056678205,14.845572251096357,0.026460757464910584,17.13217199156432,1.49,bc330364,bc,B,V
188979650745,2457952.0087117,5.327018276968223,0.1800016064496412,14.643570937394024,0.036728599355456075,16.574165441070047,1.44,bc330720,bc,B,V
188979650745,2457953.8345595,4.994611649478289,0.07105939267915443,14.713527090051617,0.01546435953864334,17.58330266517796,1.75,bb411371,bb,G,V
188979650745,2457955.9668656,5.650599812276143,0.080146697462333,14.579545027740338,0.015417120022067939,17.452642315049946,1.91,bc331198,bc,B,V
188979650745,2457958.9506452,5.956750403056576,0.07032358827287359,14.522257897322685,0.012832278966410033,17.594603837227464,1.51,bc331533,bc,G,V
188979650745,2457959.9270658,6.226697310173814,0.07604465654022995,14.474137018323475,0.013274651272153751,17.509684636876756,1.72,bb412285,bb,G,V
188979650745,2457960.9500438,6.478576994565403,0.08889479293418164,14.431082343264332,0.014914505918431258,17.340165587038303,1.56,bc332177,bc,G,V
188979650745,2457961.8886607,6.544364894829796,0.06454690051234294,14.420112638665286,0.010720623864565649,17.68766791205484,1.75,bb412930,bb,G,V
188979650745,2457966.7826206,6.490462030562418,0.10610422845453774,14.42909237045846,0.0177692562655304,17.148024664416514,1.53,bc333231,bc,G,V
188979650745,2457968.7826696,6.438154112424615,0.1007921518364839,14.437877983671534,0.017016785380666772,17.20378960077427,1.67,bb414196,bb,G,V
188979650745,2457969.5829277,3.8644623122886865,0.15752016825444526,14.992058713894373,0.0443056654078773,16.71901597612702,1.42,bg195840,bg,G,V
188979650745,2457971.7883296,5.590413756666921,0.12621002796024813,14.591171524520316,0.024539295116871834,16.959621736304037,1.78,bb415108,bb,G,V
188979650745,2457971.9076478,4.551842776391159,0.1456797998060016,14.814313272436191,0.034787583021557524,16.803858053733546,1.43,bc334728,bc,B,V
188979650745,2457973.8952315,5.091380462345351,0.14277355431557584,14.692692525347653,0.030480661805364916,16.825736965385424,1.46,bc335425,bc,G,V
188979650745,2457975.8608829,4.830578234495254,0.10034204309002664,14.749783604025485,0.022578547090383625,17.208649044769736,1.46,bc336211,bc,G,V
188979650745,2457975.9319911,6.266026353322645,0.1103905478345713,14.467300861811195,0.019149253313228812,17.105026672128517,1.76,bb416736,bb,G,V
188979650745,2457978.88492,6.562620121364702,0.10340237825268705,14.417088240122563,0.017126374424628773,17.176030074583377,1.41,bc337042,bc,G,V
188979650745,2457978.8887507,6.49490176768779,0.09504800627683395,14.428349937115911,0.015906791818606103,17.267498864793502,1.65,bb417516,bb,G,V
188979650745,2457979.7725919,4.77780850213584,0.08431070445144545,14.761709557167128,0.01918077503837835,17.397649598602015,1.51,bc337311,bc,G,V
188979650745,2457980.8260874,6.2199476999074506,0.06798178069638935,14.475314572105496,0.011880041995928554,17.631375053206174,1.75,bb418180,bb,G,V
188979650745,2457981.4642329,5.687584157738621,0.17218987231416116,14.572461814872273,0.03290727653403575,16.622337383714182,2.08,bg199587,bg,G,V
188979650745,2457982.8864927,5.6799410257031795,0.06810508957127273,14.57392183827846,0.013033105614676329,17.629407472554117,1.41,bc338464,bc,G,V
188979650745,2457983.9132474,4.969167172738425,0.08689215869498335,14.719072385697752,0.0190068064322044,17.36490492692672,1.65,bb419313,bb,G,V
188979650745,2457984.8840835,4.871732205055636,0.07102127945561801,14.740572885803399,0.015845912631739106,17.583885163937918,1.37,bc339177,bc,G,V
188979650745,2457984.8918147,4.980627368416945,0.0600170763523989,14.716571277797945,0.01309793882004268,17.766669304781338,1.72,bb419655,bb,G,V
188979650745,2457989.8691897,4.542758315290786,0.07963593740821598,14.81648232449211,0.01905467901281662,17.459583652223387,1.39,bc340052,bc,G,V
188979650745,2457989.8807134,4.634588402400053,0.0610016299264502,14.794753478220652,0.014306797870321103,17.74900279555141,1.74,bb420533,bb,B,V
188979650745,2457992.7883431,4.533413908874372,0.0766669386997845,14.818717972668987,0.018382091442913556,17.500836087966714,1.99,bb421383,bb,G,V
188979650745,2457992.8154054,4.587659941851471,0.07295883271912657,14.805803358149916,0.017286172045812974,17.554661701116775,1.43,bc340945,bc,G,V
188979650745,2457997.8026065,6.055120311441513,0.09824409968002576,14.504474462707808,0.017635828749399517,17.231590200978207,1.76,bb422660,bb,G,V
188979650745,2457997.8102918,6.382579818702328,0.11240430853280577,14.447290767837544,0.01914250972205645,17.08539899779717,1.40,bc342204,bc,G,V
188979650745,2458003.8197997,5.405021897762694,0.12672068500625097,14.627787760061828,0.025483684916023992,16.955237613949784,1.71,bc343967,bc,G,V
188979650745,2458004.8468728,4.732488387890329,0.09587974693129411,14.772057511995731,0.022021631684578928,17.25803919600318,1.65,bb424681,bb,G,V
188979650745,2458008.8166337,4.355619833855723,0.09323759668697135,14.862156487633946,0.023267690399066,17.288378717372797,1.38,bc344773,bc,G,V
188979650745,2458009.835848,4.699250092772064,0.0649532267801077,14.77971000784564,0.015023957453388363,17.68085456604788,1.72,bb425555,bb,G,V
188979650745,2458011.7976839,4.596662758029114,0.1004867658844321,14.803674799100113,0.023761748746037727,17.20708422142052,1.43,bc345620,bc,B,V
188979650745,2458012.7244356,4.4440574654806,0.09865099515640087,14.840332239252339,0.0241287029689003,17.227102717127767,2.20,bb426327,bb,B,V
188979650745,2458012.8017022,5.06730322058543,0.0924904910318743,14.697839172857321,0.019839575026326457,17.29711368087438,1.53,bc345928,bc,B,V
188979650745,2458013.7985648,5.810300670169362,0.07822520378720983,14.549284887647545,0.01463390627225524,17.478989635638385,1.45,bc346283,bc,G,V
188979650745,2458013.8217753,6.294708993504992,0.06383277729732957,14.46234226119374,0.011022503765566467,17.699747042328852,2.02,bb426759,bb,G,V
188979650745,2458017.7901827,6.243277559635488,0.0876133790259405,14.471249797150904,0.015253515932008068,17.35593031794069,1.35,bc347339,bc,B,V
188979650745,2458017.8133317,6.315444282701658,0.0671471678874353,14.45877163457337,0.011556756545453633,17.644787144046617,1.68,bb427814,bb,G,V
188979650745,2458018.7823966,6.302255078968768,0.07757133978608494,14.461041462187708,0.013378810064654469,17.48810316243406,1.46,bc347673,bc,G,V
188979650745,2458019.5816501,3.5217748481770514,0.06793377007789322,15.033161653567447,0.020967000338114855,17.572426318871162,1.56,bs000961,bs,G,g
188979650745,2458019.7781317,6.558528802052314,0.09814379486858388,14.417765329251356,0.016265543862101,17.232699277227677,1.62,bb428511,bb,G,V
188979650745,2458020.777665,5.918049169212605,0.07538555316050254,14.529334981743641,0.013845917178079538,17.51913607886413,1.40,bc348415,bc,B,V
188979650745,2458021.8036446,4.69707384378176,0.07209784456790881,14.780212934815282,0.01668426449376975,17.56755069048641,1.70,bb429278,bb,G,V
188979650745,2458023.7520109,5.2091103766910125,0.07959223556649689,14.66787250484964,0.016608075712105926,17.460179635610924,1.45,bc349544,bc,G,V
188979650745,2458028.7759654,4.349031265590945,0.11756926277159925,14.863800079866865,0.029384170662725032,17.036621906365532,1.75,bb431491,bb,G,V
188979650745,2458029.752073,4.34197034324561,0.11334359852767688,14.865564272548237,0.02837411448668458,17.076363901501924,1.67,bc351309,bc,G,V
188979650745,2458036.7283857,6.376437963854742,0.08371839130656283,14.448336057498725,0.014271016504199768,17.405304207308795,1.58,bc352865,bc,G,V
188979650745,2458037.7239803,6.388947198393076,0.08303731638808386,14.446208157242392,0.014127202775825829,17.414173130827585,1.48,bc353266,bc,G,V
188979650745,2458038.7506689,5.810077144701768,0.06851035280391096,14.549326657320915,0.012817002757832088,17.622965883709412,2.05,bb434129,bb,G,V
188979650745,2458043.6124824,4.544015550275873,0.019518712158924038,14.756466099972751,0.004668996230834486,18.92651271242951,2.16,bs007957,bs,G,g
188979650745,2458058.5665776,5.22973362546763,0.16034968927258572,14.603866700274498,0.033327345711244565,16.63997030473071,1.63,bs010355,bs,B,g
188979650745,2458059.5623955,4.396292690724514,0.058649140875383324,14.792349125747632,0.014500641939376653,17.731986474653173,1.81,bs010790,bs,G,g
188979650745,2458060.5619701,4.668180719890207,0.06859515335829494,14.727196470787709,0.015971950054291834,17.56190703296638,1.54,bs011251,bs,G,g
188979650745,2458061.5531166,4.577598278400208,0.07341079487365036,14.74847142946629,0.017431486426077242,17.48824079512096,1.71,bs011706,bs,G,g
188979650745,2458144.0338933,4.597852761545021,0.07005902918885176,14.743677973257244,0.01656232216056118,17.538980323979644,1.57,bs039940,bs,G,g
188979650745,2458145.1695743,6.420446425770172,0.15944751296077075,14.440868338430535,0.026993841641939156,16.7058120197536,1.73,bc377309,bc,B,V
188979650745,2458147.0355852,4.375802011779471,0.0767314933654307,14.797421463247176,0.019060230995785063,17.440206484894645,2.12,bs041349,bs,G,g
188979650745,2458147.1703722,6.710743421120846,0.14262704007614915,14.392854818771742,0.023101671701408193,16.826851720094126,1.71,bc377496,bc,B,V
188979650745,2458148.0251023,4.588805840601671,0.0338938311825665,14.745816416234286,0.008028476717111497,18.3273389564329,1.98,bs041806,bs,G,g
188979650745,2458148.1668735,6.826693691816839,0.11159808203677318,14.37425536239369,0.01776881585134751,17.093214566850545,1.42,bc377912,bc,G,V
188979650745,2458149.0144534,3.4997982424606597,0.1133982330065083,15.03995810048626,0.035218872740920074,17.01612489307249,1.76,bs042264,bs,G,g
188979650745,2458154.0332799,5.1474285265388415,0.10929098472426753,14.621089809698285,0.02307842605309808,17.05617976388683,2.26,bs043327,bs,G,g
188979650745,2458155.0287796,4.6712370897558575,0.06674103170532106,14.726485845863465,0.015530061584497382,17.591658321840008,1.46,bs043763,bs,G,g
188979650745,2458156.0330562,4.360070437931126,0.18732578496929372,14.801331858653368,0.04669992986601657,16.47114670859223,1.39,bs044229,bs,B,g
188979650745,2458158.0304625,4.281298372076299,0.08449860326355788,14.821126882975133,0.021452909821519622,17.335516785811823,1.51,bs044934,bs,B,g
188979650745,2458158.1753466,4.25657838070401,0.2569833733932595,14.887129817247684,0.06562307297208192,16.18759382928982,1.45,bc379418,bc,G,V
188979650745,2458159.019865,4.546440731519212,0.032592069439200615,14.755886787546654,0.007792065161723974,18.36986076907866,1.43,bs045381,bs,G,g
188979650745,2458159.1663962,4.835572130919861,0.10322747173009138,14.748661739699262,0.023203825851796412,17.177868167089397,1.60,bc379787,bc,G,V
188979650745,2458161.0258589,4.662723723636669,0.07718948004037494,14.728466413934814,0.01799411968464203,17.43374532277037,2.41,bs046260,bs,B,g
188979650745,2458163.1482235,5.8771811099288,0.07402736495326079,14.536858719405839,0.013691006899068379,17.538875666939855,1.58,bc380898,bc,G,V
188979650745,2458167.0191732,4.5899844082112935,0.05437843242738525,14.745537596586844,0.012877383997897035,17.814073901490616,1.56,bs048023,bs,B,g
188979650745,2458170.0164212,4.575720148883901,0.027321365503667653,14.748916984432586,0.006490155746144945,18.56138460818931,2.02,bs048638,bs,G,g
188979650745,2458172.0224217,4.771357032571484,0.1222104145010651,14.703460834042444,0.027840592552509837,16.9348700686967,1.66,bs049526,bs,B,g
188979650745,2458173.9945878,4.577230179483362,0.02816331456011375,14.748558740402373,0.006687952590219419,18.528431196696648,1.53,bs050310,bs,G,g
188979650745,2458174.9938424,4.525125520301513,0.024060715347301864,14.76098904629202,0.005779497463026386,18.699369273512055,1.50,bs050743,bs,G,g
188979650745,2458175.9980082,4.957494756058745,0.0401754710172958,14.661909963558852,0.008808681074815364,18.142738168605856,1.55,bs051186,bs,G,g
188979650745,2458177.1220689,4.609201937221969,0.06844455472201359,14.800717065155997,0.0161408105233643,17.624009137529328,2.13,bb463703,bb,G,V
188979650745,2458179.9453255,4.5807094901989105,0.09092965416623522,14.747733748334399,0.02157669697826247,17.2558767631087,2.30,bs052174,bs,G,g
188979650745,2458180.9421948,4.441769071890462,0.07483196993336697,14.781175682839967,0.018312320257352098,17.467422666267463,1.55,bs052590,bs,G,g
188979650745,2458181.9507748,4.497156220566446,0.05143603448262755,14.767720686800471,0.012432019345382834,17.874471914446218,1.50,bs052904,bs,G,g
188979650745,2458184.1316951,6.661520467442415,0.13306982905300804,14.400847988026895,0.021712928638859375,16.902157396258318,1.45,bc382754,bc,G,V
188979650745,2458184.9744602,4.4916138610527945,0.05043470543565575,14.769059588806353,0.012205041148044856,17.895816889764934,2.17,bs054019,bs,G,g
188979650745,2458185.1021533,6.241794527904324,0.1125747507177196,14.471507734187972,0.019603955069130687,17.083753908809786,1.99,bb464979,bb,G,V
188979650745,2458185.9479745,3.893556087594828,0.19783161354047443,14.924199534302755,0.055228268890002666,16.41190137851265,1.46,bs054167,bs,B,g
188979650745,2458186.106328,6.076624195587222,0.132506483530995,14.500625458139993,0.02370210528262153,16.90676357171477,2.00,bb465372,bb,G,V
188979650745,2458186.8955549,3.384581367582066,0.08779364535138039,15.076303224066429,0.02819488291697019,17.293982906207297,1.43,bk056052,bk,G,g
188979650745,2458187.8947248,3.603424054923645,0.08368985827590049,15.008277188821088,0.025244666148053763,17.345958530427847,1.47,bk056440,bk,G,g
188979650745,2458188.1409573,5.149791982102985,0.1977734907026527,14.68030718766614,0.04174366387874473,16.47193619641769,1.48,bc384184,bc,B,V
188979650745,2458188.890143,3.569103489537793,0.07403958386609058,15.018667769986536,0.02254846596239228,17.478980688521503,1.46,bk056847,bk,G,g
188979650745,2458189.9004292,4.21109863994541,0.06607723056748585,14.839077086362618,0.017055662392349,17.602511030143187,1.41,bk057248,bk,G,g
188979650745,2458190.9351011,4.549318737643179,0.02595344450631567,14.7551997079111,0.006200986871794575,18.617153098966305,1.57,bs055426,bs,G,g
188979650745,2458193.9139955,4.566092330610992,0.020357878872392873,14.751203899584247,0.00484618522949616,18.880809296386968,1.62,bs056014,bs,G,g
188979650745,2458195.0714861,4.4319568128409035,0.07340978741827148,14.843292605110161,0.018004066953582414,17.547971477593304,2.12,bb466860,bb,G,V
188979650745,2458196.9051283,4.47298122817747,0.03259742332109125,14.773572933365259,0.007921334801842714,18.369682430417885,1.65,bs056619,bs,G,g
188979650745,2458197.9115267,4.680748375810723,0.028779889479849437,14.724277384094117,0.006683223718394282,18.50491780686251,1.55,bs056986,bs,G,g
188979650745,2458199.8975837,4.576029082587171,0.028011847041680936,14.748843682488195,0.006653729528025579,18.53428624588425,1.42,bs057771,bs,G,g
188979650745,2458200.6363564,3.5815180166402634,0.06672063973888251,15.014897771792334,0.02024907711250798,17.59199010693128,1.39,bo037335,bo,G,g
188979650745,2458200.9056123,4.608721712703187,0.03088675738296278,14.741114409730859,0.007284571398669691,18.428209819695155,1.46,bs058182,bs,B,g
188979650745,2458201.6354703,3.759689563962304,0.05519141559817829,14.962185655058853,0.015956282588722837,17.797961778000666,1.48,bo037723,bo,G,g
188979650745,2458207.0448435,5.912724526153442,0.14925340429365208,14.530312290292677,0.027437767558958683,16.777545779532108,2.34,bb468174,bb,G,V
188979650745,2458207.8606866,4.111631126160303,0.09933709125506505,14.865030259465827,0.026260891572518562,17.15986201387786,1.46,bk064331,bk,G,g
188979650745,2458208.0411633,5.399432799134078,0.18419782535402687,14.628911053637408,0.03708075181356714,16.549145147188838,2.17,bb468464,bb,G,V
188979650745,2458208.8862053,5.2124957931251465,0.1145961543289515,14.60745132859785,0.02389662116914578,17.00471550239297,1.59,bs059937,bs,G,g
188979650745,2458209.8782848,5.651746858650997,0.12805008283204658,14.519608868301045,0.024626876632041977,16.8841909520982,1.64,bk065198,bk,G,g
188979650745,2458210.0343289,4.115625590909296,0.23938488372377018,14.923691757025505,0.06322269964110784,16.26461458659019,2.06,bb469024,bb,G,V
188979650745,2458210.872135,4.378951978084883,0.10523061694980265,14.796640165996997,0.026120657625993055,17.09728531993472,1.41,bs060508,bs,G,g
188979650745,2458211.8816434,6.655278711329852,0.6956782289003947,14.342150003086813,0.11361988291307996,15.046619580395944,1.48,bs060880,bs,B,g
188979650745,2458212.8870115,5.365196367254164,0.07765043248021493,14.576101567639032,0.015731510689035555,17.42728091417038,1.58,bk066488,bk,G,g
188979650745,2458213.8774677,5.319259980813436,0.10204327537133726,14.585437579422397,0.020851886176756363,17.13067963622372,1.59,bs061465,bs,B,g
188979650745,2458216.5843503,3.664723025275564,0.07462750638973302,14.989962730187221,0.022134511724893443,17.470393285673115,1.59,bo040948,bo,G,g
188979650745,2458216.8491806,4.488964379059152,0.030597076267051826,14.769700224304625,0.007408767097767006,18.438440788845313,1.50,bs062181,bs,G,g
188979650745,2458217.8413325,4.5280616822994615,0.026916827045896725,14.760284786582229,0.006461356482053048,18.577580951543972,1.59,bs062486,bs,G,g
188979650745,2458218.8911045,4.467529416415719,0.03300644299970035,14.774897070292159,0.008030516451913772,18.356143800679842,1.48,bs062872,bs,B,g
188979650745,2458219.0099893,5.979730675747103,0.06480961565776863,14.518077344491987,0.011780670105483757,17.683257778796,2.00,bb469503,bb,G,V
188979650745,2458219.8804418,4.5106798382100415,0.03291090555337189,14.764460615850952,0.007930672251341543,18.359291030940078,1.51,bs063123,bs,G,g
188979650745,2458220.8623186,3.6331074580257003,0.09166026549638111,14.999370013850724,0.027423004828977138,17.247187834302103,1.43,br063696,br,B,g
188979650745,2458220.9958521,6.083329610315745,0.08759751387053025,14.499428033808812,0.015651739275847794,17.35612694240148,1.39,bc387978,bc,G,V
188979650745,2458221.9924443,6.387537668123315,0.09211920771429967,14.446447718916481,0.015675770352352087,17.301480908450895,2.14,bc388305,bc,G,V
188979650745,2458223.8507525,3.553154827671697,0.0641149958947837,15.02353029189381,0.019613615592084722,17.63524156445191,1.41,br064292,br,G,g
188979650745,2458224.8284085,4.489701507001007,0.029868244042318037,14.769521951383911,0.0072311004649348145,18.46461638361851,1.46,bs064434,bs,G,g
188979650745,2458224.850553,3.7313723043127043,0.06028242460481678,14.970394163013118,0.017560395807923058,17.702163832324235,1.34,br064668,br,G,g
188979650745,2458227.8445835,5.1123274832088335,0.05436919551126061,14.628518957569934,0.01155969601649647,17.814258344213112,1.50,bk072439,bk,G,g
188979650745,2458229.8290379,5.234398290137532,0.05714552245829249,14.602898708721735,0.01186663583496603,17.76018509232329,2.37,bs065552,bs,G,g
188979650745,2458229.8364408,5.538218758408145,0.062378447700954145,14.541640356572916,0.01224268370431867,17.665054203796636,1.45,br065774,br,G,g
188979650745,2458230.9455432,3.92431734811443,0.04703516797643994,14.915655321637495,0.013027790070966534,17.971583863049066,1.48,bs065829,bs,B,g
188979650745,2458231.9543553,4.566820152348306,0.12525311551866228,14.810746632440956,0.029811704039001324,16.96788505062743,1.47,bc390719,bc,U,V
188979650745,2458231.9808561,4.963809141020299,0.09703738197197544,14.720243718318125,0.021248886125635687,17.245008716344703,2.01,bb472624,bb,U,V
188979650745,2458232.8342957,5.159824191797033,0.12556319199405483,14.618478361350427,0.026450848973749125,16.90548474257033,1.43,bk074620,bk,B,g
188979650745,2458232.9799422,4.251479349471348,0.1217411602784953,14.88843121967275,0.031125012554807197,16.99876280225894,2.01,bb472962,bb,G,V
188979650745,2458234.8598126,4.092901710476611,0.07092896583810447,14.869987333910068,0.01883668542554907,17.525581542008325,1.42,br066915,br,G,g
188979650745,2458235.0912253,6.482792261878023,0.14331052792100119,14.4303761418739,0.024028583157542634,16.8216611540749,2.05,bb473573,bb,B,V
188979650745,2458235.5344033,4.0000475300464995,0.1572314343892293,14.894902742765899,0.0427254255725767,16.661292170398855,1.53,bo045164,bo,G,g
188979650745,2458235.8630523,3.850148768529271,0.05817986130505181,14.936371845197288,0.016425074323442566,17.740708907447605,1.55,bk075618,bk,G,g
188979650745,2458236.7794304,5.695099003821195,0.2610077221154769,14.571028208834987,0.04981547214321255,16.17072300251008,1.36,bg272775,bg,B,V
188979650745,2458236.9407187,4.517548273597968,0.053694878288023336,14.76280861718254,0.012919396673690046,17.82780845572823,1.51,bs067290,bs,G,g
188979650745,2458239.79431,6.233669728168734,0.5071398289275904,14.472921932536897,0.08842928299450487,15.449537094164814,1.61,bg274054,bg,B,V
188979650745,2458240.7766991,3.475552537936,0.2941987837965326,15.047505977592028,0.09200876213060141,15.981038428834806,1.54,bk077580,bk,G,g
188979650745,2458241.8178653,3.6597916155521206,0.1034580267036309,14.991424727643384,0.03072698903781922,17.11573013474341,1.52,bk078058,bk,G,g
188979650745,2458242.5313921,5.109599284127278,0.0998103007015367,14.629098516522836,0.021232478566625808,17.15470220143547,1.57,bo046779,bo,G,g
188979650745,2458243.5351641,5.402236478534215,0.11647457782916941,14.568631644388827,0.023435257321904327,16.987062748966594,1.60,bo047195,bo,B,g
188979650745,2458243.9220568,5.660856486797743,0.0664302796289957,14.517860260146644,0.012755459505481516,17.596725410073585,1.43,br069114,br,G,g
188979650745,2458244.5417027,5.377552645691056,0.09822192804365537,14.573603945334918,0.019853448640877593,17.172119474325903,1.46,bo047602,bo,G,g
188979650745,2458244.8460627,5.832004940226122,0.11871983029992497,14.545236696526816,0.02212674631226614,17.026048225807614,1.40,bg275699,bg,G,V
188979650745,2458245.5478515,5.483948459941725,0.12266493220045199,14.552332211067725,0.024313038136282265,16.93083955361797,1.53,bo048017,bo,B,g
188979650745,2458245.8136212,4.493759603356105,0.06445363555175727,14.76854103269774,0.015590130691561142,17.629522063792077,1.69,bs069520,bs,B,g
188979650745,2458245.8359272,5.221015884317915,0.05488475300581297,14.605678086027552,0.01142638550533801,17.80401132614157,1.51,br069754,br,B,g
188979650745,2458246.0831228,4.57020394927788,0.11163451366472485,14.809942451350244,0.026550645009665596,17.09286018188546,1.38,bc392891,bc,G,V
188979650745,2458246.8092199,4.352029308394372,0.08301250645961883,14.8033360937284,0.020733083094857187,17.35478179383836,1.51,bs069868,bs,B,g
188979650745,2458246.9351894,5.176773544942898,0.12395709381419913,14.674633485945277,0.026027016705954666,16.979177929648554,2.27,bb474889,bb,B,V
188979650745,2458247.7667209,4.513494018245091,0.026240186605036134,14.763783444223186,0.006319259945111331,18.605223313527514,1.45,bs070117,bs,G,g
188979650745,2458247.7972987,5.369447080096716,0.05161246690634687,14.575241706183355,0.010448097666303524,17.870754067903636,1.99,br070357,br,G,g
188979650745,2458248.0043102,4.463355392948948,0.10577823177803226,14.835627732647778,0.025760068102755402,17.15136563632342,1.46,bc393215,bc,G,V
188979650745,2458248.5392396,4.6135750688165995,0.05955461440055781,14.739971643442109,0.014031044375950685,17.715352068807015,1.42,bo048483,bo,G,g
188979650745,2458248.850047,5.051900258383317,0.04651393370227778,14.641428703471341,0.010007842792528109,17.983682937628387,1.55,br070748,br,G,g
188979650745,2458248.8562005,4.508589385669638,0.026878622482943558,14.764963911626197,0.006480052074837645,18.579123092543707,1.54,bs070537,bs,G,g
188979650745,2458249.1116044,6.254254026284847,0.14907016045191684,14.469342612484242,0.02590761143038514,16.778879596379344,1.41,bc393649,bc,B,V
188979650745,2458249.8631344,4.594446555000665,0.04431608869699399,14.74448261240312,0.010484322986571428,18.036237054133096,1.45,bk081358,bk,G,g
188979650745,2458250.783328,5.8392831091702595,0.06926836866738348,14.484166792533111,0.01289399805859757,17.5513032121168,1.50,bs071043,bs,G,g
188979650745,2458251.7653375,4.611934426861019,0.03378118629933287,14.740357812767463,0.007961665835118115,18.330953369712923,1.48,bs071325,bs,G,g
188979650745,2458251.784962,5.3381396860964045,0.054881441531329164,14.5815907872133,0.011175005582992847,17.804076836069367,1.99,br071557,br,G,g
188979650745,2458252.0775981,6.534490115528433,0.07393096270429822,14.421752141118711,0.01229778309388273,17.540290489996952,2.34,bb476038,bb,G,V
188979650745,2458252.0814486,6.873317564106043,0.1019609103049028,14.366865379913547,0.016124247917357358,17.19127213321017,1.36,bc394152,bc,G,V
188979650745,2458253.0880444,6.515649870683243,0.07314976161119367,14.424887057704712,0.012203020730856431,17.55182410583913,2.38,bb476400,bb,G,V
188979650745,2458253.0971082,6.015666611674297,0.08588739792432501,14.511572005406016,0.015518790075214266,17.377532780182314,1.47,bc394518,bc,G,V
188979650745,2458253.9865733,5.993327281150608,0.06486597884550378,14.515611419220878,0.011764166286540062,17.682313953435067,2.10,bb476536,bb,G,V
188979650745,2458254.7537354,4.543412431973377,0.051694884932381925,14.756610217181496,0.012367376538915913,17.869021679023597,1.63,bs072192,bs,G,g
188979650745,2458254.8955586,3.5876311929077898,0.057735504015180975,15.013046143875439,0.01749231714487707,17.749033207844608,1.53,br072520,br,G,g
188979650745,2458255.0328663,6.512796692386651,0.07902518574883817,14.42536260158629,0.013188948632736825,17.467942580370043,1.47,bc394996,bc,B,V
188979650745,2458255.8336081,4.528358025094106,0.026022262660408867,14.760213731990753,0.0062462084385547815,18.614277970981348,2.00,bs072597,bs,G,g
188979650745,2458256.9236396,5.101456208256577,0.04648140171032175,14.630830214910286,0.009903694291610301,17.984442570630705,1.59,bs072777,bs,G,g
188979650745,2458257.7516573,3.8926722804457072,0.07216574492525189,14.9244460160083,0.020150945530838182,17.506812864061757,1.53,br073199,br,G,g
188979650745,2458257.8542651,4.513856553737197,0.03404648408537985,14.7636962385904,0.008198543192129482,18.32245993691106,2.09,bs073066,bs,G,g
188979650745,2458258.0307268,5.418706080484811,0.057410564506463625,14.625042417503366,0.011516178692873946,17.81487685063101,2.08,bb477427,bb,G,V
188979650745,2458258.7831055,4.591678290190587,0.029860295067001746,14.745136991800374,0.0070686229332467335,18.464905374123592,2.20,bs073294,bs,G,g
188979650745,2458258.886985,5.302922341984234,0.04443485096697103,14.648493236538929,0.009107949906915505,18.093047073933644,2.23,bb477664,bb,G,V
188979650745,2458260.0463142,4.841527588868386,0.08336888383718936,14.747325377087702,0.01871689261986117,17.40984642593635,1.42,bc396135,bc,G,V
188979650745,2458261.8641029,5.095915914826481,0.07294491382581296,14.691725771243963,0.01555911658196308,17.55486885476162,1.39,bc396700,bc,G,V
188979650745,2458262.7047366,3.5100769911936034,0.08235499197610212,15.03677401595825,0.02550265873107185,17.36341578841039,1.47,bk086664,bk,G,g
188979650745,2458262.7434428,4.357996259221865,0.058111904823088256,14.801848489470842,0.014494072546408691,17.74197783342011,1.39,br074084,br,G,g
188979650745,2458263.7376772,4.323769043324111,0.06562600592178792,14.810409402770496,0.016497785709094607,17.60995067800968,1.51,br074389,br,G,g
188979650745,2458265.449605,5.5466781629776944,0.12060621017341511,14.539983203843391,0.02363463371378611,16.949216434498034,1.53,bo052377,bo,G,g
188979650745,2458268.794992,5.108072205399905,0.14088356799880417,14.629423053219064,0.0299788857487753,16.78048975648291,1.49,bs075847,bs,G,g
188979650745,2458268.8185014,4.5039133385101175,0.128466790299375,14.766090558531541,0.031003663935725442,16.88066342756126,1.45,br076082,br,G,g
188979650745,2458269.8708449,5.812844226305219,0.1219744662315448,14.548809692499551,0.022808273608305264,16.99668407796033,2.10,bb479788,bb,G,V
188979650745,2458270.6965796,4.826779077527733,0.09840721968924895,14.690922068422946,0.022160610110672697,17.17007320692426,1.52,bs076448,bs,G,g
188979650745,2458270.9151758,4.933282245725303,0.1673042239920133,14.72694149633271,0.036862358228175275,16.65358912893884,2.06,bb480142,bb,B,V
188979650745,2458271.9311023,5.619250931262636,0.10744030807099227,14.58558533894898,0.02078265323687644,17.134438281314665,2.12,bb480503,bb,G,V
188979650745,2458272.0426214,6.0488800743346625,0.11159273676668392,14.505593968943353,0.020052712488370327,17.093266572155173,1.42,bc398678,bc,G,V
188979650745,2458274.5247244,3.9987502666896932,0.06331808121553249,14.895254917140532,0.017211377738326705,17.64882124750352,1.54,bo053526,bo,G,g
188979650745,2458274.949314,6.239176827856136,0.11212533115724374,14.471963168573032,0.01953388456781466,17.088097046867617,2.18,bc399245,bc,G,V
188979650745,2458275.6041532,5.513388794239285,0.07840796052641134,14.546519074224346,0.015458014522664595,17.41674021757588,1.46,bo054035,bo,G,g
188979650745,2458276.7659933,3.653589586361546,0.0750740254745795,14.993266220398514,0.0223348024385158,17.463916352962922,1.47,bk090942,bk,B,g
188979650745,2458276.7848764,3.7300784639856692,0.062032839943994035,14.970770703539603,0.018076563426249415,17.67108645097808,1.46,br077902,br,B,g
188979650745,2458277.0672459,4.599030809701392,0.1072441882592263,14.803115607023251,0.025346594678402206,17.136421977789983,2.44,bb481629,bb,B,V
188979650745,2458277.5577207,5.582564525100654,0.08406845897156157,14.532981243558021,0.016368598937071807,17.341057894953554,1.48,bo054690,bo,B,g
188979650745,2458277.7132415,3.6326339909030003,0.05520806305610712,14.999511516380428,0.016519353268646755,17.797634335368727,1.54,bk091360,bk,G,g
188979650745,2458277.8085162,4.682928509729565,0.04168825724138184,14.723771802707956,0.009676279062196343,18.10260626138557,1.50,br078151,br,G,g
188979650745,2458277.9956616,4.99998713584207,0.08180571612599181,14.71235918709694,0.017783897086709494,17.43039726667336,1.59,bc399932,bc,G,V
188979650745,2458279.8916944,6.10625179518555,0.07394347222343715,14.495344632662711,0.01316246726619942,17.540106793093937,2.02,bb482181,bb,G,V
188979650745,2458279.932969,5.447255469919618,0.06576252679213496,14.619337045380128,0.013122389389938083,17.667410164326935,2.07,bc400335,bc,G,V
188979650745,2458280.9331159,4.842311496662565,0.11521804814828429,14.747149596166999,0.025863063320719255,17.058555109212556,1.98,bb482506,bb,B,V
188979650745,2458281.8004496,5.708923110889721,0.05298550072602297,14.508680137615926,0.010088231081954157,17.84224800424067,1.47,bs078357,bs,G,g
188979650745,2458281.804128,5.631926515717198,0.05710269644419641,14.523423173329695,0.011020766719113534,17.76099907011015,1.41,br078576,br,G,g
188979650745,2458282.800804,4.655067159376057,0.034162119423368255,14.730250744791174,0.007976842703304465,18.318778595061907,2.02,bs078686,bs,G,g
188979650745,2458283.7566013,4.554836475126901,0.028336815309836116,14.753883647728046,0.00676223754124685,18.521763012461278,1.47,bs078979,bs,G,g
188979650745,2458283.9126482,3.9678657243793727,0.0978127172673336,14.903673205101446,0.026794800612710626,17.17665230167233,1.42,br079321,br,G,g
188979650745,2458284.8348006,4.5097261845331404,0.026680185857826885,14.764690187851382,0.006430590424500291,18.587168484917534,1.59,bs079381,bs,B,g
188979650745,2458284.9748825,4.710056551734302,0.06301906630674688,14.77721610062325,0.014543134326233734,17.7136764827781,2.07,bb483742,bb,G,V
188979650745,2458285.6631113,4.999768782412373,0.0607417064637221,14.652690820864336,0.013205329457345516,17.69392313963146,1.63,bj093807,bj,G,g
188979650745,2458286.4450647,4.970960660796323,0.050478161879812036,14.658964806703231,0.011037618481550354,17.89488178131103,2.15,bo056782,bo,G,g
188979650745,2458287.7097951,4.577381821562063,0.026976292226021752,14.748522770927096,0.0064058577393066585,18.57518496756465,1.65,bs079754,bs,G,g
188979650745,2458287.9787293,6.09746339304314,0.06894047299273355,14.496908400399061,0.012289585340804023,17.616170746859122,2.07,bb484585,bb,G,V
188979650745,2458289.6232212,5.174464060592992,0.06334585481057678,14.615402185066307,0.013306535557154072,17.64834510884708,1.48,bk095619,bk,G,g
188979650745,2458289.6728883,5.37688006429434,0.05795178720547375,14.573739749053017,0.011715171678781887,17.744973526590183,1.62,br080593,br,G,g
188979650745,2458290.3790416,4.561827889212363,0.060516860836597935,14.752218382324,0.014419482312577295,17.697949631500457,1.54,bo057239,bo,G,g
188979650745,2458290.9641467,6.493870166921786,0.08440018664483394,14.428522400888237,0.014127066133366851,17.39649787608402,1.46,bc403160,bc,G,V
188979650745,2458290.9727369,6.461863833786918,0.07363681337742055,14.43388689901071,0.012386521381365562,17.54461892815955,2.23,bb485041,bb,G,V
188979650745,2458291.3689881,4.327196073596275,0.07134898230031456,14.809549186370212,0.017922285080630335,17.519171154308502,1.53,bo057547,bo,G,g
188979650745,2458291.6639023,4.896432447926176,0.08089549490391908,14.67536620408807,0.017957949323363188,17.382829770725703,1.60,bj096609,bj,B,g
188979650745,2458292.3742802,4.001756933005651,0.14550067974825104,14.894438857221564,0.03952086931253272,16.745478055796735,1.99,bo057763,bo,G,g
188979650745,2458292.8797181,5.075488794095912,0.05296990524081452,14.636370939141031,0.011343928889052547,17.842567621402047,1.56,bs081521,bs,B,g
188979650745,2458293.9718964,5.628781423648203,0.10102396750909401,14.583745443261993,0.01950842501622688,17.20129534233652,1.50,bc404020,bc,G,V
188979650745,2458294.6903998,3.7962859104382325,0.0871393084142826,14.951668339547325,0.024949817220117687,17.302105339411305,2.07,bk097925,bk,G,g
188979650745,2458294.8161668,6.7402016763595896,0.27259409648151844,14.38809917593102,0.04395980197408632,16.123565278258102,2.08,bb486018,bb,G,V
188979650745,2458295.7641932,4.054245805249664,0.12353557574802118,14.880290432191835,0.03312029072145541,16.92316050234878,1.45,bk098454,bk,G,g
188979650745,2458295.8852084,5.990175319627236,0.11506557245361776,14.516182570900792,0.02087940130838931,17.059992887599094,2.42,bb486372,bb,G,V
188979650745,2458296.7956529,4.554254809596897,0.09106041633981346,14.754022308173111,0.02173324013497643,17.25431653237629,1.57,bs082759,bs,G,g
188979650745,2458297.9096405,5.450694729939719,0.12964324217674986,14.618651755178412,0.025852955369045628,16.930481684855636,2.03,bc405073,bc,G,V
188979650745,2458298.9522377,4.649378787894161,0.1675929369273901,14.791294079825633,0.03918076889432143,16.651717114476153,2.16,bb487298,bb,G,V
188979650745,2458299.8096728,4.629209945808251,0.12648112941858247,14.736298428459566,0.02969826171373948,16.89757627396126,2.05,bs083424,bs,B,g
188979650745,2458300.7570317,5.710887422258914,0.12543916064883678,14.50830662459033,0.02387490834039314,16.90655776305457,2.01,bj100599,bj,G,g
188979650745,2458301.6741728,5.115158355798545,0.3936317563450193,14.627917914265922,0.08364562247380358,15.664915291457849,2.16,bk100965,bk,B,g
188979650745,2458301.7805456,4.978267990322465,0.13301686451718,14.657369942632572,0.029042941976868908,16.842873845444863,2.05,bj101066,bj,G,g
188979650745,2458303.5309961,3.676886298399169,0.09216366810496182,14.986365121679501,0.027245308117823514,17.24124123318981,1.45,bo059471,bo,G,g
188979650745,2458304.0181426,6.83642946373476,0.12316025605329109,14.37270806142579,0.019581836431769827,16.986179935823632,1.36,bc406315,bc,G,V
188979650745,2458304.5097106,3.593159881237965,0.07292452830519036,15.01137426727883,0.022060190544253414,17.49545653975911,1.43,bo059906,bo,B,g
188979650745,2458304.8901198,4.556606834655931,0.08055003498853684,14.813177511415995,0.01921482125497371,17.44719206017727,1.40,bc406506,bc,B,V
188979650745,2458305.3879792,4.9992188446777766,0.057008267861644875,14.652810250416943,0.012395038199064906,17.762795997423247,1.52,bo060261,bo,G,g
188979650745,2458306.0325912,6.066814184214271,0.07931114543485794,14.50237967082681,0.014209725921939455,17.4640208383484,2.03,bb488703,bb,G,V
188979650745,2458306.3920601,4.536948541662372,0.0405021268928408,14.758155988531348,0.009703449480682977,18.133946036518424,1.54,bo060702,bo,G,g
188979650745,2458306.6032169,5.083738275289412,0.05145536260395003,14.634607662799297,0.011001695786085924,17.874064003932205,1.64,bk102643,bk,G,g
188979650745,2458307.3769321,4.421802030702185,0.03434252507331678,14.786067385279205,0.008441995218746471,18.31306005145248,1.44,bo061138,bo,G,g
188979650745,2458307.8753058,5.5643604381021605,0.048936221811241444,14.596243269077853,0.009559327803923436,17.988280303668663,2.05,bb488926,bb,G,V
188979650745,2458308.374472,4.16590196160191,0.04774977749511595,14.850793009162839,0.012458750239036072,17.955212230955258,1.48,bo061586,bo,G,g
188979650745,2458308.6268026,5.5797183100539804,0.06074779359224328,14.533534936531996,0.011833968447362817,17.693814339845126,1.46,bk103178,bk,G,g
188979650745,2458308.7518812,3.5020480979467834,0.06634828100266832,15.039260356056555,0.020593005785475273,17.5980664230841,1.53,bj103293,bj,G,g
188979650745,2458309.6049761,5.395662389657197,0.06453245924759017,14.56995370292561,0.013000067902226414,17.628195071899732,1.55,bj103633,bj,G,g
188979650745,2458309.7737212,3.3920806033731443,0.06310606451424627,15.07390021350902,0.020221674071317666,17.65246286869973,1.50,bk103751,bk,G,g
188979650745,2458309.8623448,6.410697403318918,0.07125792977973308,14.442518209839374,0.01208203517133886,17.580273391521096,2.03,bb489563,bb,G,V
188979650745,2458310.3791748,3.708662364517897,0.06052915580009255,14.977022379552032,0.017740240061143213,17.697729069313958,1.48,bo062208,bo,G,g
188979650745,2458310.664585,4.2509516025568095,0.04158707869462709,14.828850220992491,0.01063370055307499,18.105244575939974,1.50,bj104138,bj,G,g
188979650745,2458311.5902039,5.133032114560498,0.05869283509020546,14.624130668754432,0.012428630574839197,17.731177891147173,1.53,bj104536,bj,G,g
188979650745,2458311.7672358,4.053401709460616,0.05386616477232652,14.88051650649023,0.014444701832463124,17.824350473371307,1.52,bk104663,bk,G,g
188979650745,2458312.9347006,5.331721887180771,0.08558472404399833,14.642612685264094,0.017447810656541416,17.381365756967547,1.41,bc408716,bc,G,V
188979650745,2458314.5591565,4.546678911387259,0.04395720783333404,14.75582990926589,0.010508675598846405,18.045065365956166,1.52,bk105869,bk,G,g
188979650745,2458314.5816337,4.084971855708861,0.04678156846268658,14.8720929504982,0.012447951352868976,17.977453665275874,1.55,bj105903,bj,G,g
188979650745,2458316.7720262,6.5360581011073755,0.08804272341003379,14.421491644207405,0.014641640408000173,17.350622723567707,1.44,bc409517,bc,G,V
188979650745,2458317.2985269,3.6048963015549074,0.08183747452187944,15.007833681481495,0.024675821220113366,17.370260064634735,1.49,bo062813,bo,G,g
188979650745,2458318.7881733,5.690089612836061,0.0778683096546266,14.571983639208685,0.014874891745986468,17.48395452556493,1.49,bc409969,bc,G,V
188979650745,2458318.9396446,0.3520183504870946,0.12686502095850344,16.954001654806618,99.999,16.954001654806618,2.08,bb492001,bb,B,V
188979650745,2458319.3000243,4.255252594054761,0.10031113135195056,14.827752259439793,0.025623352789531262,17.149267789945668,1.50,bo063301,bo,G,g
188979650745,2458319.6078911,4.135600941189857,0.09281684388632001,14.858719058552364,0.024394973118574574,17.23357361962669,1.58,bj107207,bj,B,g
188979650745,2458319.9588547,5.438825802640006,0.05144139403006566,14.621018531409804,0.010280630554703796,17.934074570706038,1.39,bc410364,bc,B,V
188979650745,2458320.2915204,4.9785717795275035,0.09544771547690103,14.657303689695645,0.020838811092237536,17.203226766198615,1.56,bo063710,bo,G,g
188979650745,2458320.9209467,4.71625167398044,0.12322913129384924,14.775788973624449,0.0284006701056837,16.98557292636565,1.99,bb492591,bb,B,V
188979650745,2458321.8750588,3.426696172809063,0.06447862730193629,15.062876623479216,0.020452780440459433,17.629101153653234,1.45,br087060,br,G,g
188979650745,2458321.8907841,4.495092777025175,0.10815795088732091,14.82793475492548,0.026153629285648804,17.1272102668659,1.42,bc410993,bc,G,V
188979650745,2458322.290773,5.62389380220141,0.13414744814705767,14.524972844365799,0.02592731099954795,16.83368457241078,1.41,bo064580,bo,G,g
188979650745,2458322.600237,5.194050968761879,0.1260001265990387,14.611300104763583,0.02636798525283396,16.90171315775073,1.49,bk108544,bk,B,g
188979650745,2458322.7083965,4.841799132234024,0.08942792698566211,14.687548701634771,0.020076063836589973,17.27395770254542,1.51,br087270,br,G,g
188979650745,2458323.2883848,5.572807560316612,0.1346020744998716,14.53488050653819,0.026253661396651477,16.830011228124512,1.43,bo065013,bo,G,g
188979650745,2458323.5230715,3.594769614438035,0.1251832050166213,15.010887967115316,0.03785185580698044,16.908775445363872,1.44,bk108934,bk,G,g
188979650745,2458323.5493678,4.166257395208289,0.11726967725085113,14.850700378400862,0.030595094925401977,16.97967628671725,1.63,bj108971,bj,G,g
188979650745,2458324.2851152,5.449154627487824,0.14141664332170067,14.559242792780761,0.02820873204177072,16.776389299999657,1.52,bo065407,bo,G,g
188979650745,2458324.5272687,4.410826597043588,0.11470574670525172,14.788765660576741,0.028266846750629137,17.00367767044096,1.62,bk109388,bk,G,g
188979650745,2458324.5861659,5.071406575411086,0.10635864366680074,14.63724454879198,0.02279588900197501,17.08570863550086,1.63,bj109451,bj,G,g
188979650745,2458325.5225007,5.0603446606208955,0.24540040358321522,14.639615378054193,0.05271173941726372,16.177952429871617,2.06,bk109834,bk,B,g
188979650745,2458325.5475169,5.415640859278474,0.3415117018834273,14.565940981799434,0.06854375710243775,15.819126638057668,1.73,bj109870,bj,B,g
188979650745,2458325.8038896,4.261976646415587,0.1380314741615343,14.885753740368008,0.035202964139028764,16.862411078106128,2.35,bb494159,bb,G,V
188979650745,2458325.8466224,5.659371126586093,0.14425695665287885,14.57786096763613,0.02770644234718583,16.814514479261618,1.59,bc412276,bc,G,V
188979650745,2458328.3259809,3.7741138333766324,0.13062014306472075,14.958028134656313,0.037619007439336,16.862615223702097,1.46,bo066423,bo,G,g
188979650745,2458328.7323543,3.548712190523844,0.20479741308562716,15.0248886762772,0.06272863840103786,16.374329445156977,1.60,bj110767,bj,G,g
188979650745,2458328.8930423,6.467294898620393,0.13323497301688494,14.432974743132828,0.022392766236055413,16.900810797908086,1.47,bc413359,bc,G,V
188979650745,2458329.7275438,5.010354180789057,0.143055721544808,14.650394554457705,0.031034801911097202,16.76387753096408,1.44,bs088826,bs,G,g
188979650745,2458330.316061,3.680566776992676,0.10074198953575968,14.985278868283881,0.02975144024647786,17.144614302913663,1.49,bo066815,bo,G,g
188979650745,2458330.9474855,5.496163301826033,0.16312315578990344,14.609632334550046,0.03226028199955329,16.681067356833825,2.03,bb495730,bb,G,V
188979650745,2458332.3907277,5.122857023744446,0.0811324396884517,14.626285034497158,0.017214502383185868,17.379654272437357,1.43,bo067207,bo,G,g
188979650745,2458332.8646329,4.1380666691390235,0.14425525567498876,14.858071913825057,0.037891895778397106,16.754811499349948,1.46,br089770,br,B,g
188979650745,2458333.3026879,3.675137634260942,0.05787094819630352,14.9868816020441,0.01711587723267651,17.746489115959754,1.43,bo067536,bo,G,g
188979650745,2458333.7727333,4.56901608944437,0.07564498607061744,14.75050890379836,0.01799573679249667,17.455690243334242,1.48,bs089800,bs,B,g
188979650745,2458333.9374363,4.725201762965722,0.10632847175137972,14.77373051120173,0.024459151505983108,17.145732464051402,2.10,bb496632,bb,B,V
188979650745,2458334.3002447,3.6239318067295336,0.058473968139006315,15.002115580399234,0.01753859189696464,17.73523419451623,1.46,bo067964,bo,G,g
188979650745,2458335.694447,5.344356827424749,0.061075758535071994,14.580327004691327,0.012421830391113723,17.68796843786061,1.48,bk113812,bk,G,g
188979650745,2458335.8259708,5.006276399981076,0.05637197168283987,14.71099434543516,0.01223941256303547,17.834698330930078,2.46,bb497081,bb,G,V
188979650745,2458336.4866708,4.04223992788864,0.051722188815453235,14.883510403350815,0.013908073606344428,17.86844837301144,1.52,bk114090,bk,G,g
188979650745,2458336.6968314,4.44723573093434,0.027400035264693284,14.779840246416443,0.006696889670065534,18.55826280701422,2.10,bs090448,bs,G,g
188979650745,2458336.7175329,5.448557619026291,0.06924659465741542,14.559361752372872,0.013814305167347177,17.551644559081378,2.16,bj114292,bj,G,g
188979650745,2458337.7592058,4.622553420063016,0.03648937266363922,14.737860775432956,0.008580184583431271,18.247224619176205,2.15,bs090853,bs,G,g
188979650745,2458337.934193,5.567402946486078,0.0608978044644242,14.595649767136818,0.011889433252532718,17.750852305205328,2.29,bb497867,bb,G,V
188979650745,2458338.479985,3.6633574944949996,0.06325012858334934,14.990367367177857,0.018766975341015,17.64998707959004,1.69,bk114727,bk,G,g
188979650745,2458338.506145,3.6597692307660745,0.055265220744549655,14.991431368471474,0.016413846973916082,17.796510838806938,2.12,bj114764,bj,G,g
188979650745,2458338.7031152,4.611349561069972,0.031018979935314866,14.740495509918706,0.007311586790779428,18.423571831789808,1.48,bs091162,bs,G,g
188979650745,2458338.9387775,6.214818918698527,0.07086036580742697,14.476210206729188,0.01239330345015632,17.586347918697566,2.02,bb498182,bb,G,V
188979650745,2458339.2865929,5.137246759765661,0.04819216542324548,14.623239555046162,0.010196665831546929,17.945199509102842,1.49,bo068520,bo,G,g
188979650745,2458339.4764364,3.670599351831503,0.06534420393294356,14.988223163327142,0.019350057528704417,17.61462293278217,2.00,bk115167,bk,G,g
188979650745,2458339.8275196,3.4101253978959445,0.09423719493815147,15.068139749131678,0.03003752697529133,17.217084735348752,1.43,br091722,br,B,g
188979650745,2458340.2906452,5.5554660893016035,0.05730147546751764,14.538264369796467,0.011211338790211758,17.75722609931816,1.52,bo068900,bo,G,g
188979650745,2458340.4768512,3.5452500477514577,0.05646579911559624,15.025948443421766,0.017312140970941112,17.77317691458005,2.13,bk115612,bk,G,g
188979650745,2458341.2987709,5.514368473712988,0.05777140404669459,14.546326165829537,0.011387524192103784,17.748358305089866,1.58,bo069121,bo,G,g
188979650745,2458341.4739557,4.226156400025494,0.16401802892833364,14.894917491460767,0.04218501384032407,16.675127422433565,1.54,bg292482,bg,B,V
188979650745,2458342.2921501,5.2470483909805425,0.05797256249562412,14.600277948522178,0.012009352723879164,17.744584367884865,2.00,bo069203,bo,G,g
188979650745,2458342.4705658,4.52880538207311,0.12625040443791788,14.819822259526195,0.030301302197530015,16.959274448583866,1.50,bg292907,bg,G,V
188979650745,2458342.9236449,6.532423832229535,0.08082111737637987,14.42209551808049,0.013448153837335556,17.44354426767536,2.09,bb498919,bb,G,V
188979650745,2458343.4891441,4.581819301913066,0.08300537918948674,14.747470728639344,0.01969157496276006,17.354875016748625,1.68,bj116966,bj,B,g
188979650745,2458343.8425631,6.233906819327541,0.0724324703649826,14.47288063847241,0.01262947110547073,17.562523150177274,2.05,bb499157,bb,G,V
188979650745,2458343.9036389,6.681256972159566,0.10296679630196566,14.397635965125,0.016751403400493723,17.18061339277865,1.53,bc417288,bc,G,V
188979650745,2458344.2223543,5.295099721914155,0.05894898630606526,14.59038026345429,0.012100808007469498,17.726449758155653,2.20,bo069726,bo,G,g
188979650745,2458344.6459041,4.183409899383784,0.044171691473228955,14.84623957288003,0.011476931325841922,18.03978053624026,1.52,bk117519,bk,G,g
188979650745,2458344.6644781,3.9793172008014137,0.06086844564718086,14.900544224361578,0.016626308139246218,17.691660082354197,1.52,bj117550,bj,G,g
188979650745,2458345.2214255,5.626471062218466,0.0870224099912352,14.524475398355424,0.016811528048654666,17.303562845347788,2.41,bo069839,bo,G,g
188979650745,2458345.4650415,4.877339996532543,0.1772655013269853,14.679608044626242,0.03950511813482461,16.531080053336005,2.14,bk117816,bk,G,g
188979650745,2458346.2157664,5.601123346116758,0.07373569772806751,14.529377780617505,0.014309182743864083,17.48344612609269,1.59,bo070257,bo,G,g
188979650745,2458346.8245471,5.530229832620723,0.07188629635485679,14.543207670618681,0.01412911958661851,17.51102533905554,1.39,br092500,br,B,g
188979650745,2458347.9015791,5.324665704380359,0.06070753317604045,14.644050537291838,0.012392599417106647,17.754249929012264,1.99,bb500119,bb,G,V
188979650745,2458348.2239377,4.410566611808083,0.07174647754125124,14.788829658490968,0.017681470101027115,17.5131391518278,1.51,bo070718,bo,G,g
188979650745,2458349.4801147,5.404291007694411,0.07746591298950677,14.568218805625834,0.015580596828804532,17.42986400218003,1.62,bj119402,bj,G,g
188979650745,2458350.7810602,5.709004064748183,0.13287820732855,14.508664741732996,0.025299129658115326,16.844006210496584,1.46,bs092829,bs,B,g
188979650745,2458351.4771716,4.556024807489825,0.0997762261112104,14.753600421930395,0.02380417672612518,17.155072928030396,2.03,bj120276,bj,G,g
188979650745,2458351.7670772,5.675548484714237,0.1428743818906614,14.51504602705791,0.02736268425928543,16.765254700082668,1.50,br093402,br,G,g
188979650745,2458351.7763913,6.139582037794152,0.09061278048650087,14.489434387436912,0.01604215923761887,17.31938275093883,1.48,bc419185,bc,G,V
188979650745,2458352.2878838,3.839562835564431,0.11258867491345313,14.939361173935058,0.031873158406887876,17.023903841857987,1.50,bo071535,bo,G,g
188979650745,2458352.470019,4.871082570653154,0.12922279260399105,14.681001893674559,0.02883538826142649,16.874292805833363,2.38,bj120709,bj,G,g
188979650745,2458352.7758904,6.336089409350497,0.2361837410556126,14.455228161995855,0.0405173350758414,16.279231400246854,2.24,bb501461,bb,B,V
188979650745,2458353.3329111,5.353370917231992,0.12237996621820914,14.578497284173753,0.024848213297328732,16.933364788997412,1.46,bo071929,bo,G,g
188979650745,2458354.3700953,5.7793362101769885,0.161233782251203,14.495370722083834,0.03032426298958041,16.634000506786705,1.45,bo072379,bo,G,g
188979650745,2458355.3743681,4.614641739527423,0.15090155543047262,14.739720647385449,0.03554413085002097,16.705906320628298,2.15,bo072801,bo,G,g
188979650745,2458359.2764964,5.693276733421464,0.0781471220777123,14.511659887030122,0.014919795396361459,17.42035813920046,1.49,bo073062,bo,G,g
188979650745,2458360.2286337,5.43753455181673,0.058926085095197034,14.561560548241854,0.011779252505784934,17.726871639963054,1.49,bo073438,bo,G,g
188979650745,2458360.7483253,4.670038473148097,0.06117404506339783,14.726764476216472,0.014238325363945044,17.686222614765693,1.57,bs095475,bs,G,g
188979650745,2458360.8578804,6.726030546814119,0.11213850516861075,14.390384316100079,0.018122082360870845,17.087969487281068,2.05,bb502238,bb,G,V
188979650745,2458361.2290916,6.258475238821176,0.20568169255564667,14.408894276486759,0.03572228835210878,16.36965151778991,1.54,bo073848,bo,B,g
188979650745,2458361.751993,4.620621275376468,0.052740312039616315,14.738314688625922,0.01240664895768741,17.84728387398927,1.43,bs095806,bs,G,g
188979650745,2458361.7782372,4.382769863744588,0.06948899554575655,14.795693955417946,0.017233740133694404,17.547850526303424,1.49,br096043,br,G,g
188979650745,2458362.2294692,5.318793535152788,0.09700704817890124,14.585532791754405,0.019824503992462227,17.185632387271376,1.58,bo074251,bo,B,g
188979650745,2458365.6085092,3.736579651943745,0.05567325890818186,14.968880011126974,0.016195134988020447,17.78852400130329,1.55,bk125688,bk,G,g
188979650745,2458366.2312458,3.9749174976549573,0.05192251384932784,14.901745324823043,0.01419841168701315,17.86425133433514,1.46,bo075098,bo,B,g
188979650745,2458367.7780691,6.679826784127135,0.073168806205812,14.397868402397405,0.011906193627993365,17.55154147040458,2.06,bb503554,bb,G,V
188979650745,2458368.2395203,3.5059912247845593,0.07844388135716132,15.038038560395215,0.024319823686077983,17.41624292603421,1.49,bo075207,bo,G,g
188979650745,2458368.5986696,3.6129652877173286,0.06016566157934306,15.00540614973862,0.018100771258650672,17.704268870068912,2.11,bk126886,bk,G,g
188979650745,2458369.4722296,4.816602758244122,0.10945084945910027,14.693213547193944,0.024699631794594237,17.054592770141234,2.00,bj127215,bj,G,g
188979650745,2458370.4725878,3.8760135527815125,0.1164951639593142,14.929102404968065,0.03266892039780842,16.986870869053774,2.10,bj127632,bj,G,g
188979650745,2458370.7760279,5.4518549818831765,0.05797136784165441,14.618420666565253,0.011557966336048555,17.804322524366615,2.03,bb504263,bb,G,V
188979650745,2458370.8032436,5.0053559827231355,0.084260012678455,14.71119397928208,0.018297793527332917,17.398302593331053,1.47,bc422365,bc,G,V
188979650745,2458372.8019045,4.70325343963984,0.07859234804545415,14.778785450065424,0.018163270672766397,17.473905733521413,1.61,bc423135,bc,G,V
188979650745,2458372.8367365,4.5632421026682515,0.0763752806169493,14.811597627356527,0.0181924621789642,17.504974346346856,2.09,bb505080,bb,G,V
188979650745,2458376.485978,4.258211955561287,0.049114612299002186,14.826997434881283,0.012537057503999338,17.92461381103741,2.03,bj130063,bj,G,g
188979650745,2458376.8032282,4.898407295828593,0.10198112191650609,14.734644171319891,0.02262960976230314,17.191056930112435,1.63,bc423644,bc,G,V
188979650745,2458377.4987769,5.096987875184743,0.08865506268112462,14.631781621078082,0.01890610708249861,17.28338175844992,1.53,bj130482,bj,G,g
188979650745,2458378.7433684,4.594843027279733,0.09069079547661361,14.804104706370909,0.021453823562580965,17.318448365568248,2.07,bb506165,bb,G,V
188979650745,2458378.7668139,4.6361068066229,0.09589855615016943,14.794397822810616,0.022483856688522475,17.257826222484763,1.72,bc424264,bc,G,V
188979650745,2458380.572243,4.8299021925852035,0.09643103784506049,14.690219781765057,0.021701546181343786,17.192098509172084,1.57,bk131709,bk,G,g
188979650745,2458380.5946017,4.631952443671644,0.4777669790529203,14.735655392697193,0.11211512641125636,15.454600286159296,1.53,bj131743,bj,B,g
188979650745,2458382.5599442,4.42521123900169,0.10539292224089852,14.785230605464205,0.025887470221813282,17.095611995420995,1.58,bk132405,bk,G,g
188979650745,2458382.5861762,4.470262138434374,0.1442048163713477,14.77423314446497,0.03506379732709073,16.75519119681224,2.09,bj132442,bj,G,g
188979650745,2458384.7511516,6.446852550439194,0.13648626490190516,14.436412061183626,0.0230119480168402,16.874634021232158,2.22,bc426012,bc,G,V
188979650745,2458384.7588723,6.316622220277397,0.10023401556000487,14.458569145221954,0.01724814514999825,17.209818570311175,2.16,bb507932,bb,G,V
188979650745,2458385.548612,3.4810771796561935,0.11979293712376567,15.045781491730787,0.03740500642327694,16.956562578383195,1.44,bk133381,bk,G,g
188979650745,2458385.7031683,5.189955556177154,0.12532990865893578,14.612156525247627,0.026248425465543568,16.907503803558765,1.45,br099742,br,G,g
188979650745,2458386.7731181,5.894859854499121,0.14393560553676762,14.533597693128023,0.026540367203005198,16.81693579564226,1.65,bc426747,bc,G,V
188979650745,2458386.7847464,5.273216252043884,0.13528717006465146,14.65459244975955,0.027886448190401272,16.88421486290582,2.01,bb508671,bb,G,V
188979650745,2458390.6842283,5.191654285881893,0.08554029319591576,14.611801209957022,0.017909239414038516,17.32221377518971,1.49,br101092,br,G,g
188979650745,2458390.7549138,5.061080028909162,0.06828320723503678,14.69917339278086,0.014665027426050201,17.62657161477559,2.20,bc427355,bc,G,V
188979650745,2458391.6758138,4.787688062904568,0.04445001573064333,14.699751005713864,0.010091558567522481,18.0329608139398,1.41,br101495,br,G,g
188979650745,2458394.5247592,5.388111670230588,0.0632717151359774,14.571474152213153,0.012763952868431896,17.649616593336244,1.41,bG002209,bG,G,g
188979650745,2458396.5164566,5.679816461757055,0.09205133317932378,14.514229867042532,0.0176160264346104,17.242565404512362,1.50,bk137122,bk,B,g
188979650745,2458396.7433742,4.925939504243184,0.07988516637789331,14.728558719668483,0.017627439904584735,17.45619103357415,1.64,bc429033,bc,G,V
188979650745,2458396.766749,5.847023520210748,0.06212148527455191,14.542444302437378,0.011548329389456905,17.729251816649345,2.35,bb510969,bb,G,V
188979650745,2458397.5147304,5.387647030007233,0.061414863439746586,14.57156778398926,0.012390434261143684,17.681956885190328,1.49,bG003228,bG,B,g
188979650745,2458397.7429455,5.6123039685805765,0.07209701784477164,14.586928442361842,0.013963307080841677,17.5675631403508,1.62,bc429422,bc,G,V
188979650745,2458398.5111182,5.5227983920723425,0.06243525172571864,14.54466764794049,0.01228804660823933,17.66406594384113,1.46,bG003576,bG,B,g
188979650745,2458398.5359988,4.889198456711331,0.06648274939706642,14.676971457274938,0.014780307790757407,17.595868182904415,1.57,bj137933,bj,G,g
188979650745,2458399.6251376,4.462639958382671,0.03435793629533963,14.776085997828872,0.008368495616494144,18.312572936179684,1.61,bs102848,bs,B,g
188979650745,2458399.6441139,3.5881142127400243,0.06969677842326996,15.012899975891315,0.021113421524430544,17.544608850749952,1.49,br103079,br,G,g
188979650745,2458412.7118409,4.867917893223461,0.16000434360183685,14.741423293492044,0.035727341462910255,16.702026962401128,2.34,bb513865,bb,G,V
188979650745,2458413.6954137,4.309970154946408,0.14629076821224907,14.873595747437067,0.03689392243146724,16.799314092392734,1.40,bc432301,bc,G,V
188979650745,2458414.7164306,5.057544641904891,0.09234665516814368,14.699932092297729,0.01984694277616936,17.29880346931278,2.02,bb514607,bb,G,V
188979650745,2458416.5598207,4.077497722368506,0.08586224057114783,14.874081304477881,0.022888675534497006,17.31813506847853,1.49,bs104890,bs,G,g
188979650745,2458417.5703838,4.594648452809088,0.32381596149292846,14.744434901989829,0.0766051798745941,15.876894981116418,1.49,bs105297,bs,B,g
188979650745,2458418.5474875,3.7978151373388855,0.07546929491525073,14.951231069349491,0.021599745994130976,17.45821488009183,1.53,br105932,br,G,g
188979650745,2458418.5809999,4.562342208569819,0.029935228041772448,14.75209597883046,0.0071319269494150034,18.462184184241917,1.44,bs105743,bs,G,g
188979650745,2458419.5764015,3.571619658425882,0.054665428387024075,15.017902610571854,0.01663641417102259,17.80835872190746,1.52,br106396,br,G,g
188979650745,2458420.5586823,3.725970711932888,0.06469430557289979,14.971967030299227,0.01887290663252916,17.62547547264153,1.63,br106823,br,G,g
188979650745,2458420.5648489,4.510156583472552,0.03280506488370494,14.764586572378015,0.007906084536418494,18.362788358776548,1.47,bs106612,bs,G,g
188979650745,2458421.5717417,4.6172364050877155,0.029842122577866143,14.739110344179949,0.007025217448863533,18.465566336636428,1.48,bs107062,bs,G,g
188979650745,2458421.5979179,4.642337446773989,0.042544402723675295,14.733223858056688,0.009961343080764257,18.08053453388777,1.62,br107299,br,B,g
188979650745,2458425.5620745,4.541837998273455,0.030234898344867936,14.756986523745685,0.007235841514507309,18.45136932952032,2.16,bs108007,bs,G,g
188979650745,2458425.5879844,5.6339651997107625,0.057074704495642344,14.52303022209211,0.011011378323930189,17.76153143242258,1.41,br108244,br,G,g
188979650745,2458426.5579976,4.678003729972826,0.02816840452368224,14.724914212895051,0.006545063401259898,18.528234989024234,1.48,bs108429,bs,G,g
188979650745,2458426.5802614,5.5192045837469905,0.05849647393993338,14.545374390722232,0.011520341904881347,17.73481639044965,1.46,br108663,br,G,g
188979650745,2458427.5463393,5.642367154518985,0.06987290354848742,14.521412265485726,0.013460451283119719,17.541868634911967,1.44,bs108810,bs,G,g
188979650745,2458427.5801988,5.269828146221071,0.0509305211300364,14.59557449049604,0.010504946378102118,17.88519531150138,1.43,br109053,br,G,g
188979650745,2458428.5458307,4.579891201707891,0.04107565296997709,14.747927719335403,0.00974858286235279,18.11867942134462,1.48,bs109241,bs,G,g
188979650745,2458430.541348,4.640479446323549,0.05599325469032207,14.73365848870979,0.013115505426333532,17.782301330855926,1.47,bs110120,bs,G,g
188979650745,2458430.5710238,4.532449115404069,0.046523142332539034,14.759233279565391,0.011157021663693385,17.98346800947867,2.13,br110360,br,G,g
188979650745,2458431.5446231,4.555334732346351,0.055210947698222206,14.75376488466846,0.013173982417987947,17.797577606724605,2.29,bs110568,bs,G,g
188979650745,2458437.5498098,3.5386385364662822,0.07716208602467342,15.027975115402686,0.02370172363500845,17.434130711473724,1.39,br111628,br,G,g
188979650745,2458441.5413913,4.495273151978371,0.12084007372791118,14.768175406139886,0.02921911567669345,16.94711315750083,1.64,br113426,br,B,g
188979650745,2458444.5358355,6.415534694074296,0.22003402248067422,14.381983477516204,0.0372794205229332,16.296416015827397,2.08,br114711,br,G,g
188979650745,2458509.1729679,3.9983766489914694,0.1909061769020119,14.895356366139971,0.05189774056835452,16.45059066014031,1.54,bC018678,bC,G,g
188979650745,2458511.1660329,5.1405280765181836,0.09490799320882974,14.622546283481979,0.02006814487693338,17.209383635160535,1.64,bC019080,bC,G,g
188979650745,2458516.0363395,5.779501054467873,0.2792734710052447,14.49533975401833,0.0525232399470206,16.0375664045137,1.44,br133537,br,B,g
188979650745,2458519.1466478,4.359108676350854,0.046121345928754394,14.80157138105762,0.011500492754544732,17.992885680101164,1.50,bC019536,bC,G,g
188979650745,2458520.1431703,3.9882026367038126,0.04346745762312133,14.898122581579274,0.01184674923787727,18.05723001295145,1.49,bC019969,bC,G,g
188979650745,2458541.9983599,4.600505134662932,0.1382429215316684,14.74305182288672,0.03266251003850413,16.801033353153837,1.46,br139416,br,B,g
188979650745,2458542.0243011,3.539348852859903,0.3212054586568705,15.027757195763794,0.09864423729330356,15.885683318459094,1.51,bs139222,bs,B,g
188979650745,2458543.9956025,4.25416123239649,0.0454040755012157,14.82803075826369,0.011600936890626674,18.009903518492717,1.42,br139908,br,G,g
188979650745,2458549.9837895,3.6706962695796963,0.05445808146832638,14.988194496150793,0.016125977870725883,17.812484768216002,1.44,br141579,br,G,g
188979650745,2458554.6440106,5.335607803148893,0.07976846085880088,14.582105874728093,0.016250229019530996,17.398062580511127,1.42,bo116476,bo,G,g
188979650745,2458554.9008596,3.9268413968172773,0.08482113875073038,14.91495722056918,0.023478638587535537,17.33138036468169,1.48,bk190047,bk,G,g
188979650745,2458555.6394737,5.419025064219361,0.0657043042308193,14.565262722963567,0.013179072092058883,17.608656059595088,1.52,bo116867,bo,G,g
188979650745,2458557.9262861,4.495488088803834,0.044421193811129286,14.7681234940299,0.010740525914571452,18.033665046565087,1.53,bs142739,bs,B,g
188979650745,2458558.6330078,5.351479391735346,0.07058152642814572,14.578880978980504,0.014336045203473686,17.530912995504142,1.44,bo118044,bo,G,g
188979650745,2458558.9702409,5.1177076303793125,0.05071593275756998,14.62737694367778,0.010771622345068992,17.889779568055847,1.56,br143357,br,G,g
188979650745,2458559.0128682,4.342761125054044,0.250026321584228,14.80565076849675,0.0625794818150491,16.157676282591623,1.59,bs143175,bs,G,g
188979650745,2458559.6282923,5.049419296616238,0.049495225121756,14.641962033805589,0.010654523734460217,17.916232351648492,1.41,bo118440,bo,G,g
188979650745,2458561.9443158,4.588901886409479,0.13125848053398176,14.745793691516095,0.031090719518872094,16.857322180197112,1.54,br144153,br,G,g
188979650745,2458563.6221292,2.1889525670783083,0.23609321629760086,15.549474745177548,0.11723555140144976,16.21993183992118,1.50,bo119509,bo,G,g
188979650745,2458563.8841166,4.745682972108898,0.13277105200547046,14.709318816056847,0.030410029857384197,16.844882120487085,1.62,bG057975,bG,G,g
188979650745,2458565.9010089,3.2508428594385004,0.2769797774516418,15.120075680030801,0.09261135911777546,16.046520456486522,1.49,bj194479,bj,B,g
188979650745,2458566.629857,3.475927028295919,0.1881339921496248,15.047388995951323,0.05883134716671726,16.466472433447784,1.42,bo120632,bo,G,g
188979650745,2458566.9609921,3.8030536975035805,0.10538424245438403,14.949734478510797,0.030120029517206843,17.095701416478416,1.70,br145390,br,B,g
188979650745,2458567.8806761,4.122267617435592,0.09309873150622423,14.862225165438678,0.02454820568861618,17.230281202318587,1.40,bG059179,bG,G,g
188979650745,2458567.9874853,4.098222741676644,0.10218858122665538,14.868576724886381,0.027103100981314566,17.129134687682097,1.41,br145812,br,G,g
188979650745,2458569.8484498,3.916049166568475,0.09801095323928904,14.917945282792491,0.027204368559720263,17.174454078701604,1.44,bk196021,bk,B,g
188979650745,2458570.6303726,4.723680260722687,0.21469327831163493,14.71436438939897,0.049402636536344045,16.323094492408654,1.62,bn121840,bn,B,g
188979650745,2458570.859973,3.6504294532490915,0.09559794849034882,14.994205722644477,0.028465366858132134,17.201519180147354,1.49,bG060285,bG,G,g
188979650745,2458570.8639191,3.632196267741953,0.0866598854695795,14.999642352715831,0.02593349057728221,17.308095334613284,1.46,bj196443,bj,G,g
188979650745,2458571.85532,3.5457279563356776,0.08344330803298486,15.025802093326494,0.025579866526385442,17.349161829032344,1.44,bG060676,bG,G,g
188979650745,2458571.8630207,3.4454363511938313,0.07989718128529229,15.05695504367231,0.02520573692691512,17.39631196646875,1.52,bF060771,bF,G,g
188979650745,2458572.8458447,4.599343605137355,0.28338121884723144,14.74332598275634,0.06697109205329381,16.02171295168558,1.46,bk197200,bk,B,g
188979650745,2458573.1194345,3.841579834943935,0.052900420606826135,14.9387909646848,0.01496791935919039,17.843992798722013,1.43,bC022012,bC,G,g
188979650745,2458574.020902,4.611058854041343,0.027823379540576565,14.740563958664817,0.006558754682115282,18.541615911367284,2.39,bB022322,bB,G,g
188979650745,2458574.8604079,4.4438496895294755,0.04424217065652639,14.780667220345485,0.010821544221964616,18.038049544846988,2.01,bF061761,bF,G,g
188979650745,2458575.5978941,5.62072310226816,0.07625826302831529,14.525585145137347,0.014747109015506655,17.44692333915998,1.52,bo123337,bo,G,g
188979650745,2458575.8525758,4.515851291258138,0.03580469653207381,14.763216542277323,0.00861812001643333,18.267790618562614,1.57,bs147727,bs,B,g
188979650745,2458575.8824222,5.334666179711184,0.051669028623306024,14.58229750142144,0.010527741707180047,17.869564869204872,1.69,br147966,br,G,g
188979650745,2458576.6035325,5.386203335179372,0.06220299747929211,14.571858761067924,0.012552803816417305,17.66811232827824,1.50,bo123748,bo,G,g
188979650745,2458576.8779531,5.455897559919222,0.051588311137356,14.557900103782266,0.010277731687668771,17.871262335262145,1.53,br148351,br,G,g
188979650745,2458577.5875672,5.324938218012084,0.06973185278718368,14.58427918906261,0.014234060388456182,17.544062599851085,1.63,bo124105,bo,G,g
188979650745,2458578.0145052,3.833341487462889,0.050420091319131805,14.941121848660595,0.014296781871704665,17.89613154164134,2.09,bB023151,bB,G,g
188979650745,2458578.8990537,5.309872608516748,0.04813335255622233,14.587355367639708,0.00985312931806275,17.946525331549623,2.18,br149144,br,G,g
188979650745,2458578.9862597,3.7905205293760944,0.056679876750962435,14.953318489503832,0.016253324895187753,17.76906836840849,1.39,bC023541,bC,G,g
188979650745,2458579.9008979,4.923921469561932,0.04850718864510145,14.669287827641284,0.010707970339282061,17.938125349598742,1.61,br149294,br,G,g
188979650745,2458579.9614653,3.9592113892296172,0.052349865518436026,14.90604389699676,0.014372061035241275,17.85535168554907,1.56,bs149127,bs,G,g
188979650745,2458580.8396412,5.195679752623834,0.06270734577055256,14.610959686003838,0.013118621949674959,17.659344564758076,1.54,bj199842,bj,G,g
188979650745,2458580.8544924,5.144540557727298,0.06925694071203398,14.621699133794293,0.014632848655371806,17.55148235259233,1.48,bk199825,bk,G,g
188979650745,2458581.8157026,5.4344186033357715,0.07056962609704204,14.562182901580265,0.014114870590901444,17.53109607045787,1.43,bk200217,bk,G,g
188979650745,2458581.8392306,5.1925296390456195,0.05012555535791814,14.611618161846371,0.010492823939296585,17.902492618067683,1.59,bF064447,bF,G,g
188979650745,2458582.8164137,5.03280979280469,0.07049874618777244,14.64553932922019,0.01522590264642745,17.532187128487585,1.47,bG064744,bG,G,g
188979650745,2458582.8318867,4.807065383531546,0.0601786233797939,14.695365549166851,0.013607376212531318,17.704034989480604,1.68,bj200680,bj,G,g
188979650745,2458583.835027,4.540546545084146,0.034880114921329856,14.757295292326699,0.008349912949091293,18.296195843553388,2.02,bF065244,bF,G,g
188979650745,2458583.9839658,3.841743738212965,0.05511226469682608,14.93874464209755,0.015593084708948789,17.799519967423855,1.48,bC025521,bC,G,g
188979650745,2458584.8927494,3.7523664236555367,0.07531517752376381,14.964302519229033,0.02181671887886781,17.46043435119895,1.46,bG065610,bG,G,g
188979650745,2458585.9566847,4.517101322178135,0.025000358827377063,14.762916041678317,0.006015871935352682,18.657775006198946,1.55,bs151022,bs,G,g
188979650745,2458586.8221263,3.654832584578375,0.07042695931460097,14.992896901782837,0.02094515712053961,17.53329326613213,1.52,bF066459,bF,G,g
188979650745,2458586.8273344,3.7805180590976546,0.06463981063891559,14.956187329837933,0.01858493006504028,17.62639042266457,1.43,bk202341,bk,G,g
188979650745,2458587.8163198,3.583094315606968,0.060608273523793256,15.014420022318696,0.018385940300562943,17.696310829059833,1.60,bj202788,bj,G,g
188979650745,2458587.8348555,3.638467247306122,0.09016726558580354,14.997769447656653,0.02693658914985075,17.265018362811976,1.46,bk202774,bk,B,g
188979650745,2458588.7946875,3.7354653041776236,0.07107764999551998,14.969203854928889,0.020682380619656274,17.52330796016395,1.38,bk203168,bk,G,g
188979650745,2458588.8136102,3.6057597028619903,0.0707646566672483,15.007573670169837,0.021332010841444583,17.528099601641223,1.56,bj203212,bj,G,g
188979650745,2458589.9525069,5.4834442888965995,0.0934082513549345,14.55243203365455,0.018515863870466064,17.226677506529853,1.40,bC026597,bC,G,g
188979650745,2458591.5479937,5.702572177290605,0.202487310197861,14.509888645191904,0.03859572409542923,16.386646083105358,1.60,bo127779,bo,G,g
188979650745,2458591.572378,5.119835735719716,0.12938362221276517,14.626925553931965,0.027468532044735094,16.872942347828065,1.57,bn127824,bn,G,g
188979650745,2458591.8173324,4.557257462952249,0.18089648414554543,14.753306710261647,0.0431458206608109,16.509065296158695,2.00,bF068187,bF,B,g
188979650745,2458592.5788959,6.011763111630612,0.23395878561452635,14.452560974156132,0.04230090625991085,16.229792215317055,1.55,bo128188,bo,G,g
188979650745,2458593.5694834,4.767592239039994,0.36044640968171726,14.704317861946969,0.08217766035710472,15.760538851491415,1.69,bn128433,bn,B,g
188979650745,2458593.8488181,4.97990422070431,0.17089374973012975,14.657013147320493,0.037300732616770686,16.570825163642006,1.58,bF068863,bF,B,g
188979650745,2458593.9051208,5.233586684645893,0.13496089578731377,14.603067067669544,0.02802984543776624,16.827120731017292,1.43,bs153362,bs,G,g
188979650745,2458594.7928131,5.418446934409764,0.22301836860040564,14.565378561134315,0.0447381460319198,16.281789024973527,1.56,bj205711,bj,G,g
188979650745,2458594.9075103,5.584019653410294,0.11720764297584328,14.532698276901069,0.022815036450034416,16.980250780317043,1.43,bG069258,bG,G,g
188979650745,2458595.9635274,4.452463725546254,0.06542896854351926,14.778564647457372,0.015972829528289406,17.613215426674756,2.22,bB028913,bB,G,g
188979650745,2458596.0731775,3.9468095327435324,0.0803818247327401,14.90945020107073,0.02213725995584319,17.38974595942826,2.37,bC029004,bC,G,g
188979650745,2458598.6200869,3.8278198593065302,0.10202934850575666,14.942686894053912,0.028972488216103865,17.130827827606925,1.51,bn129007,bn,G,g
188979650745,2458598.9801185,3.4441731030868104,0.06557179161448042,15.057353195187241,0.02069399080830179,17.610847986359598,2.11,bB030098,bB,G,g
188979650745,2458599.7603809,5.592464660928822,0.10293470400883856,14.53105750116168,0.02000648276195126,17.121236061354317,1.43,bk207319,bk,G,g
188979650745,2458599.9320737,3.632530508024796,0.05647835712313966,14.99954244619832,0.01689993201061624,17.772935473429666,1.49,br154245,br,G,g
188979650745,2458600.7621525,5.302540606101845,0.08830637179151621,14.588855614865452,0.018101735349174874,17.287660507819403,1.57,bG071169,bG,G,g
188979650745,2458600.7960657,4.81727265621517,0.07085970461391249,14.693062552407206,0.015988594284616357,17.526642267444746,1.49,bF071255,bF,G,g
188979650745,2458601.7834897,5.079672733308597,0.05882083006387631,14.635476289749882,0.01258657559428943,17.72881273928651,1.53,bF071669,bF,G,g
188979650745,2458601.7875132,5.171721018461899,0.07174840345022507,14.615977898761727,0.015079582749377764,17.513110007525427,1.50,bG071610,bG,G,g
188979650745,2458602.6240464,4.313139343669351,0.04349115193711273,14.813081899703617,0.010960228146901271,18.056638334328387,1.49,bn130714,bn,G,g
188979650745,2458602.746189,5.313593786122547,0.06900107175731245,14.586594746338504,0.01411496022700873,17.55550102029934,1.42,bk208636,bk,G,g
188979650745,2458602.8105217,4.148067540942238,0.06162959242407406,14.855451074337534,0.016149372389981684,17.6781673724076,1.43,br155215,br,G,g
188979650745,2458602.9486791,4.445698244919904,0.05005008237111741,14.78021566902755,0.012237057139231653,17.904128620026103,1.46,bs155109,bs,B,g
188979650745,2458603.8577583,3.538800892668542,0.07221493990095297,15.027925301904833,0.02218110096415992,17.506072976058842,1.50,bF072576,bF,G,g
188979650745,2458604.6417506,5.261003135111702,0.10093607481834072,14.59739422078244,0.020854031443228713,17.142524581516977,1.72,bo131395,bo,B,g
188979650745,2458604.7725609,4.141986171322992,0.051182944398566056,14.857044010784916,0.013431632292983421,17.87982744667778,1.58,bj209575,bj,G,g
188979650745,2458604.8990291,3.7371334429967242,0.06429559865647592,14.968719108242542,0.018700568589474217,17.63218750046246,1.42,bG072968,bG,G,g
188979650745,2458605.777351,3.972869132244504,0.08957635998328772,14.902304973600625,0.024507630489826675,17.272157085150507,1.46,bF073361,bF,B,g
188979650745,2458605.9748825,5.7418618533774195,0.06241219456237654,14.50243377389321,0.011814868355936307,17.664466977231054,1.47,bC031757,bC,B,g
188979650745,2458606.8939834,5.01447807640223,0.05158696031624301,14.64950128005479,0.011182177307008781,17.871290765240914,1.47,bF073582,bF,G,g
188979650745,2458607.739204,4.039827574563702,0.06030866948941581,14.884158549241835,0.016226658293952034,17.701691243165595,1.45,bk210850,bk,B,g
188979650745,2458609.7412997,3.905698012803737,0.09703045866084409,14.920818970398738,0.027003595644874905,17.185370400727088,1.51,bG074680,bG,B,g
188979650745,2458609.7646311,3.6498921235902317,0.08659259814445618,14.99436555074504,0.025787718129835706,17.308938685163383,1.53,bF074765,bF,B,g
188979650745,2458609.8790613,5.164946865797909,0.05389266278489385,14.6174009770572,0.011341642578326601,17.823816505939952,1.49,br157435,br,B,g
188979650745,2458611.8908841,5.373508432553355,0.06218167159830011,14.574420785421403,0.012578145977579993,17.6684846294869,1.55,bC033094,bC,G,g
188979650745,2458611.9141291,5.30733254702972,0.03703083121582537,14.587874870979991,0.007584017609371212,18.23123195997138,2.37,bB033105,bB,G,g
188979650745,2458612.8150058,5.359453399297314,0.05771453982080034,14.577264374623923,0.011705148040958192,17.749427518393766,1.54,bs158094,bs,G,g
188979650745,2458612.8929933,4.941377611896544,0.045638979228198505,14.665445514224997,0.010039221855495321,18.004300805628358,1.46,br158373,br,G,g
188979650745,2458613.8525275,5.239440726639123,0.062217296482586316,14.601853293323586,0.01290738834640933,17.66786277179284,1.42,bk213181,bk,G,g
188979650745,2458614.7395715,4.970923427728481,0.050204031464968,14.658972939022902,0.010977759004302276,17.90079412870464,1.52,bk213519,bk,G,g
188979650745,2458614.927491,4.1457277126938274,0.04837773486228893,14.85606368562873,0.012684020287806814,17.941026786424995,2.08,bB034276,bB,G,g
188979650745,2458615.8172693,5.429298133485724,0.06638115976964498,14.563206396586246,0.01328964311007522,17.597528521798644,1.46,br158726,br,G,g
188979650745,2458615.9203538,3.6950039998077164,0.07097101103482288,14.981028340155065,0.02087748844188935,17.524938131140257,1.41,bC034662,bC,G,g
188979650745,2458616.7678714,5.681393970380512,0.06789388882832205,14.513928357225943,0.012989365925495487,17.57306389914227,1.56,bj214470,bj,G,g
188979650745,2458617.7492085,4.792930546882463,0.0672023821733043,14.69856278281144,0.015240376814387814,17.58417894121892,1.48,bs158717,bs,B,g
188979650745,2458617.9151042,3.4940235690362047,0.08596583957577458,15.041751046775538,0.026743130985645562,17.3168258388854,2.14,bB035199,bB,G,g
188979650745,2458618.5601021,3.283280859692447,0.09189398969044407,15.109295535016132,0.03042224399042519,17.24442284303224,1.55,bn135030,bn,G,g
188979650745,2458618.7601452,5.279919425356102,0.08849331186868611,14.593497384787772,0.01821777468876351,17.285364489168906,1.49,bk215334,bk,G,g
188979650745,2458618.9373654,4.531775503282658,0.039240871179763326,14.759394653560475,0.009412010991425418,18.16829401016399,2.23,bB035576,bB,G,g
188979650745,2458619.4784056,4.360006930167237,0.2543389649797919,14.801347673347578,0.0634071002971,16.139108362404894,1.55,bo135372,bo,B,g
188979650745,2458619.5697041,2.805381872382639,0.3726933238487429,15.280085656358347,0.14440153155405117,15.724261578454957,1.46,bn135473,bn,B,g
188979650745,2458620.759873,4.114521969854459,0.1275373652365476,14.864267158231604,0.03369226654395394,16.88854700954296,1.50,br159882,br,B,g
188979650745,2458621.7026692,5.349918774888207,0.2181873437970197,14.579197651287865,0.044329674202589014,16.30556672333806,1.49,bG076946,bG,G,g
188979650745,2458621.7993177,4.405424396717196,0.16194622358234065,14.790096240937476,0.03995721820240979,16.629213548521633,1.53,br160255,br,G,g
188979650745,2458621.9418943,4.953703496131365,0.07307655843024935,14.662740601441547,0.016034678263251417,17.49319539671777,1.46,bC036303,bC,G,g
188979650745,2458622.8116219,4.280510467752258,0.13897730698841285,14.821326713704577,0.035290718558649146,16.79528088156762,1.54,br160603,br,G,g
188979650745,2458623.0082845,5.170669996237995,0.1272176661425195,14.616198569761847,0.02674316326407426,16.891272051410436,1.44,bC036736,bC,G,g
188979650745,2458624.6936065,4.511670003517069,0.16266247019712746,14.764222305799644,0.03918882202934497,16.624422203384256,1.47,bG077901,bG,G,g
188979650745,2458625.6902859,3.829570562083159,0.1261360141171243,14.942190432121878,0.035801498091787884,16.90054285339035,1.58,bG078332,bG,G,g
188979650745,2458625.7296316,3.9136308029700104,0.16137366772007333,14.91861598836637,0.04481929170022459,16.63305893691531,1.55,bj217699,bj,G,g
188979650745,2458626.692981,3.851625042170577,0.09985485752382683,14.935955618026892,0.02817976501463624,17.15421762058659,1.57,bG078771,bG,G,g
188979650745,2458626.7097184,3.76399520559577,0.10148332823904775,14.960942968354216,0.02930608554262654,17.136653856767044,1.60,bj218136,bj,G,g
188979650745,2458627.6901486,3.682203450151136,0.134589920728371,14.984796170799664,0.03972985036719001,16.830109268110736,1.42,bk218851,bk,B,g
188979650745,2458628.5335318,5.323053649111575,0.11010349248565832,14.584663514056945,0.02248290494752312,17.0481378738858,1.49,bn138548,bn,G,g
188979650745,2458628.9600973,4.170062428761333,0.04627651806283967,14.849709230493154,0.01206230457483185,17.989238925618853,2.33,bC039143,bC,G,g
188979650745,2458629.8418271,5.433742193739453,0.10554007429754657,14.562318049081783,0.021112056474582773,17.094097122508288,1.48,br161890,br,G,g
188979650745,2458630.8709182,4.91757701171475,0.02939458880102927,14.67068769749883,0.006497232259912823,18.481972138315605,2.11,bB039813,bB,G,g
188979650745,2458630.890414,4.624876813994216,0.03840089688750953,14.73731519835949,0.009025128017725958,18.19178719188094,1.47,bC039835,bC,G,g
188979650745,2458631.9286975,3.8065851940483864,0.05916947015146028,14.948726737148668,0.016895626444808014,17.72239641071574,1.50,br162433,br,G,g
188979650745,2458631.9431781,4.564804668203768,0.04921411836692026,14.751510126169538,0.011718706671761052,17.92241633779271,1.70,bs162225,bs,G,g
188979650745,2458633.9493331,3.5317051466959395,0.06368254244968709,15.030104526657839,0.019599641521992516,17.642589627027544,1.43,bC040996,bC,B,g
188979650745,2458633.9648437,3.859448543354317,0.051462598925403155,14.93375248475277,0.014493678798732146,17.873911324339893,2.04,bB041001,bB,B,g
188979650745,2458635.7780532,4.7708336918038245,0.04174488707465628,14.703579928291521,0.00951089058774237,18.10113238502141,1.40,br163058,br,G,g
188979650745,2458635.8162286,4.073291398977665,0.05790619237464422,14.875201921863951,0.015452249123766987,17.74582808941471,1.51,bk220260,bk,G,g
188979650745,2458636.9580707,5.0560469872620555,0.030175762716784377,14.6405378689986,0.006487230471966589,18.453494971312054,2.15,bB042087,bB,G,g
188979650745,2458637.0086115,5.721749692088388,0.06147140109731612,14.50624348499262,0.011677676221236824,17.680957831531757,1.47,bC042133,bC,G,g
188979650745,2458638.4263578,4.056416099848475,0.07702458734836638,14.879709377894482,0.020639494443309096,17.436067160678842,1.63,bo140619,bo,G,g
188979650745,2458638.7103359,4.900736504357529,0.0843300607343867,14.674412240709827,0.018703945705384403,17.337684578678513,1.59,bj221589,bj,B,g
188979650745,2458640.6744447,4.885463611096467,0.06721475944731033,14.677801165201913,0.01495447043601737,17.583978989718975,1.54,bG082652,bG,B,g
188979650745,2458641.4236483,3.475296343519178,0.07096178641916667,15.047586013731117,0.02219447463420232,17.52507926130026,1.59,bn141065,bn,G,g
188979650745,2458641.6406907,5.204446851540325,0.12091844974727882,14.609129177718438,0.02525399937795323,16.946409184928772,1.61,bk222882,bk,B,g
188979650745,2458642.6483305,4.367994829829947,0.06690118670648795,14.79936033316968,0.016648069431331115,17.589056057848175,1.48,bG083515,bG,B,g
188979650745,2458643.6508065,3.9912386960446455,0.0614125802311068,14.8972963684228,0.01672483398830087,17.681997250148015,1.56,bk223810,bk,G,g
188979650745,2458643.6722728,4.6285612404365075,0.042010916784843366,14.736450586661645,0.009865709366571747,18.094235213818692,1.55,bF084048,bF,G,g
188979650745,2458644.6753775,3.7568833075763015,0.07329820786496404,14.962996358115086,0.02120693099781486,17.489907220674006,1.44,bG084420,bG,G,g
188979650745,2458645.0619333,3.761854904588576,0.040956889755365204,14.96156052047689,0.01183415085346404,18.121823188627793,2.18,bB044431,bB,G,g
188979650745,2458645.3859033,3.4974252988449552,0.09993424586805641,15.040694504255264,0.031058327486576887,17.153354762676532,1.58,bo142293,bo,G,g
188979650745,2458645.883169,5.105143706780572,0.09522509842279499,14.63004569296174,0.02027475575789045,17.205762035913487,1.56,bF085092,bF,B,g
188979650745,2458646.6371612,4.004494596250057,0.12294268176465226,14.893696342399023,0.033370840322603006,16.928383905917222,1.50,bG085276,bG,G,g
188979650745,2458646.9208612,4.360298747198149,0.04784562254340898,14.80127500701512,0.01192718996459712,17.95303508699633,2.09,bB045057,bB,G,g
188979650745,2458647.644164,3.359458783761103,0.12138990398272652,15.084392329223073,0.039275834680606185,16.942184191688852,1.47,bk225647,bk,G,g
188979650745,2458647.9768188,3.7129756724653684,0.06624445743358319,14.975760362971656,0.019392759713045243,17.59976674290901,2.13,bB045468,bB,G,g
188979650745,2458648.6338867,3.383864295075541,0.13415541954797253,15.076533277352954,0.04309307214728676,16.833620056972293,1.45,bG086157,bG,G,g
188979650745,2458648.8520628,4.466135892120794,0.14576902641911493,14.775235789001497,0.035476886006390956,16.74347747851563,1.54,br165455,br,B,g
188979650745,2458650.0088451,4.857726553958483,0.08947970961457435,14.683982961511528,0.020021825610918573,17.273329196377368,1.47,bC046234,bC,G,g
188979650745,2458650.6405077,3.783970899953964,0.1817274763870981,14.955196152612977,0.052201740145663714,16.5040891222701,1.64,bj226705,bj,G,g
188979650745,2458650.7174434,5.25416598316791,0.16347566309666836,14.598806151368713,0.03381905686226853,16.61900784233866,1.45,bG086742,bG,G,g
188979650745,2458652.0335486,5.365445875168304,0.1217061530374349,14.576051076760725,0.024655788140938217,16.939359273454233,1.45,bC046989,bC,G,g
188979650745,2458652.6491986,4.771594103220894,0.16914734938193482,14.70340688926508,0.03853131900332344,16.58197761999294,2.05,bj227484,bj,G,g
188979650745,2458652.9595483,5.220314595885512,0.08623570894385255,14.60582393223817,0.01795571215520163,17.31342276631289,1.51,bC047228,bC,G,g
188979650745,2458653.6685563,5.321624531241283,0.138264331566663,14.584955048473613,0.028240871943896982,16.80086521542924,1.47,bj227960,bj,G,g
188979650745,2458653.9278581,4.681304042077128,0.10120876905225239,14.7241485006064,0.023499762158093702,17.13959525444123,1.48,bC047571,bC,G,g
188979650745,2458654.6396144,5.133951599068876,0.1636083403678993,14.62393619730089,0.034639039566726114,16.61812701341827,1.55,bj228400,bj,B,g
188979650745,2458655.6313246,5.386222909172822,0.24446208812763415,14.571854815402784,0.049333209094590796,16.18211181878096,1.48,bF088847,bF,B,g
188979650745,2458655.7114057,4.103197455125608,0.28959250029772193,14.867259580530249,0.07671443070626342,15.998172335045586,1.54,bG088815,bG,B,g
188979650745,2458656.0023872,5.382994741293004,0.1728712857906251,14.572505733410178,0.03490688372220373,16.558333455878913,1.50,bC048361,bC,B,g
188979650745,2458656.7115522,5.0130474640241935,0.25958108302551414,14.649811080844245,0.05628379805687943,16.11695801127717,1.57,bj229382,bj,B,g
188979650745,2458656.927665,5.722030574028149,0.1403293384731995,14.506190187273818,0.026656951176932266,16.784769416676045,1.49,bs167449,bs,G,g
188979650745,2458657.7384519,3.782829512913536,0.06842563623920361,14.955523700632012,0.019661391376601473,17.564593500734745,1.64,bj229867,bj,G,g
188979650745,2458657.9156417,5.464294923631605,0.06524757569162119,14.556230293727566,0.012979035523679325,17.61622966177313,1.46,bC048949,bC,G,g
188979650745,2458658.9276661,5.406264928243489,0.08268545013106436,14.56782231222772,0.01662432205335835,17.359067873948916,1.44,br168317,br,G,g
188979650745,2458659.7447463,3.4798767035890514,0.06017994907223428,15.0461559807344,0.018797501662782642,17.70401107174463,1.44,bs168280,bs,G,g
188979650745,2458666.9155191,3.6518113275185695,0.05191657166175901,14.993794793728888,0.015452894767274619,17.86437559675818,1.51,bC050074,bC,B,g
188979650745,2458667.0183169,5.238421144232891,0.04092656259521355,14.60206459550514,0.008492137783577634,18.122627436527083,2.12,bB050146,bB,G,g
188979650745,2458667.9182236,3.6571899236460843,0.048828234880221234,14.992196835977925,0.014512281138288152,17.93096304892128,1.53,bC050372,bC,B,g
188979650745,2458667.9299045,3.538758963649524,0.04617473744105934,15.027938166184304,0.01418291907324215,17.991629524860635,2.17,bB050374,bB,G,g
188979650745,2458669.5827722,3.666112255576468,0.06839566036408394,14.989551225196395,0.020278459552981062,17.565069243827605,1.42,bG092123,bG,G,g
188979650745,2458669.5893294,3.8060539577912826,0.06144519042386841,14.94887826999478,0.017547899005479387,17.681420875246076,1.51,bj232461,bj,G,g
188979650745,2458670.6527241,5.5159980737712395,0.06522132856528101,14.54600535767003,0.012852206888472332,17.616666508482083,1.41,bk232929,bk,G,g
188979650745,2458670.9948784,5.931030636199157,0.04615407282310601,14.467240203912821,0.008458474342335747,17.992115534031118,2.21,bB051407,bB,G,g
188979650745,2458673.4698193,3.3215685399195394,0.061200673702021695,15.09670757615215,0.020027426986905527,17.68575010413955,1.47,bn148438,bn,G,g
188979650745,2458673.7403452,3.9387921668857224,0.06259174362699226,14.911657958375637,0.0172729357274455,17.66134798663173,1.45,br170245,br,G,g
188979650745,2458674.5868173,5.556853334339873,0.1120798935704449,14.537993286485536,0.021923553482934427,17.028821336747853,1.44,bG093832,bG,G,g
188979650745,2458674.6853929,4.409232227468029,0.07511707996848205,14.789158189657384,0.018517736366230757,17.46329386837637,1.51,bk234281,bk,G,g
188979650745,2458674.726646,3.7236351345399337,0.060340306364213836,14.972647823637796,0.017613779856662272,17.70112183425155,1.53,bj234347,bj,G,g
188979650745,2458674.8580678,4.549420462194814,0.04254454713078123,14.75517543069506,0.010164827224153855,18.08053084861434,1.52,bs170427,bs,B,g
188979650745,2458675.4184906,3.534367029608539,0.1403408197914028,15.029286504221716,0.04316030793083108,16.784680588687092,1.52,bn149111,bn,B,g
188979650745,2458675.7384789,3.8344525909473086,0.10270356807957182,14.940807190943818,0.02911349416433648,17.12367678165174,1.51,br170828,br,G,g
188979650745,2458675.8657661,4.6315544728946465,0.032336093220144885,14.73574868161794,0.007588797156310691,18.378421740993687,1.50,bs170714,bs,G,g
188979650745,2458676.5859764,5.206208442752252,0.10576891530098793,14.608761741986305,0.02208252196350899,17.091745485124804,1.45,bk235009,bk,G,g
188979650745,2458676.7303012,3.5232252737182206,0.11681302006790265,15.0327145905391,0.03603819345132386,16.98391248077472,1.59,bj235153,bj,G,g
188979650745,2458677.8138168,4.060443155782199,0.22124265363818554,14.87863203488609,0.059225344631766264,16.290468464287216,1.98,bs170941,bs,B,g
188979650745,2458677.9044011,5.275396176052627,0.057572721099864645,14.59442792178316,0.011862435082665462,17.752098720680486,2.40,bB052962,bB,G,g
188979650745,2458678.5790853,4.68422280759105,0.12924164853860629,14.723471761423408,0.02999004499352565,16.874134388908914,1.46,bF095395,bF,B,g
188979650745,2458678.5961856,4.574782839616195,0.12375153190249896,14.749139413868837,0.02940304259074171,16.92126415217192,1.42,bk235688,bk,G,g
188979650745,2458679.6822187,3.4408798816218376,0.28102277155057787,15.058391842255151,0.08877366975976211,16.03078682984613,1.55,bF095913,bF,B,g
188979650745,2458680.8531353,4.950618279409471,0.11552383477378106,14.663417019611058,0.025364384514544605,16.995961619641896,1.44,bC054019,bC,G,g
188979650745,2458681.9414803,3.750123258094729,0.11192018987359097,14.96495176667582,0.032439568495459974,17.03036951577013,2.23,bC054294,bC,G,g
188979650745,2458682.6317534,3.5137018776852478,0.11820038489388791,15.035653345468758,0.03656504840334544,16.971093384609137,1.48,bk237469,bk,G,g
188979650745,2458682.6531415,3.46426473029905,0.14568841156414955,15.051037941549538,0.04571156693264514,16.744078090869287,1.54,bF097118,bF,B,g
188979650745,2458682.8617206,4.348948139031352,0.06150532701066703,14.80410505038654,0.015372364576146184,17.680358781713053,1.46,bC054605,bC,B,g
188979650745,2458683.9449823,3.6299626237577747,0.08635911079996966,15.00031023901655,0.025859384358741813,17.311870206555305,2.07,bC055024,bC,G,g
188979650745,2458684.8700812,4.17079342715808,0.16086705184666053,14.849518921143439,0.04192379560184033,16.63647285462005,1.55,bs173057,bs,B,g
188979650745,2458684.8737672,4.096825421903164,0.11322864453222488,14.868946977910431,0.03004145916591431,17.017749840499803,1.47,br173276,br,G,g
188979650745,2458685.8844861,3.772559728346554,0.0994678153328448,14.958475311311618,0.028658841307879032,17.15843416295636,1.52,br173618,br,G,g
188979650745,2458686.745543,4.753949024883979,0.058049467849669675,14.707429320750867,0.013272596599671014,17.743145004356965,1.45,bs173634,bs,G,g
188979650745,2458688.816366,4.563767511483075,0.061462067908688106,14.751756841336894,0.014638474765602575,17.681122691124525,1.44,bs173887,bs,G,g
188979650745,2458688.8905405,4.450994700921897,0.04581158790362358,14.77892292918531,0.011187432829959433,18.000202247979395,2.22,bB055780,bB,G,g
188979650745,2458688.9669597,5.455057002517098,0.06474765597192039,14.558067389531693,0.012901402660600308,17.624580485230283,1.40,bC055845,bC,G,g
188979650745,2458689.8498005,4.833320303840304,0.02471853312909572,14.689451680379062,0.0055589054942515315,18.670083874287915,2.10,bB056132,bB,G,g
188979650745,2458689.9627002,5.332846491865157,0.061057378587124865,14.58266791597932,0.012444895227493943,17.68829522509541,1.45,bC056226,bC,G,g
188979650745,2458690.7387746,3.954682106969823,0.0522711497087008,14.907286674972053,0.014366886019622192,17.856985480068417,1.53,bs174470,bs,G,g
188979650745,2458690.9129748,5.729304771366642,0.04325835649413062,14.504810809195185,0.008206921186319719,18.062465573053945,2.08,bB056550,bB,G,g
188979650745,2458691.6474914,4.557237979089062,0.027933678236488763,14.753311352172066,0.006662520999481141,18.53732029576358,1.51,bs174735,bs,G,g
188979650745,2458691.9348889,5.73045829478089,0.04674746936329494,14.504592231877158,0.008867086031410773,17.978245347287366,2.11,bB056951,bB,G,g
188979650745,2458692.515964,5.096801491166527,0.12234606013184071,14.631821324444378,0.026091824097892277,16.933665640249863,1.50,bk240741,bk,B,g
188979650745,2458692.8132368,4.528254748639779,0.030162136078401163,14.760238494225458,0.007240080856725071,18.453985374033685,1.48,bs175148,bs,G,g
188979650745,2458692.9199283,5.836165859819184,0.04802695014945814,14.484746557914148,0.008944777776725314,17.948928090051727,2.09,bB057324,bB,G,g
188979650745,2458694.6285009,4.0399411227969395,0.04559287020444925,14.884128032668295,0.01226687867649469,18.005398278518022,1.51,bj241707,bj,G,g
188979650745,2458694.7469342,4.504591367412054,0.03470481297146364,14.765927121745499,0.008374260774899391,18.30166634074738,1.47,bs175490,bs,G,g
188979650745,2458695.6467846,3.709265424914502,0.061157216910534044,14.97684584386005,0.017921401721703926,17.686521327206712,1.55,bF101660,bF,G,g
188979650745,2458697.3535399,3.6623393817913112,0.060435865070084284,14.99066915466612,0.01793693888979333,17.699403754152453,1.52,bn154096,bn,G,g
188979650745,2458697.5658577,4.288163530065944,0.05214310782224614,14.819387274990303,0.013217147786867521,17.859648330618178,1.50,bk242803,bk,G,g
188979650745,2458697.722597,4.8242321072140175,0.05692243323376439,14.691495135409049,0.0128252970963355,17.764431970516505,1.41,br176342,br,G,g
188979650745,2458698.5753961,3.7483262031511466,0.05636896828499058,14.965472174971328,0.016346127412701614,17.775040396319863,1.60,bj243287,bj,G,g
188979650745,2458698.7085277,5.064190917506829,0.06014857470123016,14.638790447266498,0.012910035701616541,17.704577259880317,1.47,bk243359,bk,G,g
188979650745,2458699.8977871,3.6499919288688636,0.04669934522969862,14.994335861998298,0.01390692331588215,17.97936363299919,1.52,bC058665,bC,G,g
188979650745,2458700.2989833,3.5782388630429747,0.06330882794822207,15.015892301659846,0.019231232473804264,17.648979927951704,1.51,bn155294,bn,G,g
188979650745,2458700.5179074,3.9747590390412406,0.05943527388870572,14.901788608157426,0.016253452835788322,17.717529940552602,1.50,bk244089,bk,G,g
188979650745,2458700.708696,5.3569616598394125,0.061349145709221405,14.577769277014523,0.012448073789977693,17.683119312625468,1.43,br177116,br,G,g
188979650745,2458700.8935682,3.645203999599387,0.04956629406746716,14.995761026983876,0.01478007996287563,17.91467448859001,2.22,bC058983,bC,G,g
188979650745,2458701.5110462,3.882356749262567,0.06064425218845295,14.927327021906978,0.016978775954773394,17.695666498729608,1.45,bk244517,bk,G,g
188979650745,2458701.5722617,3.3708168082902343,0.07556983461328493,15.080727745214835,0.024368314640427356,17.45676943205946,1.56,bj244599,bj,B,g
188979650745,2458701.5847339,3.5074699359065358,0.07660577779794153,15.037580729321938,0.023739946828325448,17.441986795352395,1.51,bF104026,bF,G,g
188979650745,2458701.7218625,4.568634472955583,0.033345550361815184,14.750599591187996,0.007933478515585332,18.345045887042993,1.45,bs177259,bs,G,g
188979650745,2458701.7951191,4.56885971289718,0.04361717862674105,14.750546064224384,0.010376763513741909,18.05349668681246,1.38,br177534,br,G,g
188979650745,2458702.6117704,4.372664417268407,0.07448209042994841,14.79820025119366,0.0185147512408855,17.472510968581634,1.59,bj245070,bj,G,g
188979650745,2458702.6380663,5.020137972311641,0.07003792897235386,14.64827648888673,0.015164560035099394,17.539307372752923,1.46,bk245058,bk,G,g
188979650745,2458702.8257749,4.5542446731403645,0.0459122119732255,14.754024724711174,0.01095781667728346,17.997820069321055,1.48,bs177694,bs,G,g
188979650745,2458702.8369524,3.6460262418708025,0.08637905827261266,14.995516146990411,0.02575140015528932,17.31161944908283,1.44,br177919,br,G,g
188979650745,2458704.6959226,5.206872637477991,0.10003922578452144,14.608623235379824,0.020883608351305403,17.152214806405258,1.58,bk245975,bk,G,g
188979650745,2458704.9450255,5.5796271730344165,0.05804999181270969,14.533552670683498,0.011308608125767103,17.74313520438642,2.08,bB060022,bB,G,g
188979650745,2458705.5495013,4.15643846194197,0.11746507073496196,14.853262234911899,0.030718468679615873,16.977868750076926,1.52,bj246333,bj,G,g
188979650745,2458705.5699611,4.672200680619997,0.09151029057603159,14.726261901418777,0.021289262586781942,17.24896577548116,1.55,bk246316,bk,G,g
188979650745,2458705.7780851,3.9595873686637213,0.11773932101901051,14.905940796893667,0.03232092410930695,16.975336793974574,1.48,br178514,br,G,g
188979650745,2458706.8149978,3.8749070138887025,0.2365600853360916,14.929412409266451,0.06635785752215613,16.217786940981206,1.76,bC060522,bC,B,g
188979650745,2458706.8528678,4.197175315880167,0.15945106037312662,14.842672847139395,0.04129357411281843,16.64607208216444,2.11,bB060544,bB,B,g
188979650745,2458707.4701014,3.83030400216964,0.14593033588132495,14.941982511626136,0.04141183838565795,16.742276656273418,1.59,bk247010,bk,G,g
188979650745,2458707.8639779,5.010108472445966,0.08287283608560236,14.650447800391188,0.017979484906099494,17.356610107483306,1.50,bC060925,bC,G,g
188979650745,2458707.9355684,6.08322281104475,0.08816342409802522,14.439731312986217,0.015753131486193787,17.289419488945594,2.12,bB060973,bB,G,g
188979650745,2458708.7942971,3.880217765123752,0.13277333217168266,14.927925373027573,0.03719348965777533,16.844863474572076,1.49,br179306,br,G,g
188979650745,2458708.8214575,4.545528003191366,0.06357417970132385,14.75610477822016,0.015202275553478797,17.644438698504374,1.48,bC061278,bC,B,g
188979650745,2458709.3912284,3.375675311241913,0.16733509771601557,15.07916395372912,0.05388135973046585,16.593673007306734,1.56,bn157091,bn,G,g
188979650745,2458710.3360955,4.1125188858570185,0.16616107044526254,14.864795858866087,0.04391708930523135,16.60131740805649,1.50,bo157221,bo,G,g
188979650745,2458710.3658501,3.6343481113040528,0.17695665465956517,14.99899931404194,0.05292398635372817,16.532973362875474,1.65,bn157476,bn,G,g
188979650745,2458713.9216892,4.4091876674393236,0.14636695046484643,14.789169162243637,0.03608249940226034,16.739033050290256,2.11,bB063009,bB,B,g
188979650745,2458714.8940223,4.1493333688548715,0.09330530679848928,14.855119800672602,0.02444219413623008,17.227874748384664,1.36,bC062951,bC,G,g
188979650745,2458714.9135188,3.8609150184739454,0.09270986863620301,14.933340015796572,0.026100444029853218,17.23482569716698,2.07,bB063124,bB,B,g
188979650745,2458715.6282022,3.6700802882205825,0.0811101058251829,14.988376709370158,0.024022133463564903,17.379953191367893,1.55,bj250445,bj,G,g
188979650745,2458715.8215087,4.652033232675849,0.11870626147783858,14.730958600952366,0.02773594654877174,16.966456542498133,1.46,bs180249,bs,G,g
188979650745,2458715.8895506,4.001034740306984,0.06428895733290207,14.894634816530239,0.017465307347829983,17.632299655851615,1.47,bC062489,bC,G,g
188979650745,2458715.8972792,3.9094059610270566,0.06083661732194111,14.919788695191396,0.016914784143128282,17.692227966138066,2.14,bB062488,bB,G,g
188979650745,2458716.39275,5.449090905155292,0.09304181134700915,14.559255489437904,0.01855950018054824,17.23094521971769,1.49,bo159317,bo,G,g
188979650745,2458716.8888915,3.6563137828823846,0.05882459349589563,14.99245697333215,0.017487496789351402,17.728743274716187,1.50,bC063638,bC,G,g
188979650745,2458716.9005105,3.8809699325664697,0.05230511247937579,14.92771492703426,0.01464927173299675,17.85628026054229,2.10,bB063640,bB,G,g
188979650745,2458717.3835529,5.537775536455227,0.07069431436090083,14.541727251186343,0.013875904781370817,17.529179394523467,1.41,bo159731,bo,G,g
188979650745,2458717.8845058,3.7485625588652356,0.05105832190125046,14.9654037145835,0.014805188684491493,17.882474268830318,1.45,bC063916,bC,G,g
188979650745,2458717.8922663,3.6678473991734424,0.0518400690689168,14.98903747591292,0.015362662354645455,17.865976682708418,2.18,bB063915,bB,G,g
188979650745,2458718.2761711,3.838420972476638,0.05849256998107643,14.939684113429443,0.01656381123126027,17.734888853123632,1.49,bo159930,bo,G,g
188979650745,2458718.8838943,3.451105442787453,0.057899247667357635,15.055170050682626,0.018235885834016082,17.74595830989725,1.48,bC064265,bC,G,g
188979650745,2458718.907053,3.5480994566467876,0.04864719303667561,15.025076159724396,0.014903016215190863,17.934996145555708,2.13,bB064276,bB,G,g
188979650745,2458719.6775157,5.298234933223168,0.07299259810843463,14.589737592824507,0.014974756980883854,17.49444355578649,1.58,bF111223,bF,G,g
188979650745,2458719.6853691,5.585242320969465,0.08128074309608382,14.53246057194908,0.01581822752226727,17.377671447879067,1.47,bG111101,bG,G,g
188979650745,2458720.6484661,4.934749261726687,0.09248748226637968,14.666902895429164,0.02037182979252279,17.2374332187977,1.55,bj252614,bj,B,g
188979650745,2458720.7431427,4.758554040765573,0.04800205705803845,14.706378107874043,0.010964706616578522,17.949490989367135,1.58,bC064943,bC,B,g
188979650745,2458720.7551888,4.229116720607787,0.0502628593703251,14.83444144345591,0.012918428694013433,17.89952263332014,1.46,bs181657,bs,G,g
188979650745,2458721.6133568,5.256760431784187,0.08278427727975536,14.598270159251543,0.017117559617635014,17.357770957252622,1.98,bF111777,bF,G,g
188979650745,2458721.6366751,4.529185976375465,0.030696813465875973,14.760015237413347,0.007366909146010619,18.434907373564585,1.49,bs181928,bs,G,g
188979650745,2458721.6507019,5.369445691110857,0.05003729188984332,14.575241987045128,0.010129231931681493,17.904406119336553,1.41,br182154,br,G,g
188979650745,2458722.638907,5.760867887480101,0.07469824994696486,14.498845832843006,0.014094013528553351,17.46936454355962,1.43,bk253340,bk,G,g
188979650745,2458723.8008671,3.7477202480257175,0.05083929891203045,14.965647709481114,0.014744992650448591,17.887141729236074,1.43,bC065995,bC,B,g
188979650745,2458724.6381369,4.833191532867292,0.05643858707749022,14.689480607319803,0.012692708303497773,17.773700279465068,1.47,bG112910,bG,G,g
188979650745,2458724.8212259,4.105938739678816,0.0345230077749949,14.866534458683816,0.009139203195714698,18.3073690462692,2.10,bB066425,bB,G,g
188979650745,2458724.8251099,4.2956911728433695,0.05022432504398763,14.81748299383039,0.012708468895908412,17.90035533881438,1.39,bC066435,bC,G,g
188979650745,2458725.7343323,3.708974271293842,0.0657716142223428,14.976931070555386,0.01927510944942379,17.6075443594148,1.41,br183525,br,G,g
188979650745,2458725.8587091,5.171958246987181,0.1208845297002812,14.615928096831073,0.025405508254369696,16.946713798407217,1.48,bC066849,bC,B,g
188979650745,2458726.6092277,4.8075661563008625,0.0531668739739888,14.69525244922657,0.012020652140328655,17.838537796266934,1.40,bk255063,bk,G,g
188979650745,2458726.803823,4.771633376907213,0.046637718115284665,14.703397952904037,0.010623861445385645,17.980797378536906,1.44,bC067167,bC,B,g
188979650745,2458727.8639787,5.715007148851211,0.04642344725980939,14.507523677315444,0.00882943230802529,17.9857971447785,2.09,bB067528,bB,G,g
188979650745,2458728.7040864,4.634202490829147,0.051642204183441814,14.735128106519355,0.012112727215796011,17.870128685266224,1.50,bs184434,bs,B,g
188979650745,2458729.2768219,4.016893042541136,0.05510111868748442,14.890339952370901,0.01491016058386118,17.79973957098833,1.50,bo163021,bo,G,g
188979650745,2458729.4031108,4.220239498153203,0.10841423512044661,14.836722877712791,0.027922955549109698,17.064924836093823,1.51,bn163362,bn,G,g
188979650745,2458729.606571,4.092952694879652,0.05706454915274594,14.869973809210137,0.015154507878695182,17.7617246354291,1.49,bk256330,bk,G,g
188979650745,2458729.7310975,4.255698431493127,0.04893123827848819,14.827638509085158,0.012497626281501712,17.928675095509035,1.46,br185051,br,G,g
188979650745,2458730.6247317,3.590428798566756,0.07109808951321368,15.012199825536506,0.0215240397220603,17.52299578419641,1.43,bk256763,bk,G,g
188979650745,2458731.6455983,3.4998719101690634,0.25182839904136545,15.039935246924195,0.07821043961689267,16.14987885011529,1.56,bj257252,bj,B,g
188979650745,2458732.7705998,5.422736942224306,0.06811413258715525,14.564519279140933,0.013653087255942676,17.569547535484194,1.61,bC068484,bC,B,g
188979650745,2458736.3149909,4.597270126123636,0.31119658379947335,14.74381556540903,0.07357782923862902,15.920053559391478,1.60,bn165378,bn,G,g
188979650745,2458736.6206898,4.962354950117046,0.17644022153539438,14.660846058513961,0.038647547670984383,16.536146625443166,1.71,bk258247,bk,B,g
188979650745,2458736.7745056,4.419676202415671,0.0655995035739582,14.78658949000409,0.01613326519114468,17.610389229310442,2.37,bB069518,bB,G,g
188979650745,2458737.7399881,4.485102357600713,0.18763379376420294,14.77063472521773,0.04547271379103095,16.469362962320883,2.17,bB069852,bB,B,g
188979650745,2458738.6243491,5.334742125258928,0.16978314222810129,14.582282044738479,0.034593404778162515,16.57790419409231,1.57,bj258626,bj,G,g
188979650745,2458738.8061046,4.573174616008728,0.20093438732613522,14.749521161733853,0.0477582775827649,16.39500494393673,2.15,bB070246,bB,B,g
188979650745,2458740.5911488,5.482443647047002,0.22304108667119574,14.552630181418502,0.04422042056075153,16.281678430604597,1.57,bk259406,bk,B,g
188979650745,2458740.6201978,5.191538046926614,0.5173195147478035,14.611825519406008,0.10831160540389964,15.368243457622109,2.01,bj259462,bj,G,g
188979650745,2458741.2980798,5.611986153810276,0.1884677786772824,14.527274145174038,0.03650334757719801,16.46454783170288,1.42,bo165791,bo,B,g
188979650745,2458742.3143253,4.237411574281244,0.21933628888530787,14.832314001010964,0.056262887255265646,16.299864383834887,1.50,bo166060,bo,G,g
188979650745,2458742.5882207,5.474045141818626,0.13863770121153488,14.554294686015542,0.027528664741835587,16.797937239908027,1.57,bk260208,bk,G,g
188979650745,2458743.607395,4.224473615851408,0.12678088296881843,14.83563411715851,0.03262070499333184,16.895006181187394,2.00,bj260664,bj,G,g
188979650745,2458743.7999362,4.9361233838596315,0.0744277913267704,14.666600605203628,0.01638933367139931,17.4733027831224,2.15,bB071496,bB,B,g
188979650745,2458743.8181352,5.6099796025832305,0.10428439783639262,14.527662416780709,0.02020552914162281,17.107092267039675,1.46,bC071518,bC,B,g
188979650745,2458744.2849704,4.598732554764776,0.053795128220448615,14.74347023890336,0.012715017618588223,17.825783243966637,1.40,bo166856,bo,G,g
188979650745,2458744.8018111,5.07091748979949,0.08998493372256512,14.63734926206139,0.019288365619191544,17.26721610864637,1.50,bC071918,bC,B,g
188979650745,2458745.8056694,5.449595550211641,0.06131494216136287,14.559154943117782,0.012229655512648575,17.683724804124218,1.46,bC072332,bC,G,g
188979650745,2458745.8323094,5.776849347711313,0.061886549828088964,14.495838017567,0.01164440768569209,17.67364993275949,2.08,bB072344,bB,G,g
188979650745,2458746.345182,2.7456906969474044,0.1875062292930073,15.30343659171901,0.07422945309292833,16.470101360580966,1.55,bn167786,bn,B,g
188979650745,2458748.811782,5.370018112107244,0.04319497815599434,14.575126246033822,0.008743185261737094,18.064057464654603,2.09,bB072988,bB,G,g
188979650745,2458750.570917,3.4726367015018798,0.0650030465761138,15.048417245049038,0.020346351053152658,17.62030633213549,1.54,bk263317,bk,G,g
188979650745,2458750.5824339,3.7702176854604925,0.08731969464483953,14.959149556538996,0.025174331958735467,17.299860090639775,1.46,bG121476,bG,G,g
188979650745,2458751.5677548,3.404510366411947,0.07638223614457,15.069928970027277,0.024386522814397783,17.44515969018005,2.02,bk263720,bk,G,g
188979650745,2458751.5904924,3.6427185696641207,0.08950712339310654,14.996501573098103,0.026708171288460793,17.272996611777774,1.61,bF122009,bF,G,g
188979650745,2458751.7817734,4.996345617468823,0.03189900360380616,14.653434440657122,0.006939638019217449,18.393197817288815,2.11,bB073870,bB,G,g
188979650745,2458752.5872724,3.498658018604852,0.0848044426369457,15.040311887746352,0.026346885436215887,17.33159410101939,1.56,bF122396,bF,G,g
188979650745,2458752.6769887,4.6039562518673876,0.0343090843760869,14.742237651820327,0.008100095000329282,18.31411779150716,1.36,bs187197,bs,G,g
188979650745,2458753.6515151,5.335605134151416,0.05486011505679118,14.582106417839212,0.011175969425222839,17.80449882618026,1.41,br187800,br,G,g
188979650745,2458753.6834393,5.366313635954043,0.05669045127891052,14.575875493380718,0.011482753323453703,17.768865826031234,1.46,bs187603,bs,G,g
188979650745,2458754.555318,3.9824929523937516,0.07165003449866388,14.8996780824673,0.019555708751309873,17.51459960183921,1.45,bG122988,bG,G,g
188979650745,2458754.5777625,4.6242686878340304,0.06084724454478913,14.737457971459985,0.014302436504569312,17.69203832125904,1.54,bj264956,bj,G,g
188979650745,2458755.6692204,4.702365984138226,0.056719781558681584,14.719274554404882,0.013110833287921203,17.768304237423994,1.41,bs188354,bs,G,g
188979650745,2458755.6778851,5.128845907977267,0.060736984474057336,14.625016494193039,0.01287199158823657,17.694007546783045,1.50,br188577,br,G,g
188979650745,2458756.5768082,5.229811548492673,0.07235859839637925,14.603850522926807,0.015038907176973815,17.503915246742977,1.54,bF123878,bF,G,g
188979650745,2458756.7507883,3.8012323135510724,0.049774231689084104,14.950254591124905,0.014232864841260524,17.910129198898307,1.66,bC075567,bC,G,g
188979650745,2458756.7831488,3.7277501798401977,0.04856257280966823,14.97144862270202,0.014160124118125068,17.936886393238606,2.16,bB075583,bB,G,g
188979650745,2458757.4889929,3.871845388164889,0.08781371384289083,14.930270605809806,0.02465224702707035,17.293734749319082,1.47,bG124071,bG,G,g
188979650745,2458757.6915344,4.171035116602666,0.060080051631887156,14.849456006644779,0.015656642085740642,17.70581486838624,1.49,br189149,br,G,g
188979650745,2458757.7750473,3.557214175889717,0.049364217754913356,15.022290586386358,0.015083926852909614,17.919109962939746,1.63,bC075881,bC,G,g
188979650745,2458758.2701028,5.217792762601983,0.06719907929516454,14.606348557183582,0.013998731037819066,17.584232304543065,1.58,bn170287,bn,G,g
188979650745,2458759.775363,3.8218750800145678,0.04936649418349068,14.944374402760367,0.014040027914239809,17.91905989542021,1.53,bC076102,bC,G,g
188979650745,2458761.6536803,4.72522681981677,0.05189774199486138,14.714008971528541,0.011938175938618066,17.86476945480296,1.44,bs189631,bs,G,g
188979650745,2458762.5393711,5.040993140820022,0.08641349397152505,14.643775356025696,0.01863277894151923,17.311186697959535,1.57,bF125472,bF,G,g
188979650745,2458762.6547247,4.595865964391899,0.05110320172119051,14.744147236609438,0.012086287725309688,17.881520335357546,1.45,bs189934,bs,B,g
188979650745,2458763.5569431,4.561930935623009,0.11416815944395987,14.75219385707712,0.02720247790547002,17.008778112304476,1.65,bF125840,bF,G,g
188979650745,2458764.5444233,4.3556255229651,0.1462134502619311,14.802439287261645,0.03648790799168512,16.740172297776553,1.48,bG126070,bG,G,g
188979650745,2458764.6485179,4.409551261990661,0.06541386081401912,14.789079632942084,0.0161245483722612,17.613466155110444,1.43,bs190481,bs,G,g
188979650745,2458764.6617675,4.045501352698448,0.14935054352637017,14.882634745472007,0.040127918188184224,16.717123592801663,1.42,br190706,br,G,g
188979650745,2458765.7335729,5.155305602490268,0.07021864976492594,14.61942958473131,0.014805062045756032,17.53650942604978,1.41,bC077844,bC,G,g
188979650745,2458766.5001741,4.43255353869986,0.10354690259570573,14.783430647430922,0.02539190561368873,17.114797830570637,2.04,bk268850,bk,G,g
188979650745,2458766.5483937,3.8553643304078333,0.1668665150066255,14.934902059823678,0.04704526763288942,16.596717621853912,1.53,bF126911,bF,B,g
188979650745,2458768.6557383,4.986256786718605,0.09307493351780076,14.655629021207378,0.020289449646292125,17.230558774742903,1.45,br192079,br,G,g
188979650745,2458768.7670478,5.091721824497261,0.097769478516974,14.632903950119761,0.02087136256929188,17.177132364566507,2.14,bB078357,bB,B,g
188979650745,2458769.6311407,5.2740190031333585,0.106682988347717,14.594711396550577,0.021986983716645227,17.082402680400534,1.45,bs192132,bs,G,g
188979650745,2458770.7073059,5.22653966375231,0.06935989501604643,14.60452999586421,0.014424685372177429,17.549869543653656,1.55,bC079156,bC,G,g
188979650745,2458770.7308062,4.93303873808905,0.08926715571540039,14.6672793075412,0.019669319912850317,17.275911368346044,2.13,bB079166,bB,G,g
188979650745,2458771.7145901,4.718115522303923,0.059816457853242605,14.715644196505515,0.013780478384549327,17.71058888176084,2.00,bC079581,bC,G,g
188979650745,2458772.6292431,4.4477152878124855,0.07138905894011413,14.77972317499823,0.01744644118934613,17.518561468767622,1.49,bs193041,bs,G,g
188979650745,2458772.6569257,5.634149587583456,0.1203629389311336,14.522994688803196,0.023220768176834713,16.951408652763618,1.38,br193279,br,G,g
188979650745,2458773.5359244,4.459814795498235,0.05062367637175981,14.776773562364662,0.012338121135038784,17.891756408636276,1.57,bF129166,bF,G,g
188979650745,2458773.6284727,5.534614687352241,0.08429543438234714,14.54234714415123,0.016554986630615613,17.338130479039553,1.41,br193658,br,G,g
188979650745,2458773.7136447,4.048047118581007,0.047175090210404266,14.881951724844281,0.012667162823392565,17.968358763152448,2.03,bC080240,bC,B,g
188979650745,2458774.5054035,4.403066732282622,0.0498435621587659,14.790677453237954,0.0123045568576004,17.908617930473817,1.57,bj271778,bj,G,g
188979650745,2458775.4978396,4.858455849629967,0.10020731683003672,14.683819971011122,0.022418850747132645,17.150392027601747,2.04,bj272131,bj,G,g
188979650745,2458775.5401252,5.076227324613928,0.07542870277454806,14.636212965983828,0.01615130985359349,17.458799014520746,2.05,bF129859,bF,G,g
188979650745,2458777.6235838,4.321115559465002,0.04307097992895123,14.811075920304837,0.010834304680633225,18.06717872963872,1.45,br194641,br,G,g
188979650745,2458777.6499204,4.585562019493119,0.03010197110386626,14.746584193201546,0.007135337755647028,18.456153275156524,1.49,bs194444,bs,G,g
188979650745,2458778.5403516,4.996615248990286,0.08161699662279076,14.653375849673173,0.01775484449834922,17.37318908799999,1.64,bj273187,bj,G,g
188979650745,2458779.620409,3.7151159610732654,0.051882537188963934,14.975134687089026,0.015179623665266576,17.865087596332298,1.40,br195499,br,G,g
188979650745,2458780.5794372,4.603212613168405,0.027316729746952054,14.742413035909037,0.006450298964270017,18.561568846270507,1.46,bs195679,bs,G,g
188979650745,2458780.6241288,3.654803243509595,0.05538942085896342,14.992905618129699,0.016473087120331506,17.7940735507632,1.46,br195932,br,G,g
188979650745,2458782.5778274,4.5354649126557645,0.025626324461828998,14.758511093542683,0.006141531472167774,18.63092481002908,1.52,bs196149,bs,G,g
188979650745,2458782.6443887,3.77878724644238,0.05649206695011923,14.956684519968606,0.016249769196655932,17.77267194860522,1.43,br196419,br,G,g
188979650745,2458783.5771085,4.542802169062266,0.0248501240891382,14.756756061092762,0.005945890540571591,18.664319207129626,1.50,bs196589,bs,G,g
188979650745,2458784.5730302,4.537580839825245,0.024992579030771133,14.758004683933637,0.005986856814571606,18.65811292620408,1.43,bs197025,bs,G,g
188979650745,2458785.5688807,3.5992555693326667,0.054972712798476625,15.009533908949301,0.01660147426126649,17.802272688695922,1.44,bs197437,bs,G,g
188979650745,2458786.5721458,3.948375801395673,0.0455680412027481,14.909019418376632,0.012544520091197097,18.00598971066422,1.48,bs197880,bs,G,g
188979650745,2458786.6107515,5.042868204216289,0.05477063066747336,14.643371577320428,0.011805443210671307,17.806271257119732,1.44,br198128,br,G,g
188979650745,2458788.5670374,4.906375667043102,0.03902313260116545,14.67316362773181,0.008645169338427473,18.1743352872895,1.47,bs198479,bs,G,g
188979650745,2458788.6112243,5.38682832825817,0.046368325973624336,14.57173278397339,0.009356220627037103,17.987087069111617,1.37,br198732,br,G,g
188979650745,2458789.5553039,4.441790016548311,0.06200130653269636,14.78117056318621,0.015172424684864266,17.671638508101314,2.10,bs198911,bs,B,g
188979650745,2458789.5812474,5.218607903709266,0.06356698663784001,14.606178953075373,0.013240034884436048,17.64456155044416,1.41,br199150,br,B,g
188979650745,2458793.5534021,5.616493956870189,0.08457348609604964,14.526402382441992,0.016367453251840025,17.334555030291142,1.52,bs200656,bs,B,g
188979650745,2458797.5418237,4.372335291972546,0.1213802703621161,14.798281976353561,0.030174967762145125,16.942270360187216,2.36,bs201515,bs,B,g
188979650745,2458802.5917144,4.063851734131029,0.07596588659431874,14.877720985450447,0.020318560140837955,17.451094084353223,1.56,br203183,br,G,g
188979650745,2458807.5375839,5.180442392033447,0.08223839395521865,14.614148500807577,0.017255197892836575,17.364954060597164,1.68,br205343,br,G,g
188979650745,2458808.5349532,5.652488020624533,0.1747916878058424,14.519466495748103,0.033611918205420394,16.54633867150127,1.60,br205428,br,B,g
188979650745,2458809.5334143,4.994056115936364,0.12217220514171183,14.653932077251623,0.026590785540089177,16.93520957962599,2.10,br205877,br,G,g
188979650745,2458883.171498,4.0412426001946695,0.11164430196127192,14.883778316292318,0.030028512053686573,17.03304920469975,1.41,bC110732,bC,G,g
188979650745,2458884.1714244,3.8645091062830037,0.10519132317022024,14.932329784778599,0.029586783626501363,17.097690816429864,1.53,bC111146,bC,G,g
188979650745,2458885.1725241,3.585978295061039,0.12421699081709252,15.013546480859144,0.03765178067737026,16.917188101039255,1.45,bC111587,bC,G,g
188979650745,2458904.1073231,4.132747164320956,0.04829571458559602,14.85946853086542,0.012702287329375167,17.94286912071235,2.29,bB112398,bB,G,g
188979650745,2458905.1061946,3.900274753399133,0.04640018814947584,14.922327617740237,0.012931136985936908,17.986341257462662,1.56,bC112792,bC,G,g
188979650745,2458905.9623482,4.546477338165039,0.02809522807907148,14.755878045543174,0.0067169127038078135,18.531059206244926,1.61,bs235308,bs,G,g
188979650745,2458908.8993437,5.194812549929889,0.14820530703387805,14.611140919642523,0.031010305663290605,16.725481222876052,1.42,bk312607,bk,G,g
188979650745,2458909.9003231,5.809237407387931,0.14652265497428532,14.489767809163741,0.02741560453430381,16.737878662862855,1.37,bG167842,bG,G,g
188979650745,2458910.8937068,5.251189465413657,0.08015804308026506,14.599421401979164,0.016592108944040326,17.392772846178936,1.48,bk313350,bk,G,g
188979650745,2458911.8935096,4.956423997024639,0.09222673297951337,14.66214449480394,0.02022555958710428,17.24049855005863,1.45,bG168540,bG,G,g
188979650745,2458912.8926468,4.804637665335584,0.09885458370158713,14.695914018378387,0.022363941246491877,17.165148582599866,1.44,bG168895,bG,G,g
188979650745,2458913.9061745,4.221217043323808,0.2286193960462979,14.836471414903489,0.05886912257250696,16.25485792863721,1.60,bk314461,bk,G,g
188979650745,2458914.9067011,4.282675692457471,0.2130127248028479,14.820777651040283,0.05406329758885365,16.331626741969828,1.53,bF169812,bF,B,g
188979650745,2458915.9083826,3.317559185490482,0.3279486576286316,15.098018923657595,0.10744825104072196,15.863125967512861,1.55,bj315437,bj,G,g
188979650745,2458915.99512,4.226681709798507,0.05350569792040552,14.83506676097961,0.013759817109001357,17.83164052818235,1.53,br237080,br,G,g
188979650745,2458917.8728976,3.7374831179533863,0.235569329571837,14.96861752316255,0.06850963897865994,16.222343746587285,1.65,bG170654,bG,B,g
188979650745,2458918.9610964,4.978213690482709,0.14708495340847372,14.657381785229953,0.03211492300193616,16.73371999328588,1.43,br237514,br,B,g
188979650745,2458919.894557,3.7339844151965167,0.16544700733221582,14.969634369856626,0.04816134285137588,16.6059933217303,1.59,bF171600,bF,B,g
188979650745,2458921.6240142,5.469844857749171,0.14955348912873176,14.555128100954576,0.02971896728058379,16.715649237169973,1.51,bo206035,bo,G,g
188979650745,2458922.888239,4.460318418525821,0.17603878419946636,14.776650962905201,0.04289974091757315,16.538619710256242,1.52,bF172607,bF,B,g
188979650745,2458924.8825395,5.240402397456199,0.09972471726448696,14.601654030641171,0.020684753495617596,17.155633577218808,1.50,bF173334,bF,G,g
188979650745,2458925.9071596,5.8920274730958155,0.14485308154524404,14.474403714319218,0.026722380776151664,16.75032126483885,1.54,bj319092,bj,G,g
188979650745,2458926.6266678,4.31461658477402,0.07378715567467528,14.812710101015876,0.018588773418291918,17.48268868740937,1.47,bo207232,bo,G,g
188979650745,2458928.9195111,4.3459310898803425,0.03947378396100634,14.80485853287664,0.009872749021273292,18.16186871167988,1.43,br238888,br,G,g
188979650745,2458929.0047729,3.64136156578326,0.11755128545918714,14.996906112376392,0.03508938457782551,16.97707215486807,1.46,bs239133,bs,G,g
188979650745,2458930.9097463,3.8655510237809505,0.06053320713361499,14.932037096872502,0.01702136742495033,17.697656401320735,1.47,br239308,br,B,g
188979650745,2458931.6087457,3.7415558325709624,0.06891285176357101,14.967435046596167,0.02001981983109557,17.556890055602054,1.51,bo209097,bo,G,g
188979650745,2458931.9209601,3.8044530225629494,0.06953507209758736,14.94933505779328,0.019866614111890408,17.547130838220735,1.55,br239608,br,G,g
188979650745,2458931.9570742,3.6174484849627437,0.07035094184980697,15.004059734349614,0.02113877097960265,17.534465821214425,1.48,bs239815,bs,B,g
188979650745,2458933.8808265,3.6548502010254644,0.05983592747291521,14.992891668501185,0.01779527149505235,17.71023554369574,1.53,bs240445,bs,G,g
188979650745,2458939.0402818,4.58300729089376,0.025117513700658026,14.747189251921514,0.005957146387493078,18.652698991884883,2.27,bB118061,bB,G,g
188979650745,2458943.0824455,3.6537703876734535,0.12251120437900362,14.993212493052129,0.03644573644669177,16.932201088110087,1.47,bC119128,bC,B,g
188979650745,2458950.0366532,5.0961285623883095,0.12526348325686437,14.631964683249933,0.026717528491471056,16.908079401064207,1.46,bC120216,bC,G,g
188979650745,2458952.0148994,5.615603106778016,0.08712999653669891,14.526574608197278,0.0168648880937405,17.30222136951356,2.13,bB120503,bB,B,g
188979650745,2458956.9501054,5.363751484420254,0.06096958882430651,14.576394002952462,0.012355399461147137,17.689857446010432,1.51,bC121551,bC,G,g
188979650745,2458957.1043872,3.720772950250687,0.04892068106378491,14.973482699218298,0.014291292169982676,17.92890937502744,2.13,bB121471,bB,G,g
188979650745,2458958.8465929,4.930568176700549,0.05028292479328565,14.66782320147875,0.011085000973002359,17.89908928334644,1.59,br241736,br,G,g
188979650745,2458958.8987528,4.557295932233912,0.023690161856700007,14.75329754525047,0.005650319029989642,18.71622054160746,1.55,bs241972,bs,G,g
188979650745,2458960.8332637,4.493067344520908,0.026245055573685918,14.76870830207686,0.0063491668679329935,18.60502186964201,1.51,bs242449,bs,G,g
188979650745,2458961.0083695,3.8236333558838274,0.04995339286269083,14.943875018365238,0.01420041125845551,17.906228133715718,2.09,bB122903,bB,G,g
188979650745,2458962.8109948,5.360275339324076,0.05909035277302348,14.577097875999057,0.01198234050540451,17.72384915456206,1.50,bs242975,bs,G,g
188979650745,2458962.9532892,3.694209293180135,0.0497202890076541,14.98126188105498,0.014629326091348979,17.91130650047308,1.52,br242888,br,G,g
188979650745,2458963.8533574,4.6371397035048325,0.02969164523503044,14.73444017198239,0.006959791917631466,18.471054954375376,1.54,bs243366,bs,G,g
188979650745,2458965.8254644,4.836477927410758,0.04166766595644264,14.688742597051508,0.009364447008083357,18.10314267687131,1.47,br243813,br,G,g
188979650745,2458966.9349962,3.6016569271954166,0.05254367174809402,15.0088097670381,0.015857336730620845,17.851339566496208,1.47,bC125159,bC,G,g
188979650745,2458967.9882639,5.063022432198256,0.042434307107858366,14.639040993347848,0.009110022219739925,18.08334782355042,2.16,bB125376,bB,G,g
188979650745,2458968.9550141,4.80972876607474,0.04758029541388296,14.69476415729276,0.010752729503414759,17.959072776109778,1.49,bC125910,bC,G,g
188979650745,2458972.9493198,5.468409872591157,0.09070667323748784,14.55541297553223,0.018029776907346133,17.258542513868925,1.47,bC127339,bC,G,g
188979650745,2458973.8105186,3.480072468619462,0.10524570667323004,15.046094902937439,0.03287216237163365,17.097129640105358,1.53,br245204,br,B,g
188979650745,2458974.9899268,4.629124369020213,0.0922022846657213,14.736318499849064,0.021649855706483395,17.24078640519036,1.39,bC128028,bC,G,g
188979650745,2458976.5076518,3.8982272008635137,0.5308605862538086,14.922897753385051,0.14802174081464944,15.340189405585518,1.63,bn210505,bn,B,g
188979650745,2458976.8567519,5.42524649473374,0.13959843698895313,14.564016934703982,0.02796876264645716,16.790439222079502,1.52,bs246454,bs,B,g
188979650745,2458977.8122763,5.6046994412989655,0.22884223146773383,14.528684802294281,0.04438089116970378,16.253800176514016,1.55,br246499,br,B,g
188979650745,2458979.5164414,5.318265619112665,0.1397624612811004,14.585640561684043,0.0285648987214654,16.78916426102367,1.51,bn211666,bn,G,g
188979650745,2458981.9558945,3.52351613413975,0.07115535157676478,15.03262496111407,0.021950452476610576,17.52212168936344,1.46,bC128422,bC,G,g
188979650745,2458983.6128042,3.56639210810777,0.09512449508731399,15.019492897010968,0.028991817831034012,17.206909699975252,1.55,bn213028,bn,G,g
188979650745,2458983.953743,4.614326785620809,0.04722096637759327,14.739794752494472,0.01112342921331344,17.967303434754744,1.48,bs248207,bs,G,g
188979650745,2458985.9668137,4.753237976542389,99.99,14.707591726503297,99.99,99.99,2.10,bB129617,bB,G,g
188979650745,2458986.0298486,5.599747769150786,0.059829121846152654,14.529644458754685,0.011613318467460705,17.710359040329422,1.45,bC129852,bC,G,g
188979650745,2458987.5294321,3.6219376464935644,0.07585188027836934,15.00271319867953,0.022763422234661535,17.452724734185775,1.45,bo214083,bo,B,g
188979650745,2458987.5510655,4.035011555560864,0.11376731523412496,14.885453665275712,0.030646783423472743,17.012596837935924,1.52,bn214313,bn,B,g
188979650745,2458989.0720414,4.110505842237273,0.041816459825193816,14.865327447777867,0.011057683766311763,18.099272454600964,1.45,bC130872,bC,G,g
188979650745,2458989.5273351,4.383605292059376,0.05202900707459252,14.79548701588947,0.012901085930748001,17.86202676677417,1.62,bn214901,bn,G,g
188979650745,2458994.7192513,4.6075894782593645,0.03529383199610882,14.741381177618498,0.008326015381003133,18.283393576309038,1.49,bs250609,bs,G,g
188979650745,2458994.8679519,5.79757474014834,0.04988991123406636,14.491949732015028,0.009353594703889445,17.907608783373618,2.12,bB132281,bB,G,g
188979650745,2458996.8548104,5.0584703351164535,0.04719930453343726,14.640017603627802,0.010142115794969833,17.96780161271267,1.42,br251008,br,G,g
188979650745,2458998.0189671,4.15783028799372,0.04799960065062634,14.852898725866261,0.01254824640599927,17.949546551125653,1.70,bC133364,bC,G,g
188979650745,2458999.9239495,3.7151100141149214,0.05445133809333535,14.975136425078691,0.015931220564964505,17.81261921988068,1.53,bs252100,bs,G,g
188979650745,2458999.9471045,3.6594527724303196,0.05095450667225056,14.99152525557382,0.015134867638316373,17.884684108381247,2.14,bB133812,bB,G,g
188979650745,2459001.4190179,5.437967658122037,0.11957476250778053,14.561474071463616,0.02390094537416296,16.958541794004148,1.52,bo217443,bo,B,g
188979650745,2459001.4449557,4.756232617876109,0.10014928359648212,14.706907904919017,0.022887424921892982,17.151020993998436,1.62,bn217666,bn,B,g
188979650745,2459003.9522197,5.17143867724253,0.08011878985423594,14.6160371742816,0.016839731954888748,17.39330465915184,1.50,bC134972,bC,G,g
188979650745,2459006.797251,4.6612765442349815,0.08513987781534008,14.728803448477645,0.01985364836718672,17.32730805498367,1.54,bs254048,bs,G,g
188979650745,2459007.8226504,4.120869699371635,0.11899968062157885,14.862593416071789,0.031388393318095474,16.963776121920354,2.06,bs254213,bs,B,g
188979650745,2459008.8292116,5.020448252742985,0.07039025945982165,14.64820938469769,0.015239904433824178,17.533859196382593,2.02,bB136400,bB,G,g
188979650745,2459008.9121222,5.562255891357965,0.10039041559276708,14.536938210562573,0.0196179426261562,17.148409981159347,1.45,bC136650,bC,G,g
188979650745,2459009.4990219,4.751252224903019,0.164310703985532,14.708045407328719,0.037589793771107834,16.61347597049864,1.50,bo220626,bo,G,g
188979650745,2459010.049745,3.5751597747616377,0.11322330961734826,15.016826984039628,0.03442330484647241,17.01780099757861,1.42,bC137100,bC,B,g
188979650745,2459010.8337934,5.683325090970752,0.044980450690006384,14.513559375370878,0.008602674217236577,18.020081104902452,2.11,bB137091,bB,G,g
188979650745,2459010.8915464,5.326212389460526,0.05687335313832033,14.584019421056276,0.011606533421235075,17.76536852610542,1.50,bC137322,bC,G,g
188979650745,2459011.8838825,5.409476541834252,0.035541941855671826,14.56717751773752,0.0071416421157445105,18.275787731288645,2.22,bB137476,bB,G,g
188979650745,2459011.8956111,4.9378231508126955,0.05050799900811698,14.666226793469415,0.011118259452615372,17.894240203274904,1.58,bC137672,bC,G,g
188979650745,2459012.984443,3.6332128292008115,0.06274404255657098,14.999338524652547,0.018771277506510448,17.65870937002893,2.07,bC138078,bC,G,g
188979650745,2459013.8338305,5.612105441241475,0.0411246956359342,14.527251067193653,0.007965059921633797,18.11738386955613,2.18,bB138123,bB,G,g
188979650745,2459013.8459565,5.055973346928094,0.047935878093509056,14.640553682648905,0.010305476659739323,17.95098889338323,2.12,bC138319,bC,G,g
188979650745,2459014.4456926,5.500300583246652,0.08619424774852456,14.54909956305646,0.01703350540732726,17.313944902055322,2.10,bn221191,bn,G,g
188979650745,2459015.0542874,5.585864408876583,0.04016150864603036,14.532339648681525,0.007815050733475418,18.143115565222043,2.09,bB138632,bB,G,g
188979650745,2459015.3706752,5.019935384465462,0.06582167999036907,14.648320304693936,0.01425223610621754,17.606718204557698,1.47,bo221347,bo,G,g
188979650745,2459015.4040907,5.157287398761023,0.0655282526675534,14.619012287551477,0.01381081876729965,17.611569142679457,1.51,bn221575,bn,G,g
188979650745,2459016.0201434,5.146845558551111,0.03354492055303461,14.62121278086574,0.007084314023327009,18.33857369234036,2.11,bB138935,bB,G,g
188979650745,2459016.0442064,5.102412968303939,0.0516274024749073,14.630626608022006,0.010998079177273025,17.87043992400293,1.49,bC139140,bC,G,g
188979650745,2459016.4936285,4.599008205241955,0.051847726664501215,14.7434051612477,0.012253995235558073,17.86581631419593,1.47,bo221782,bo,G,g
188979650745,2459016.5166731,4.176258139442075,0.04377631497267291,14.848097284586945,0.011393680531350005,18.049542610230326,1.65,bn222001,bn,G,g
188979650745,2459017.3954075,5.423362162508004,0.07525011903310981,14.56439410523423,0.015081715952906152,17.461372633322934,1.59,bn222340,bn,G,g
188979650745,2459017.4759012,4.517850496971893,0.05572003580069189,14.76273598400553,0.01340576815140164,17.787612144465548,1.58,bo222201,bo,G,g
188979650745,2459018.0440181,5.4615371516304,0.05761249251919081,14.556778391657158,0.011466053006466699,17.75134894959032,1.47,bC139803,bC,G,g
188979650745,2459018.3942571,5.679301848763188,0.09451337517790072,14.51432824333266,0.018088830683223662,17.21390742998596,1.52,bn222765,bn,G,g
188979650745,2459018.5137953,3.679218124658021,0.06636375959993089,14.985676782272764,0.01960593769117114,17.59781315784235,1.42,bo222651,bo,G,g
188979650745,2459019.3640326,5.590590455661026,0.0706317461664243,14.531421425422488,0.013732652703915526,17.53014075378296,1.45,bo222923,bo,G,g
188979650745,2459019.3909672,5.1740897885811235,0.07277503998509213,14.615480719841274,0.015288351683845472,17.49768447962435,1.57,bn223145,bn,G,g
188979650745,2459020.3680027,5.46832723845535,0.07283967066734141,14.555429382413383,0.014478569335869062,17.496720677602568,1.48,bo223302,bo,G,g
188979650745,2459020.5327434,3.5549570891275097,0.11206397014330435,15.022979715150546,0.03426445387253303,17.028975600541585,1.64,bn223631,bn,B,g
188979650745,2459022.4948733,3.686219359000095,0.05865614638479416,14.983612683321548,0.017295954104676898,17.731856793623667,1.50,bo223765,bo,G,g
188979650745,2459022.9238812,5.0770598156768205,0.0488753793031179,14.636034922030841,0.01046381453335617,17.929915259416422,1.53,bs257876,bs,G,g
188979650745,2459023.452951,3.562266061090939,0.05961156877883741,15.020749739188734,0.018189316110603655,17.71431423351555,1.54,bo224132,bo,G,g
188979650745,2459023.4770919,3.5132658755495183,0.05952023166003078,15.035788078776593,0.018414747494217207,17.715979079271133,1.67,bn224345,bn,G,g
188979650745,2459024.349371,4.384487548329226,0.04246603628528198,14.795268519668063,0.010527737753591584,18.082536295188977,1.55,bo224408,bo,G,g
188979650745,2459024.3716767,4.013030942726631,0.05171245104722446,14.891384351278296,0.0140066664631061,17.868652804477815,1.52,bn224625,bn,G,g
188979650745,2459025.0342912,3.906791626975584,0.05085430793508656,14.920515001609552,0.014148802123691507,17.88682124026231,1.47,bC141959,bC,G,g
188979650745,2459025.0382563,4.113354101655858,0.03631448949957236,14.864575377943009,0.009596127690367703,18.252440753111845,2.19,bB141765,bB,G,g
188979650745,2459025.5388891,5.3313394346487994,0.07072642881897864,14.582974787334454,0.014419744607608432,17.528686286799,1.52,bo224896,bo,G,g
188979650745,2459026.3411875,4.060115078474007,0.10003185916961048,14.878719764177939,0.026780098495869376,17.152294759992962,1.53,bo225101,bo,G,g
188979650745,2459026.7665224,4.61775795462691,0.027677773164487097,14.73898770951536,0.0065149659951776765,18.547312747168135,1.43,bs258735,bs,G,g
188979650745,2459027.957933,4.111664200550296,0.04370880413008602,14.865021525725586,0.011554827288730599,18.051218300480546,1.47,bC142434,bC,G,g
188979650745,2459028.9186715,4.363869559771854,0.04590341433486455,14.80038622069836,0.011433663380163694,17.998028136616313,1.43,bC142685,bC,G,g
188979650745,2459029.9080648,4.108395723330027,0.05935574918406099,14.865884951119646,0.015703725498485654,17.71898363396597,1.50,bC142954,bC,G,g
188979650745,2459029.9319667,4.241830656045023,0.04292247452428843,14.831182306133808,0.010998756762453316,18.07092873260714,2.44,bB142775,bB,G,g
188979650745,2459030.7588916,4.98035133971868,0.07804422874276085,14.656915669238908,0.017033072092627936,17.421788628591305,1.40,br259142,br,B,g
188979650745,2459031.9417153,3.697015517916716,0.07139180710981265,14.980437438552022,0.02098984707007145,17.518519673428774,2.20,bB143429,bB,G,g
188979650745,2459031.9993443,4.002280658423771,0.06435929881822519,14.89429677201966,0.01747897400393161,17.631112351690522,1.47,bC143669,bC,G,g
188979650745,2459032.8901401,3.924290607006142,0.05304601537789926,14.91566272009327,0.014692773329361019,17.841008694307014,2.15,bB143735,bB,G,g
188979650745,2459032.8981317,3.8884599689688844,0.08654370107881106,14.92562154146559,0.02419190143495296,17.30955195131412,1.44,bC143938,bC,G,g
188979650745,2459033.4366186,5.591984330296188,0.1641654141987739,14.531150757853865,0.03191008004808046,16.61443644453751,1.50,bo226294,bo,G,g
188979650745,2459033.4552716,4.9086151908330615,0.18366966049032077,14.672668154605532,0.040671539233386955,16.4925470534191,1.53,bn226509,bn,B,g
188979650745,2459034.3606113,5.045620051405406,0.16023993141311002,14.642779262570865,0.034519808609845,16.640713735451833,1.60,bo226662,bo,G,g
188979650745,2459037.8741603,3.7346761643846733,0.08251202529278519,14.969433247544977,0.024014661530546332,17.361347493469893,2.19,bB145228,bB,G,g
188979650745,2459037.910385,4.784588247873252,0.07229892528923264,14.70045419927325,0.016424775610062774,17.50481100736301,1.48,bC145452,bC,B,g
188979650745,2459039.8546024,4.037849115072746,0.043527967193317064,14.884690406414254,0.011717378849598373,18.055719647508003,1.46,bC146082,bC,G,g
188979650745,2459040.0261743,5.05037204468768,0.06249398057929859,14.641757191340377,0.013450145684130072,17.66304514116563,2.27,bB146014,bB,B,g
188979650745,2459041.9775994,4.732139020874995,0.05224192528717388,14.712421885143973,0.011999795684067262,17.857592677078802,1.50,bC146868,bC,G,g
188979650745,2459043.9855732,3.945250461692208,0.05111537474260024,14.90987917396486,0.01408280424198415,17.881261738719132,1.48,bC147569,bC,G,g
188979650745,2459044.0135889,3.690840617465152,0.05081735069246016,14.982252393911025,0.014965764300765181,17.887610561861983,2.16,bB147393,bB,G,g
188979650745,2459047.9665175,3.5409370978238264,0.05219105137977379,15.027270092530877,0.016021014241832103,17.8586504971137,1.50,bC148526,bC,G,g
188979650745,2459050.8075457,4.545171070354947,0.034781958923967786,14.756190037868562,0.008317943704661683,18.299255516764234,2.19,bC149367,bC,G,g
188979650745,2459051.9673845,5.125723166828913,0.032412388626775666,14.625677755178836,0.006873343732453853,18.375863017724456,2.15,bB149630,bB,G,g
188979650745,2459052.8109412,4.230727013422163,0.044633000017892825,14.834028113544647,0.011467090715217069,18.028500413866492,1.42,bs263413,bs,G,g
188979650745,2459053.8403653,3.4729436723248117,0.060965744859761306,15.04832127341858,0.019080964228147635,17.689925900843857,1.48,br263433,br,G,g
188979650745,2459055.7698581,3.8914840385550917,0.05538279570128921,14.92477748860412,0.015469340329612136,17.794203424007257,1.55,bC150781,bC,G,g
188979650745,2459055.982061,5.758414755370221,0.042679176787724135,14.49930826691457,0.008056107717599011,18.077100526454075,2.15,bB150746,bB,G,g
188979650745,2459057.810598,4.552044984563714,0.03056726063161749,14.754549259217121,0.007298979559276224,18.43949931147678,1.45,bs264556,bs,G,g
188979650745,2459059.874182,5.657710007429857,0.07957509221113417,14.518463913737758,0.015287928390337756,17.400697735064327,1.49,bC151572,bC,G,g
188979650745,2459060.8465198,5.7825439277126165,0.06077963600118168,14.494768270733207,0.01142487157318456,17.693245374350866,1.42,bs265570,bs,G,g
188979650745,2459060.9533732,4.482855224133327,0.06191597351787407,14.77117883890054,0.015012746977143714,17.673133846899272,2.16,bB151791,bB,G,g
188979650745,2459061.8194364,4.743604327468365,0.07320992948517802,14.709794480816043,0.016775431679489458,17.49121564007465,1.45,bs265879,bs,B,g
188979650745,2459062.8639596,5.573501605499342,0.07555297648528331,14.534745295864884,0.014734507377992277,17.45701166524529,2.18,bB152446,bB,B,g
188979650745,2459063.8223841,5.69570553500301,0.15361527233578878,14.51119680125317,0.029315617016712574,16.686554623612324,1.49,bC152974,bC,B,g
188979650745,2459063.8633297,4.532154060083113,0.16763576068244918,14.759303961588264,0.04020445486514347,16.59172393772311,1.60,br266356,br,B,g
188979650745,2459064.8180253,5.246698499482191,0.11340150375490848,14.600350351615488,0.023493346166848984,17.016093577604444,1.44,bC153333,bC,G,g
188979650745,2459066.7680528,5.838423103605795,0.22407385798701218,14.484326710784574,0.0417164938148812,16.276662632244648,1.53,bs267292,bs,B,g
188979650745,2459067.8351186,3.101659587887961,0.3236510900594782,15.171080293338688,0.11342142912197496,15.877447926282871,1.51,bs267617,bs,B,g
188979650745,2459075.7871806,3.7947896125356615,0.04960071598150895,14.952096364488469,0.014207328264242425,17.9139207476071,1.46,bC156528,bC,G,g
188979650745,2459075.8745802,5.481048278166484,0.04195672420990855,14.55290655367856,0.008320513284372302,18.095636678671298,2.13,bB156404,bB,G,g
188979650745,2459078.8837803,5.264128870417911,0.05959567850634437,14.596749340682802,0.012305532978868145,17.71460368981363,1.55,bC157348,bC,G,g
188979650745,2459079.8150246,5.742906634041761,0.04163107004936004,14.502236232915756,0.007879487858795898,18.104096677033308,2.15,bB157485,bB,G,g
188979650745,2459080.8131351,5.658887946590024,0.06639638968324839,14.518237886233202,0.01275338714378119,17.59727944853686,1.52,br270916,br,G,g
188979650745,2459080.8789589,4.53614396213161,0.03508402165761038,14.758348549365062,0.0084068773980569,18.28986718536855,1.52,bC158103,bC,G,g
188979650745,2459081.7827558,5.689127036842047,0.06418359754408004,14.512451543363103,0.012262826877907593,17.634080471419647,1.44,br271248,br,G,g
188979650745,2459082.7667434,4.557386909557989,0.036510740433658755,14.753275870908908,0.00870796976764454,18.246589010237987,1.43,bs271764,bs,G,g
188979650745,2459084.8120733,4.3527631413904055,0.03771054886707488,14.803153033866025,0.009416944064715601,18.211483477709546,1.36,bC159222,bC,G,g
188979650745,2459085.7582713,5.216706449735523,0.04643833389004981,14.606574624422473,0.009675922992187528,17.985449037013236,2.23,bB159378,bB,G,g
188979650745,2459086.7786004,4.188182841516689,0.04740353307253477,14.845001539258762,0.012302609837351083,17.96311383232427,1.40,br272858,br,G,g
188979650745,2459086.8187647,3.795867466483653,0.05329030978080849,14.951788020941802,0.015259818809060573,17.83601999935066,1.43,bC159903,bC,G,g
188979650745,2459087.7678143,4.294603465517346,0.06101954426679504,14.817757946734819,0.015443938451335593,17.688968212122266,1.38,br273227,br,G,g
188979650745,2459088.7420847,4.302942415741067,0.08231521410591616,14.8156517868767,0.020793459490293712,17.36394033107875,1.41,br273562,br,G,g
188979650745,2459088.7941899,3.696338382271695,0.06741970810939339,14.980636317355152,0.019825644690629182,17.580673441615893,1.54,bC160651,bC,G,g
188979650745,2459089.7389172,3.8322130248739823,0.08762605754491952,14.941441515736306,0.024853971870697517,17.29605743034915,1.44,br273931,br,G,g
188979650745,2459089.7647697,4.53253409016763,0.06974306365435362,14.759212924276211,0.016725230605461,17.54388805886967,1.49,bs274145,bs,G,g
188979650745,2459091.8064092,3.7602928230416426,0.07573678633917066,14.962011457782587,0.021892601911873224,17.45437342842574,2.33,bB161541,bB,G,g
188979650745,2459092.7641092,3.5505384991842988,0.20861483141207895,15.02433005690619,0.06386503106133427,16.354277658365334,1.53,br274843,br,B,g
188979650745,2459092.8480458,5.448341191910075,0.09054377834440977,14.559404880745426,0.01806369074691804,17.26049407789604,2.21,bB161893,bB,G,g
188979650745,2459093.8480082,5.573499547068206,0.1037847953266549,14.534745696854024,0.020240346156843034,17.112306278465706,1.46,bC162548,bC,G,g
188979650745,2459096.2572011,3.975991100756195,0.11103920302049089,14.901452113110391,0.030355899405530094,17.038949771466143,1.49,bn240789,bn,G,g
188979650745,2459096.6543556,3.701450076459614,0.0905768343468638,14.979135881823177,0.02659851646735635,17.260097766305503,1.47,br275809,br,G,g
188979650745,2459096.7406184,4.487338963375047,0.08514785580171653,14.77009343130933,0.020625145087361088,17.32720632142398,1.47,bs276071,bs,G,g
188979650745,2459097.7203329,4.685859509622153,0.07432429708002472,14.723092463438721,0.01724065334628946,17.474813585021188,1.60,bs276422,bs,G,g
188979650745,2459098.8672475,4.244228208921173,0.07194342420835331,14.83056880342987,0.018424874980837024,17.510162849969692,2.11,bB164354,bB,G,g
188979650745,2459100.8166823,4.6365513773131,0.029565870181375093,14.734577930948449,0.006931189325709911,18.47566394729446,2.17,bB164965,bB,G,g
188979650745,2459102.7847196,4.220857915193163,0.04054046282194517,14.836563789921655,0.010439991429235173,18.132918855392486,1.45,bC165770,bC,G,g
188979650745,2459102.8112641,4.019687465022877,0.040373989292075106,14.889584903434546,0.010917458471960354,18.137386452683682,2.15,bB165628,bB,G,g
188979650745,2459104.8178128,3.637171473056123,0.05658802734695608,14.998156181821273,0.016911142582299987,17.770829224601034,1.48,bC166556,bC,G,g
188979650745,2459104.836706,3.6191778638141248,0.04388117050453861,15.00354080489936,0.013178939045341334,18.04694510242147,2.08,bB166428,bB,G,g
188979650745,2459107.7818386,3.762580991993115,0.046643786138268674,14.96135097935083,0.01347473121495245,17.980656122833388,1.58,bC167613,bC,G,g
188979650745,2459107.8083925,3.8974433024168973,0.04206969941263405,14.923116107130728,0.011732802916160566,18.092717088940738,2.11,bB167531,bB,G,g
188979650745,2459117.7445839,5.913187035032588,0.06489353801347,14.470511582235028,0.011928669589609668,17.622136979796267,2.23,bB170603,bB,G,g
188979650745,2459118.7443171,5.481486495102514,0.07265665900748555,14.552819751127311,0.014407520556061423,17.499452052204745,1.54,bC170904,bC,G,g
188979650745,2459121.7685197,4.021249295911987,0.07888224913671175,14.889163127610718,0.021322123757849292,17.410192399023806,1.49,bC171932,bC,G,g
188979650745,2459125.6814206,4.556171483342237,0.1238362273916502,14.753565468494745,0.029543355750118346,16.92052132899843,1.47,br277127,br,G,g
188979650745,2459126.7552447,3.697202944879525,0.06890858844316297,14.980382396564735,0.02025873091869841,17.556957227172948,2.37,bC172973,bC,G,g
188979650745,2459127.7637537,3.868154209674273,0.12273868743572043,14.931306173416402,0.03448973581360688,16.930186924844598,2.09,bB173584,bB,B,g
188979650745,2459128.7303847,3.9200679726756924,0.04695895223962706,14.916831628262951,0.013020779166760053,17.973344615802016,2.45,bC173585,bC,G,g
188979650745,2459129.6509634,4.4801217718751785,0.04473602757501526,14.771841076050979,0.010853748939286464,18.025997067876865,1.52,bs279427,bs,G,g
188979650745,2459129.7297197,4.200276278481009,0.04057978046364577,14.841870978267501,0.010501322794331362,18.131866378508942,2.44,bB174211,bB,G,g
188979650745,2459130.6515481,3.6788463026114666,0.06758663350819966,14.98578651239595,0.01996923112063178,17.577988574532444,1.51,bs279746,bs,G,g
188979650745,2459130.6976312,3.765606638762983,0.07856515191599059,14.960478244881696,0.022678126646962983,17.414565724923797,1.45,br278709,br,G,g
188979650745,2459131.6378409,4.51328465778773,0.029946131823933228,14.763833807755205,0.0072120740779596645,18.46178878135801,1.43,bs280107,bs,G,g
188979650745,2459131.6528396,3.5864989958100177,0.05695464336149266,15.013388838350682,0.017261184547221333,17.763817769593672,1.49,br279058,br,G,g
188979650745,2459132.6266783,4.551625209526408,0.03459376672249349,14.754649386956036,0.008261207507120042,18.30514598020432,1.48,bs280466,bs,G,g
188979650745,2459132.6565382,3.8522001841288978,0.05906802799550574,14.935793503121674,0.016666937123493,17.72425943133371,1.47,br279429,br,G,g
188979650745,2459133.6272417,4.5594098064479915,0.026356485802782523,14.752794049827134,0.006283347044818015,18.600421851777785,1.40,bs280805,bs,G,g
188979650745,2459134.6329512,4.329532575612428,0.047905777446088454,14.808963093171307,0.012027048258585625,17.951670880011733,1.45,bs281149,bs,G,g
188979650745,2459136.6275084,4.596650855110246,0.03183255749078008,14.743961828349983,0.007527351338806296,18.395461781186093,1.47,bs281824,bs,G,g
188979650745,2459136.703041,5.631320166050839,0.0578562833289611,14.52354007315525,0.011167410595321042,17.74676428330433,2.32,bB176509,bB,G,g
188979650745,2459140.7297896,4.035373560620863,0.09024305835629408,14.885356261745509,0.024307608539459992,17.264106098391363,1.51,bC177629,bC,B,g
188979650745,2459141.2620507,5.224906937657743,0.09655052793603316,14.60486922351668,0.020085759855557037,17.190753979357194,2.03,bn251226,bn,B,g
188979650745,2459143.6219816,4.433345703629745,0.035324278733483545,14.783236627146392,0.008660717596115867,18.28245735394933,1.49,br283100,br,B,g
188979650745,2459144.6145406,4.200054156401377,0.07631728839527334,14.841928396481146,0.019750596362253427,17.446083283456367,1.42,br283516,br,B,g
188979650745,2459145.5533769,4.5316398772919095,0.04165880500270662,14.7594271477235,0.00999225688970912,18.103373591686385,2.03,bs284941,bs,B,g
188979650745,2459145.6190105,4.121917104187444,0.06482660995207651,14.862317488679082,0.017094886842354128,17.623257333526304,1.46,br283932,br,B,g
188979650745,2459147.5899964,4.752335976193571,0.06001739592492322,14.707797781275628,0.01372720705042543,17.706947741349673,1.48,bs285622,bs,B,g
188979650745,2459148.7124104,5.207452384948543,0.06038111037495117,14.608502353264525,0.012603406975280866,17.700387873457505,2.22,bB180706,bB,G,g
188979650745,2459161.5561537,5.227159809495311,0.056489467347663476,14.604401177413305,0.011746645823143652,17.772721912212496,1.62,bs289141,bs,B,g
188979650745,2459161.5786789,5.009465525048686,0.04622553495273996,14.650587141897747,0.010030041415899854,17.990435746927503,1.41,br287871,br,B,g
188979650745,2459163.5828424,4.236145391321012,0.05365092132199184,14.832638478841842,0.013766340255395838,17.828697650690916,1.42,br288637,br,B,g
188979650745,2459165.5358171,4.419900093220324,0.08580612076245593,14.786534490455594,0.021101726419325575,17.318844940813747,2.43,bs290599,bs,G,g
188979650745,2459167.5466137,3.798162036557004,0.06540094277677637,14.951131900794305,0.01871641614941349,17.613680589262994,1.44,br290131,br,B,g
188979650745,2459168.5541458,3.5848641594547623,0.059616543603385565,15.013883863079476,0.018076163556250618,17.714223628254437,1.48,br290563,br,B,g
188979650745,2459171.5490928,4.0121193346954875,0.06299828137537826,14.891631017275566,0.017067386856408504,17.65431885683087,1.51,br291837,br,B,g
188979650745,2459177.5342405,5.484804786356338,0.18704973480190887,14.552162685038201,0.03706876307398639,16.472747869456384,1.44,br294028,br,G,g
188979650745,2459179.5340418,5.931227271949099,0.17541798289688662,14.467204208311557,0.03214709398202445,16.542455329395064,2.01,br294799,br,B,g
188979650745,2459229.0400663,3.6582626645229945,0.33924181408436604,14.99187841039791,0.10079678144535197,15.826367169145401,1.56,bs313600,bs,B,g
188979650745,2459230.0400144,4.382774033657777,0.2715429945105271,14.795692922412858,0.06734443221328008,16.068044103974707,1.58,bs314025,bs,B,g
188979650745,2459231.0404823,4.038041500723383,0.267941210019831,14.884638677118714,0.07212418337492467,16.082541825668976,1.44,bs314478,bs,G,g
188979650745,2459232.0335723,4.589088076755873,0.09462837023913093,14.745749639691919,0.022413368942284545,17.212587210417777,1.48,bs314838,bs,B,g
188979650745,2459233.0341147,4.500754361211682,0.08630376238313885,14.7668523448135,0.020842825411987634,17.312566288822207,1.51,bs315290,bs,B,g
188979650745,2459237.1679856,3.6709011738260466,0.10466456169887442,14.988133890278421,0.030991253249943847,17.10314146368942,1.57,bC205797,bC,G,g
188979650745,2459239.0149062,4.575454384256263,0.03408297742805617,14.748980047436625,0.008096838364991183,18.321296794086045,1.51,bs316883,bs,B,g
188979650745,2459239.0372751,4.622259638829495,0.15760230621657306,14.737929780380831,0.03706127910776817,16.658734190712472,1.48,br315613,br,B,g
188979650745,2459240.0342383,4.5039318467466805,0.11959739031457313,14.766086096851282,0.02886303963043008,16.958336353455554,1.46,br315854,br,B,g
188979650745,2459241.0363418,3.674181332465632,0.12708735960725231,14.98716415652089,0.03759706499379782,16.892384719435938,1.50,br316244,br,B,g
188979650745,2459242.0353819,3.612303227839622,0.14018383942048537,15.00560512431774,0.04218187923045884,16.78589573526573,1.52,br316471,br,B,g
188979650745,2459247.0008325,4.590120359020833,0.07652095251149113,14.745505438627923,0.018120428632899397,17.44318969302823,1.45,bs319267,bs,G,g
188979650745,2459252.151177,4.112959868555585,0.05507818584226951,14.864679442327606,0.014555841831697561,17.800191543721212,1.45,bC208941,bC,G,g
188979650745,2459252.1587557,4.1420364122731845,0.08007800933611892,14.857030841236421,0.021014135519878838,17.393857440307876,2.15,bB209523,bB,G,g
188979650745,2459252.9871043,5.174477794284606,0.06503986910434538,14.61539930338692,0.013662346753930084,17.61969146506778,1.55,bs321565,bs,G,g
188979650745,2459256.1615197,3.76943662174913,0.06022421181002128,14.959374508272361,0.017366282116483896,17.703212799346908,2.26,bB210591,bB,G,g
188979650745,2459258.0039301,4.576772018752192,0.0384600035347861,14.7486674232895,0.009134025356072524,18.190117311898067,2.09,br322206,br,G,g
188979650745,2459259.1103383,3.744661443971901,0.0510729920125668,14.966534224510786,0.014824870708179984,17.88216235918218,1.79,bC211236,bC,G,g
188979650745,2459259.1443572,4.727607257366843,0.036151232399998935,14.713462145621133,0.008311777118298953,18.257332843852947,2.48,bB211838,bB,G,g
188979650745,2459263.1038155,4.954399813661714,0.057263225101248004,14.662587995613707,0.012563103164985571,17.757951101152777,1.38,bC212191,bC,G,g
188979650745,2459263.1365647,5.718013907252348,0.04428512409349242,14.50695260401569,0.008418308389980615,18.03699594650934,2.15,bB212793,bB,G,g
188979650745,2459268.0856673,5.0434676722280605,0.059678104589416955,14.643242518734096,0.012861687474610117,17.713103058333147,1.49,bC213190,bC,G,g
188979650745,2459271.10187,4.125258945536819,0.11734534331517846,14.861437585468506,0.030919098145377764,16.97897596166422,1.57,bC214056,bC,G,g
188979650745,2459271.1168997,4.009645730750138,0.08143853685275952,14.892300615904526,0.02207680046996043,17.375565705421703,2.16,bB214643,bB,G,g
188979650745,2459274.9263166,5.531905786890533,0.15944368934579434,14.5428786845522,0.03132887013283267,16.6461222742184,2.05,bs325400,bs,B,g
188979650745,2459275.8940952,5.499507142967867,0.15594670497740162,14.549256196128585,0.03082226890743493,16.670200104158944,1.47,bk359941,bk,B,g
188979650745,2459276.9495474,4.674887566421749,0.0943603789280953,14.725637696490727,0.021939699685264206,17.215666420849725,1.62,br324838,br,B,g
188979650745,2459277.94828,4.4116137177019175,0.06702826227318133,14.7885719261069,0.016514774747012,17.586995710613806,1.47,br325238,br,B,g
188979650745,2459278.1001151,4.923203386224054,0.08134062283063016,14.669446178244282,0.017958575653297736,17.37687187768365,2.45,bB215219,bB,G,g
188979650745,2459279.1036679,4.897585440991909,0.1312867158868621,14.675110569202515,0.029137409396993677,16.85708864977711,1.51,bC214849,bC,G,g
188979650745,2459281.8778592,3.8769205869474206,0.10791861892549832,14.92884835925592,0.03025670607055466,17.069899664261648,1.49,bG212507,bG,G,g
188979650745,2459285.9119088,3.3475639062812412,0.32686733127927575,15.088243430752934,0.10613406866133905,15.866711818358645,2.47,bj363740,bj,B,g
188979650745,2459287.8887634,4.2100053169510945,0.072376745648502,14.839359011481028,0.018686526448823328,17.50364298250953,2.04,bF213491,bF,G,g
188979650745,2459289.0248864,4.7557928314993445,0.05425627960673664,14.707008302462,0.012400501673083087,17.816515585061246,1.46,bC215551,bC,G,g
188979650745,2459289.8787412,4.702545059791731,0.06624935829526912,14.719233208150886,0.01531302117140465,17.599686421530386,1.58,bj364959,bj,G,g
188979650745,2459293.0140152,3.768932515031052,0.04536064031957372,14.959519719233977,0.01308196515299436,18.01094267015958,1.50,bC216259,bC,G,g
188979650745,2459293.0524033,3.6620318514133103,0.04789509610209993,14.990760328872074,0.014216120771152804,17.951912988909122,2.16,bB216865,bB,G,g
188979650745,2459295.8609317,5.099894277648695,0.07453993418877836,14.631162689444102,0.015886930823564686,17.47166809899245,1.59,bG217016,bG,G,g
188979650745,2459296.1001391,5.1647267649124196,0.03441292866468891,14.617447245992437,0.007242465854795588,18.31083652588009,2.13,bB217651,bB,G,g
188979650745,2459296.9830423,3.593930527868421,0.05177748772798167,15.011141427867233,0.015659701134673118,17.867288175431423,1.52,bs331447,bs,G,g
188979650745,2459298.6036183,3.6408570749177915,0.05862397595123877,14.99705654565106,0.017501844120567607,17.73245243770408,1.43,bo288160,bo,G,g
188979650745,2459298.6261095,3.6706737103808296,0.07342170568178086,14.988201168839685,0.02174156793133837,17.48807943766416,1.51,bn288203,bn,G,g
188979650745,2459299.6257588,2.8500716578055694,0.16817515882039086,15.26292617384138,0.0641384174231904,16.58823599521263,1.48,bn288587,bn,B,g
188979650745,2459299.9958616,4.546141942884589,0.06519056501548597,14.755958143650838,0.015586691020579985,17.617178748577704,1.46,bs332211,bs,G,g
188979650745,2459300.8855329,3.4822061245210905,0.08887585194450695,15.04542943472831,0.02774223680095595,17.2806811694176,1.48,br331223,br,B,g
188979650745,2459304.0463718,5.176866299623805,0.10739248949960395,14.61489825023971,0.02254857670476795,17.075205836406983,1.47,bC218954,bC,G,g
188979650745,2459305.9027137,5.106980773064748,0.11302207187912575,14.629655065252349,0.02405532419025752,17.019732450537575,1.50,bk370414,bk,B,g
188979650745,2459306.8557567,4.764878856012063,0.13059086836242728,14.704935963641901,0.02979017942229867,16.862858587135538,1.48,bF219473,bF,B,g
188979650745,2459306.9617471,4.485381636871249,0.09748948338477355,14.770567120478555,0.0236249305733491,17.180246188972767,1.44,bs334422,bs,B,g
188979650745,2459307.9131068,4.566201811579241,0.2716795331105861,14.751177867253462,0.06467165765401453,16.06749830590112,1.60,bF219840,bF,B,g
188979650745,2459310.8192327,5.174293266738393,0.08582512964616941,14.615438022619674,0.01802916448468223,17.31860444109945,1.54,bG222239,bG,G,g
188979650745,2459310.8501713,5.697289412498012,0.08641421641818328,14.510894918708813,0.0164865235563902,17.311177620867777,1.49,bk372303,bk,G,g
188979650745,2459311.6493399,3.7966947703505576,0.06682302621683525,14.951551412077448,0.019130777832326914,17.59032526229823,1.62,bn291844,bn,G,g
188979650745,2459311.7898924,4.85733907113114,0.07109595954366686,14.684069570115284,0.015909578426299587,17.5230283113671,1.42,bG222613,bG,G,g
188979650745,2459312.8705602,4.9120491545832365,0.04621574538937223,14.671908861997576,0.010226792175143745,17.990665706603043,1.50,bs336106,bs,G,g
188979650745,2459312.8742763,4.959494328069985,0.0437970342831315,14.661472127490338,0.009598856032043896,18.04902885333708,1.49,br334821,br,G,g
188979650745,2459312.8970347,4.640657149497668,0.05837651002651102,14.733616912170564,0.01367322046114835,17.737045292380447,1.42,bk373162,bk,G,g
188979650745,2459313.6685516,3.2532868613609662,0.3544422301069383,15.119259724134928,0.11842278594311499,15.778776960389765,1.54,bn292681,bn,G,g
188979650745,2459313.8599615,4.665066044317226,0.06525035273427532,14.727921130972238,0.015203278105075501,17.616183452062547,1.55,bk373552,bk,G,g
188979650745,2459314.6210801,3.6748821486332903,0.06479316755398998,14.986957082111921,0.019164520980118494,17.623817581721152,1.55,bn293036,bn,B,g
188979650745,2459314.8879936,3.989970186431464,0.06604521093072128,14.897641495795106,0.017992182747357758,17.603037282597878,1.46,bk373970,bk,G,g
188979650745,2459315.8157466,4.621060768706788,0.03520058045286425,14.738211423047522,0.008279808989170964,18.28626604895442,1.50,bs337077,bs,G,g
188979650745,2459317.6608667,5.0147120945284405,0.08513281223547586,14.649450611566525,0.01845283711786946,17.32739816169272,1.57,bn294250,bn,G,g
188979650745,2459317.8011161,4.222853198496178,0.07317859926294315,14.8360506621436,0.018836069354463105,17.491680380821673,1.42,bG225006,bG,G,g
188979650745,2459318.8400768,3.6362946177392224,0.0629612857218699,14.99841796445877,0.018820306748141273,17.6549566412011,1.48,bk375620,bk,G,g
188979650745,2459318.8626533,3.7259095937613615,0.07392072861612212,14.971984840089206,0.02156483297274241,17.480725014058645,1.45,bG225456,bG,G,g
188979650745,2459319.8061281,3.710711564015681,0.0631357465466905,14.976422628100355,0.018493976230674235,17.651952311102708,1.53,bF224139,bF,G,g
188979650745,2459320.7890101,3.6516231803600654,0.08562124734072557,14.993850734035227,0.025486357326514747,17.321186735444407,1.49,bG226170,bG,G,g
188979650745,2459320.8446422,3.698470412902072,0.06610859741459636,14.98001025034698,0.019428888994798825,17.601995753691902,1.57,bj376438,bj,G,g
188979650745,2459322.5390334,5.069103741803135,0.05439954670971134,14.637737673849092,0.01166477252934264,17.81365240917703,1.49,bo295922,bo,G,g
188979650745,2459323.9305585,5.433209203299731,0.05876571382827237,14.562424553104211,0.0117565463633358,17.72983057168241,1.59,bC225337,bC,G,g
188979650745,2459324.9459625,5.280630636487775,0.050857388944025174,14.59335114473938,0.010468403188316745,17.886755462912102,1.40,br337697,br,G,g
188979650745,2459325.5439801,5.345760004056723,0.08338188124009299,14.580041978867238,0.016954086891296783,17.34996138809521,1.50,bo296742,bo,G,g
188979650745,2459326.8881081,5.643239111040373,0.06416402760601335,14.521244491642857,0.012358772487765112,17.634411568943634,1.40,br338158,br,G,g
188979650745,2459326.9240572,4.595402826565897,0.12017874712044764,14.744256654692478,0.02842603312202474,16.953071431135644,1.55,bj378749,bj,G,g
188979650745,2459327.8439851,5.724581021421099,0.0810943934569137,14.505706356212444,0.015397822044029622,17.3801635367926,1.58,bj379073,bj,G,g
188979650745,2459327.9480197,4.058294329251715,0.08498455973411803,14.879206769275683,0.022761907825241616,17.32929053925599,1.43,bC226372,bC,G,g
188979650745,2459328.8087093,5.109666348537333,0.10352022364254612,14.629084266133294,0.022021395242835924,17.11507760753028,1.50,bF227424,bF,G,g
188979650745,2459328.8830554,4.534394643127466,0.06022946516020049,14.758767333537133,0.01443782800333979,17.70311809484916,1.47,bk379533,bk,G,g
188979650745,2459329.8122392,5.604000823093619,0.129703057598777,14.528820146279209,0.02515730971443177,16.87026507596165,1.54,bj379871,bj,G,g
188979650745,2459329.9344706,4.130493176533334,0.14850417533077828,14.860060849642524,0.039079493654255656,16.72329395041306,2.28,bC227107,bC,G,g
188979650745,2459330.754576,4.961098041354724,0.21621355942253878,14.66112109813128,0.047371516656942385,16.315433295380792,1.46,bk380243,bk,G,g
188979650745,2459333.7917186,4.287267361242612,0.15843254589626446,14.819614203048598,0.04016761132614925,16.653029608787165,1.68,bF229399,bF,B,g
188979650745,2459336.5359626,3.632380360243732,0.0864659112576057,14.999587325174797,0.025874131238630815,17.310528304359426,1.97,bo299319,bo,G,g
188979650745,2459336.8325236,4.514685917405022,0.09351144304229991,14.763496766711858,0.022513830359762437,17.225478714045774,1.70,bs341259,bs,B,g
188979650745,2459337.4930245,3.650050768610792,0.10843869635281812,14.99431835951489,0.03229219418623196,17.064679891784966,2.30,bo299671,bo,G,g
188979650745,2459338.0681794,4.182522333563945,0.16999598076663255,14.846469950636266,0.044178661876093483,16.576543977871612,1.55,bC229164,bC,G,g
188979650745,2459338.757481,3.8876527770838467,0.08795049177106527,14.925846949065901,0.024590251779746664,17.292044931098253,1.54,bj382784,bj,G,g
188979650745,2459339.5150492,4.377017831509494,0.07225703895472316,14.797119832565528,0.01794378336044126,17.505440210196284,1.56,bo300114,bo,B,g
188979650745,2459339.8417682,4.011160721704475,0.09768737871860632,14.891890462497056,0.026471622743819964,17.17804447100262,1.59,bj383043,bj,G,g
188979650745,2459339.8748926,5.119969941096068,0.053474465065413944,14.62689709408798,0.011352492147037855,17.832274489497408,1.40,br340590,br,G,g
188979650745,2459340.793561,3.8432403962935853,0.07190643532908038,14.938321745743732,0.020336788953231627,17.510721212228987,1.55,bj383412,bj,G,g
188979650745,2459340.9133267,5.642500297779817,0.057881317222876844,14.521386645608604,0.011150105790337789,17.74629459661194,1.47,bs342249,bs,G,g
188979650745,2459340.9145573,5.731538346341073,0.0680142946150912,14.504387616377418,0.012898558229232625,17.571140115704836,1.48,bs342250,bs,G,g
188979650745,2459343.8808672,5.429312430214846,0.06288089495745455,14.563203537569187,0.012588849830492027,17.65634382592495,1.45,bC230251,bC,G,g
188979650745,2459344.4805117,5.307146531657302,0.06779305466427042,14.587912925343847,0.013884693489504043,17.57467760374675,1.51,bo301210,bo,G,g
188979650745,2459344.9605435,3.77492312524149,0.05400467841089603,14.957795342715812,0.015550180879350397,17.82156215077244,1.40,bC230697,bC,G,g
188979650745,2459345.7397728,4.71184253302923,0.06113646374178412,14.717088701885553,0.014103331661526875,17.686889824855506,1.58,bF232485,bF,G,g
188979650745,2459345.8142642,5.4807619319071845,0.06991301682964057,14.55296327724792,0.013865300215839099,17.541245504303145,1.41,bk384791,bk,G,g
188979650745,2459346.7084852,4.236746894673364,0.06089986677936971,14.83248432275299,0.015624135454516814,17.691099754944062,1.50,bk385125,bk,G,g
188979650745,2459346.7414769,5.226828529461618,0.07059415880185063,14.604469989949715,0.0146805621944256,17.53071869256171,1.56,bF232889,bF,G,g
188979650745,2459346.7539414,4.8582168932894145,0.07539087780843381,14.683873372737661,0.01686763026712675,17.459343611394125,1.54,bj385145,bj,G,g
188979650745,2459348.7671117,5.303756573340721,0.0764298865945514,14.588606664710937,0.01566360796181904,17.444482573476645,1.53,bj385725,bj,G,g
188979650745,2459349.7035701,5.252871893768692,0.08755951130477227,14.599073598719048,0.01811835197540499,17.296882288996677,1.48,bG235175,bG,B,g
188979650745,2459350.9680012,5.224071345647847,0.047346027915908834,14.605042873509028,0.009851142991091367,17.964431736861744,1.54,bC232764,bC,G,g
188979650745,2459351.5018095,3.721975604231142,0.060718102982545305,14.973131816753257,0.0177319641615811,17.694345125381503,1.44,bo303064,bo,G,g
188979650745,2459351.8337818,3.906099678295121,0.07071285902986146,14.920707318053445,0.01967737887499973,17.528894619456846,1.50,bk386961,bk,G,g
188979650745,2459352.476878,3.5881117442685206,0.06057676047005512,15.012900722832367,0.018350684023130587,17.69687550050497,1.57,bn302817,bn,G,g
188979650745,2459352.8754021,3.7909666592746327,0.07720958727840319,14.953190709987394,0.022137747961388014,17.433462534061768,1.46,bG236432,bG,G,g
188979650745,2459354.87669,4.381926195806992,0.05893082991661302,14.795902975975245,0.014618057686744155,17.726784218289094,2.32,bB234640,bB,G,g
188979650745,2459354.8955734,4.971320022104427,0.05293548069633118,14.65888631936307,0.011574102193870867,17.843273458508694,1.48,bC234079,bC,G,g
188979650745,2459356.9615247,5.230200712820034,0.07539088771857562,14.603769733384798,0.0156679679394606,17.459343468673953,1.47,bC234804,bC,G,g
188979650745,2459357.4663311,3.8659248717669557,0.13614615334126573,14.931932097439201,0.038279313280174185,16.817627173092514,1.51,bn303443,bn,G,g
188979650745,2459357.8362968,4.946723858137498,0.08432241339172956,14.664271453929082,0.01852838359152568,17.33778304147121,1.46,bC235073,bC,G,g
188979650745,2459358.5016786,5.5250164754791005,0.11865147096488617,14.544231678742758,0.023342734044614875,16.9669577947138,1.66,bo304459,bo,G,g
188979650745,2459359.5578197,4.843435206287302,0.2969639911568625,14.687181886586604,0.06664421699925309,15.970881132845856,1.61,bn304157,bn,B,g
188979650745,2459360.9526452,3.897225019805654,0.09610369871914484,14.923176917244554,0.02680382619816913,17.195790355007475,1.49,bs346607,bs,G,g
188979650745,2459362.5558697,3.917037336638195,0.19364937050547634,14.91767134428143,0.0537366453550981,16.435100387525548,1.50,bn304928,bn,B,g
188979650745,2459362.7864409,4.319817423628041,0.06409993803360649,14.811402142737123,0.016128886676462,17.63549658724248,1.47,bs347087,bs,B,g
188979650745,2459364.7006679,5.059265733977208,0.1387638943009884,14.6398468948178,0.029812689790027578,16.796949412745693,1.53,bk390968,bk,B,g
188979650745,2459365.8204135,4.528856887917668,0.04687821980897576,14.7600941293459,0.011251092275586391,17.975212833749545,1.55,bC237992,bC,G,g
188979650745,2459366.0848893,5.876881705278112,0.05729039850349611,14.477198249870067,0.010596124851463535,17.757436003572234,2.11,bB238758,bB,G,g
188979650745,2459367.659833,4.626711975673204,0.07411491330792204,14.736884461207655,0.01741186587834969,17.47787659906234,1.46,bG241301,bG,G,g
188979650745,2459367.9728333,5.251998861261507,0.03431430440345106,14.599254064147946,0.007101706977772276,18.313952612468036,2.09,bB239405,bB,G,g
188979650745,2459370.4106718,4.109682625391606,0.06310527841344579,14.865544911486932,0.01669050877648304,17.652476393602957,1.44,bo306924,bo,G,g
188979650745,2459370.8646486,3.854525145004922,0.0845355997940555,14.935138414438345,0.023838609960646757,17.33504151545202,1.56,bj393621,bj,G,g
188979650745,2459371.4805289,3.6127701207408487,0.07098125737651007,15.005464801167275,0.021355784632878877,17.524781390789716,1.45,bo307411,bo,G,g
188979650745,2459371.8814427,4.727645691739997,0.12684526571219662,14.713453318868286,0.029163625577630883,16.89445495508305,1.65,bG243079,bG,G,g
188979650745,2459372.6488267,5.160337598498401,0.0716277138388373,14.61837033508975,0.015087425814358275,17.514937886729435,1.41,bG243330,bG,G,g
188979650745,2459373.9114283,5.674873610272192,0.04013079958344897,14.515175138664532,0.007686591336744081,18.143946079213226,2.20,bB241121,bB,G,g
188979650745,2459375.9376697,4.76077379033621,0.04122119298829702,14.705871756467563,0.009411420606340664,18.114839219936517,1.55,bC241292,bC,G,g
188979650745,2459376.0102268,3.823685875681227,0.045041571516757514,14.9438601052581,0.012803936176058565,18.018606774443334,2.24,bB241914,bB,G,g
188979650745,2459376.4660078,4.65729718421839,0.062142363501156046,14.729730743926567,0.014503271878966679,17.669171193844267,1.55,bn308076,bn,B,g
188979650745,2459376.8534395,5.276034521860955,0.0758440272913611,14.594296550943328,0.015625212412413807,17.452837146873165,1.52,bk396265,bk,G,g
188979650745,2459377.6903209,3.5342965666731403,0.06196018076632886,15.029308150225662,0.019055566306223074,17.672358921128048,1.39,br348750,br,G,g
188979650745,2459378.8656567,5.018064231089707,0.08217264602198943,14.648725082352046,0.017799312521507196,17.36582243190982,1.51,bG246022,bG,G,g
188979650745,2459379.790271,5.356904271584146,0.0709935547356104,14.577780908391444,0.014405130913137602,17.524593305483133,1.41,bC242587,bC,G,g
188979650745,2459379.8428091,4.753237976542389,99.99,14.707591726503297,99.99,99.99,2.11,bB243193,bB,G,g
188979650745,2459380.7214649,5.261853803639833,0.05503273062845746,14.597218678792917,0.011368272038332957,17.801087955734044,1.66,bF245297,bF,G,g
188979650745,2459380.7518891,5.118952589157786,0.060961028150842686,14.627112854258595,0.01294444243551456,17.69000990375013,1.53,bk397875,bk,G,g
188979650745,2459380.8207139,5.381970924817917,0.06061005621636222,14.572712254202136,0.012240960943054354,17.696278894386776,2.04,bB243498,bB,G,g
188979650745,2459381.813798,5.139093916900427,0.06296881451866639,14.622849236067491,0.013318371820791191,17.65482681858912,2.01,bB243847,bB,B,g
188979650745,2459381.9379316,3.4556322207027383,0.05999427512125236,15.053746835377009,0.0188709806036001,17.707366085561038,1.51,br350002,br,G,g
188979650745,2459382.6358138,4.6477255139040095,0.04975594236881988,14.73196444351075,0.0116363468305676,17.910528221156284,1.51,br350086,br,B,g
188979650745,2459382.7591117,5.493905023856409,0.08936678142883248,14.550362754124752,0.017681012955101952,17.274700319013068,1.52,bk398267,bk,G,g
188979650745,2459382.8869672,3.8308293557439805,0.04720023960271809,14.941833605355955,0.013392559025605618,17.96778010331702,2.10,bB244256,bB,G,g
188979650745,2459383.6412366,4.652201649115146,0.08435519172905609,14.730919295017388,0.019709039441549548,17.337361069295476,1.55,bF245970,bF,G,g
188979650745,2459383.7634903,5.19606773613822,0.08546286646974777,14.610878612488708,0.01787783085076813,17.323196973461897,1.55,bj398571,bj,G,g
188979650745,2459383.8259716,3.995922001749013,0.040368972092253624,14.896023116178025,0.010981024522594302,18.137521383466655,2.15,bB244560,bB,G,g
188979650745,2459383.8442152,3.947457061223261,0.052159972677458435,14.909272085698703,0.01436256850832701,17.859297223364894,1.55,bs351818,bs,G,g
188979650745,2459384.3678213,4.6357895632203014,0.04375900497015466,14.734756338785049,0.010260201674056078,18.049972016250564,1.54,bn309571,bn,G,g
188979650745,2459384.633484,4.607545847363259,0.03724460588109559,14.741391458887708,0.008786297218339697,18.22498215401383,1.51,bF246282,bF,G,g
188979650745,2459384.6886629,5.614239343420445,0.07471342626502582,14.52683831399117,0.014465048775560136,17.469143978762435,1.45,br350703,br,G,g
188979650745,2459384.7720794,4.336588823951985,0.035504877190171924,14.80719500670405,0.00889921995884191,18.27692057448815,1.44,bs352054,bs,G,g
188979650745,2459384.9178998,4.702619880214398,0.027635467976828275,14.719215933548629,0.00638762071225644,18.548973553221035,2.06,bB244983,bB,G,g
188979650745,2459385.4071605,4.047189831956927,0.0536547318203775,14.882181684049872,0.014410087763568995,17.828620540195132,1.58,bn309970,bn,B,g
188979650745,2459386.0547258,5.117560814355167,0.050362574462856774,14.627408091560948,0.010696878991729665,17.897370805150334,1.43,bC244838,bC,G,g
188979650745,2459386.6096601,4.870048441537743,0.1426292508255433,14.681232419559862,0.03183372737184488,16.76711910884817,1.51,bG248463,bG,G,g
188979650745,2459388.6298603,5.255950281637113,0.1336387018608173,14.598437501314248,0.027637144714223114,16.8378099905965,1.63,bj400544,bj,B,g
188979650745,2459388.957617,4.918395186172087,0.06944502462284188,14.670507070385552,0.015347225987117217,17.548537770860243,1.46,bC245820,bC,G,g
188979650745,2459391.9003923,5.482521292783365,0.11511667346514277,14.552614804663978,0.022822860560259946,16.99979503326531,1.44,bC246755,bC,G,g
188979650745,2459393.0019288,3.5912201242223434,0.0748610342837144,15.011960557110344,0.02265822941066313,17.467001053807994,1.53,bC247183,bC,G,g
188979650745,2459393.5828858,4.263869513344364,0.13909440140550502,14.825555858374322,0.03545830055820087,16.794366486814837,1.47,bG250683,bG,G,g
188979650745,2459395.5971782,3.9734958926044173,0.07149949518351684,14.90213370122294,0.019558807833532168,17.5168831726663,1.46,bk402887,bk,G,g
188979650745,2459395.7924701,5.613576505469615,0.04544658830227883,14.526966507608101,0.008799820488386258,18.008887396238535,2.13,bB248440,bB,G,g
188979650745,2459397.5864768,3.6136147631157844,0.09000263754829745,15.005210992706902,0.02707232515634664,17.26700251962479,1.53,bF250980,bF,G,g
188979650745,2459397.696014,4.788904327914596,0.06448714142247547,14.699475220150653,0.014636901081713023,17.62895779640385,1.52,bj403806,bj,G,g
188979650745,2459397.699766,5.090574995431343,0.06704782564025606,14.633148522413189,0.014316274961769656,17.58667886580723,1.51,bk403829,bk,G,g
188979650745,2459398.76583,5.5456330967912395,0.04473699408612646,14.540187789915995,0.00876855115298851,18.025973611060802,2.27,bB249332,bB,G,g
188979650745,2459399.8850838,3.790840737749365,0.04852528675207444,14.953226774622589,0.013913767565910338,17.937720335295527,1.45,bC249172,bC,G,g
188979650745,2459400.5573046,3.43452094328445,0.08811893659903747,15.060400199795655,0.027887863957365894,17.289967492604546,1.51,bk405018,bk,B,g
188979650745,2459401.3390929,4.293747383089111,0.045784815277347686,14.81797439799678,0.01159036597223624,18.000836945619533,2.04,bn311276,bn,G,g
188979650745,2459401.5720902,3.895834950777073,0.05312203136487431,14.923564248611987,0.014821299970257605,17.83945392663755,1.70,bj405442,bj,G,g
188979650745,2459401.7780273,4.228401268271735,0.06315895607305697,14.834625136238333,0.016235696390731646,17.651553253615223,1.52,bG254107,bG,G,g
188979650745,2459401.8243457,3.6468748196113054,0.08940380488935025,14.995263481673328,0.02664693843347481,17.274250606194954,1.60,bF252782,bF,G,g
188979650745,2459402.3866622,4.142421121654466,0.044462977054745154,14.856930003516592,0.011666926530707247,18.03264426675141,1.53,bn311833,bn,G,g
188979650745,2459402.7280176,4.516044566762235,0.04289555895571894,14.763170074466883,0.010324434772793253,18.071609783128594,1.50,bk406010,bk,G,g
188979650745,2459403.0081989,5.649475444170424,0.04408864267811512,14.520045309051381,0.008482634921982634,18.04182378955661,2.10,bB250890,bB,G,g
188979650745,2459403.3588571,4.810951974312307,0.05877533561722187,14.694488068414543,0.013279333218801799,17.72965281719256,1.49,bn312281,bn,G,g
188979650745,2459403.661536,4.446690334600341,0.04639816142472902,14.779973406180115,0.011341645215294028,17.986388682625826,1.49,bF253464,bF,G,g
188979650745,2459404.9540118,5.7431805783248,0.04271114151203418,14.502184443090247,0.00808352674694585,18.076287664743973,2.10,bB251546,bB,G,g
188979650745,2459404.9849365,5.306034558318672,0.05109134336654163,14.588140436719872,0.010466209419916182,17.881772306634836,1.43,bC251007,bC,G,g
188979650745,2459405.3200102,4.399646046334762,0.03319870848816524,14.791521275559333,0.00820192177381847,18.349837639183082,1.50,bn312509,bn,G,g
188979650745,2459405.7151034,4.002210876331062,0.055017572514090556,14.894315702627349,0.014942168491948167,17.801387050115395,1.56,bF254102,bF,G,g
188979650745,2459405.8211024,3.8835164329140555,0.05048993139730575,14.927002754305303,0.014131615293123007,17.89462865993578,1.47,br354305,br,G,g
188979650745,2459406.4188627,4.143479867668531,0.03466368251718785,14.85665253969296,0.009093302485563365,18.302953865530615,1.51,bn313005,bn,G,g
188979650745,2459406.5908063,5.14206173864756,0.0855486943592307,14.622222405443077,0.01808374072235285,17.322107147085696,1.48,bF254427,bF,B,g
188979650745,2459406.9825208,4.7306796305093615,0.05800213517680293,14.712756777532338,0.013327006694476225,17.744030658636763,1.47,bC251650,bC,B,g
188979650745,2459407.5443631,4.881801715119032,0.06827868633051962,14.678615283195898,0.015202576371115294,17.566927719501184,1.45,bG256169,bG,G,g
188979650745,2459407.6233716,5.246581244080788,0.12038665037903727,14.600374616371145,0.024941013713921663,16.951194784257233,1.67,bj407826,bj,B,g
188979650745,2459408.55951,5.53797631683528,0.07382533067534158,14.541687886901059,0.014489936405680947,17.482127109154185,1.53,bF255212,bF,G,g
188979650745,2459408.6465911,3.8971434245365106,0.05692116681570272,14.923199649282044,0.01587594469985086,17.76445612639245,1.57,bj408269,bj,G,g
188979650745,2459408.7483358,3.456979893692882,0.06805416322596992,15.05332348821044,0.021397844021287492,17.570503865449783,1.52,bk408368,bk,G,g
188979650745,2459408.7500273,3.620266071983682,0.07410441848670932,15.003214396675917,0.022249271009983803,17.47803035238499,1.49,bG256715,bG,G,g
188979650745,2459409.6233742,4.395843999931258,0.052349618908969636,14.792459942914505,0.012944444726553643,17.855356800241424,1.48,bk408694,bk,G,g
188979650745,2459409.7607905,4.001100300802346,0.05120318031193297,14.894617025927342,0.013910081375035634,17.87939827008521,2.34,bB253006,bB,G,g
188979650745,2459410.387195,3.529467848465181,0.05885511357208722,15.030792547124959,0.018125381015355213,17.72818010620971,1.52,bn313514,bn,G,g
188979650745,2459410.8686746,4.58185832879583,0.03229784807327835,14.747461480627512,0.007662034502628523,18.37970664315576,1.58,bs356400,bs,B,g
188979650745,2459410.8811216,5.344421976963336,0.03851964296075764,14.580313769276119,0.007834182501256776,18.18843497897212,2.19,bB253398,bB,G,g
188979650745,2459411.304064,4.503160310497615,0.037576408224100306,14.766272102462487,0.009070057285658642,18.215352448175327,1.57,bn313865,bn,G,g
188979650745,2459412.3994776,4.89592514245205,0.07727423772730119,14.675478699963662,0.017155845773010124,17.432553787309576,1.59,bn314303,bn,G,g
188979650745,2459413.2771141,3.8673044558102316,0.08489929921830772,14.931544713515688,0.023862058969207182,17.330380347754506,1.42,bo315201,bo,G,g
188979650745,2459413.3115262,3.8611619323198405,0.09243943589155981,14.933270582843818,0.026022645377074046,17.237997395071687,2.20,bn314643,bn,B,g
188979650745,2459414.2730164,3.6744537497437344,0.12935706247261705,14.987083659041165,0.038265688525112994,16.873165249546084,1.42,bo315575,bo,G,g
188979650745,2459414.8524793,4.194080589478206,0.05913057076309617,14.843473694280435,0.01532454089850972,17.723110433728507,1.55,bC254185,bC,G,g
188979650745,2459415.3894646,5.426526331994785,0.15925105722873967,14.56376083541419,0.03189867046770582,16.647434800963218,1.50,bn315330,bn,G,g
188979650745,2459416.7000352,4.571712979395466,0.20811754835059695,14.74986823036344,0.04948139296748969,16.356868858408117,1.38,bs357525,bs,B,g
188979650745,2459416.7213995,6.055397295423863,0.1683962649086022,14.444709015950428,0.030227482929524794,16.586809475296363,1.62,bj411750,bj,G,g
188979650745,2459417.7463429,4.331669585233559,0.19583859532365566,14.808427317947599,0.04914226124747238,16.42289489782668,2.22,bs357853,bs,B,g
188979650745,2459417.7759614,4.721996088910984,0.295425195175936,14.714751564708116,0.06800394081999261,15.976521783636162,2.22,bF259094,bF,B,g
188979650745,2459419.5470836,4.428540848625663,0.21582909301955436,14.784413984928392,0.052973845846188805,16.317365647203278,1.57,bj412893,bj,G,g
188979650745,2459419.5662505,4.317467110545454,0.1984253707316276,14.81199302753643,0.04995515779806349,16.408647610441246,1.51,bk412928,bk,G,g
188979650745,2459422.2567462,5.4743095321446456,0.06751699070417701,14.554242247424034,0.013405897664934292,17.57910791860432,1.53,bo317199,bo,G,g
188979650745,2459422.2772612,5.326983331333601,0.09908382111851304,14.583862277692583,0.02021778535143992,17.162633744971025,1.60,bn316629,bn,G,g
188979650745,2459422.8342083,4.3323592432107505,0.15140862576530068,14.808254468422016,0.03798729144658493,16.702264067264515,2.33,bs358852,bs,B,g
188979650745,2459424.6066373,5.377050187893011,0.08168730042594728,14.573705397081959,0.01651287245582498,17.372254251740145,1.55,bj415045,bj,G,g
188979650745,2459424.8607273,5.375082157208202,0.05756001316446073,14.57410285539476,0.011639865191008902,17.752338399963705,2.03,bC257051,bC,G,g
188979650745,2459425.6958648,3.750287597948029,0.09443735861815027,14.964904188021247,0.027371048263599863,17.21478103268521,1.57,bj415538,bj,G,g
188979650745,2459425.9159196,5.055680998492385,0.05477487118836861,14.640616464320487,0.011776435950640948,17.806187199134925,1.56,bC257284,bC,G,g
188979650745,2459426.4941398,5.298325153979649,0.11295625847204831,14.589719104571541,0.02317308550329779,17.020364865165398,1.64,bn317509,bn,G,g
188979650745,2459426.9227102,4.751465495743059,0.04425495604923404,14.707996672665793,0.01012386876008891,18.037735827003978,1.47,bC257654,bC,G,g
188979650745,2459427.7379219,4.199608063659877,0.08145373283191766,14.842043719937706,0.02108212594593688,17.37536313196848,1.54,bF263144,bF,G,g
188979650745,2459427.7945186,4.522146469982806,0.026771700633732718,14.761704060255827,0.006434925271669502,18.583450711455157,1.44,bs360013,bs,G,g
188979650745,2459428.4790231,5.521885573164974,0.09276956572501296,14.544847115373237,0.018261241227770206,17.234126802509458,1.52,bG264718,bG,G,g
188979650745,2459428.86675,4.94285440226412,0.04707056215356801,14.665121077328223,0.010351034109220747,17.970767148885017,2.04,bC258358,bC,G,g
188979650745,2459429.7118902,4.6878178780214315,0.07973440786896285,14.722638794848187,0.018487884319592328,17.398526177997542,1.59,bj417234,bj,G,g
188979650745,2459430.4216048,5.247008717598308,0.07308482670044002,14.600286157897639,0.015140060422575239,17.49307255770255,1.50,bo318502,bo,G,g
188979650745,2459430.7046376,5.181552026941286,0.07908272749164295,14.613915964338362,0.016589524906247512,17.40743651313403,2.03,bj417643,bj,G,g
188979650745,2459431.7043155,5.177550773887304,0.07600214051009374,14.614754705994793,0.015955617994172912,17.450576051837857,1.48,bF264739,bF,G,g
188979650745,2459431.8078235,4.861167075338627,0.04926890026403659,14.683214252865422,0.011016521676984088,17.92120844030894,1.44,bC259408,bC,G,g
188979650745,2459432.6586636,4.685347833870474,0.06632889926595667,14.723211027646915,0.015387679248853505,17.598383635936617,1.54,bF265110,bF,G,g
188979650745,2459432.7286175,4.582101569304169,0.02830610085800099,14.747403842874977,0.006714713863770173,18.522940486994415,1.52,bs360908,bs,G,g
188979650745,2459433.4332561,5.040876020128518,0.07114508149345308,14.643800581938287,0.01534090701897468,17.522278408511177,1.53,bn318944,bn,G,g
188979650745,2459433.6445815,4.899606898443193,0.05741762767448133,14.674662528683077,0.01273785145567434,17.755027499503434,1.55,bk418860,bk,B,g
188979650745,2459434.380833,5.3417446748835555,0.06520411619449513,14.580857807929945,0.013267957129266482,17.616953079776128,1.47,bo319884,bo,G,g
188979650745,2459434.9072544,3.9109480040241076,0.04410864821187905,14.919360517147187,0.012258967081553516,18.04133124080695,2.02,bC260589,bC,G,g
188979650745,2459435.4894387,3.637410765208083,0.0761968233110737,14.998084752797725,0.022769667595965833,17.4477984471099,1.60,bG267307,bG,G,g
188979650745,2459435.6895614,5.395969967274815,0.0848999656713159,14.569891812723226,0.017102128429464104,17.330371824841755,1.53,bj419458,bj,G,g
188979650745,2459435.8928776,3.806799778346211,0.053282508754919106,14.948665533901483,0.01521376845591338,17.836178949003564,1.45,bC260955,bC,G,g
188979650745,2459436.5757591,4.888370038313248,0.06508950478740978,14.677155438363918,0.01447301680743011,17.618863193031224,1.53,bF266411,bF,G,g
188979650745,2459436.8227157,3.503584127160625,0.06074462995720157,15.038784246976842,0.01884549344220252,17.69387088449217,1.40,bs362280,bs,G,g
188979650745,2459437.9049217,5.1872292918532095,0.05614965816562664,14.612727008281647,0.011765864530493135,17.779272819798624,1.43,bC261717,bC,G,g
188979650745,2459439.5963304,5.6011064657383,0.08039337493156558,14.529381052758561,0.015601221601661866,17.389589959384914,1.47,bG268963,bG,G,g
188979650745,2459440.5386774,4.858234150119446,0.2262162671774943,14.683869516110368,0.05061247344902336,16.26633103203531,1.52,bj421393,bj,B,g
188979650745,2459440.8880913,5.542913858342952,0.058644818032868265,14.540720298946042,0.011500154802349215,17.732066503781216,1.57,bC262694,bC,G,g
188979650745,2459441.841428,5.166713523286909,0.05447789104813191,14.617029667133398,0.011460882957507171,17.812089894461522,1.55,bC262998,bC,G,g
188979650745,2459442.7863434,4.8026791164196,0.060604648702272085,14.696356695047562,0.013716223082535053,17.696375766030084,1.43,bC263338,bC,G,g
188979650745,2459444.5240328,5.238660915496697,0.12171639699609292,14.602014900687339,0.025254627785915477,16.939267891314,1.50,bk422495,bk,G,g
188979650745,2459444.6521465,3.416311449590649,0.19685105243382822,15.066171981091639,0.06263144868709185,16.417296258889678,1.54,bj422575,bj,G,g
188979650745,2459445.8777324,4.544622681856701,0.08543207646130355,14.756321043095692,0.02043314905900872,17.32358820595481,1.45,bC264453,bC,G,g
188979650745,2459448.2868033,3.5628107842561327,0.2169784545219813,15.020583726757991,0.06619665216624362,16.311599082659185,1.49,bo321486,bo,G,g
188979650745,2459448.5894985,3.4728083281631617,0.2222912978879056,15.048363586491782,0.06957509690519344,16.285334457542625,1.53,bj423438,bj,G,g
188979650745,2459448.6007791,2.949749223762997,0.16368950090995557,15.22560288349392,0.06031813454545894,16.61758855010076,1.54,bk423467,bk,G,g
188979650745,2459449.2905608,3.655841484190668,0.3312658056698161,14.992597230690217,0.0984921062521634,15.852199089163623,1.54,bo321727,bo,G,g
188979650745,2459449.7348259,4.280084753168385,0.08994503665446335,14.82143470005951,0.02284215145909467,17.267697603662693,1.51,bs363219,bs,B,g
188979650745,2459450.7820815,5.03281767616864,0.15433503129078666,14.645537628530654,0.03333231592884593,16.681479325618227,1.59,br362130,br,B,g
188979650745,2459451.792698,4.069636037469476,0.05124686813497595,14.876176696262588,0.01368749367883371,17.878472288013377,1.58,bC266090,bC,G,g
188979650745,2459451.7951819,4.278460228586315,0.10522163222419031,14.821846874133309,0.026731892611728304,17.097378025448023,1.50,br362456,br,G,g
188979650745,2459452.6590221,5.426083219512222,0.13803342595475587,14.563849496719675,0.02765094571715853,16.80267994344834,1.61,bk424330,bk,G,g
188979650745,2459452.6817105,5.0609330786894375,0.16591408341301153,14.63948913573228,0.03563402088313003,16.60293248108652,1.63,bj424328,bj,G,g
188979650745,2459453.5857089,4.897830469790735,0.07181106422325739,14.675056250602758,0.01593675099045071,17.512162204147184,1.55,bj424655,bj,G,g
188979650745,2459453.6290724,5.2136220456371944,0.0834453998122506,14.6072167613022,0.0173970266239293,17.34913461184658,1.49,bk424709,bk,G,g
188979650745,2459454.8063098,3.6523952334418723,0.04736556796498633,14.993621203949584,0.014096041012763877,17.96398373809602,2.13,bB267729,bB,G,g
188979650745,2459454.8253989,3.6758631372509387,0.04963231381402174,14.98666728976474,0.014676326395955043,17.913229306219467,1.39,bC267181,bC,G,g
188979650745,2459455.5556573,5.135308087856317,0.06789202688602665,14.623649362798437,0.014370253962437591,17.573093675104687,1.63,bj425423,bj,G,g
188979650745,2459456.499529,4.37429617736834,0.06420735421624281,14.797795159386197,0.0159547043865116,17.63367867551406,1.53,bk425817,bk,B,g
188979650745,2459456.8007186,3.7388947987140675,0.05192154852138572,14.968207508327364,0.015094424642149685,17.864271520207538,1.45,bC267947,bC,G,g
188979650745,2459457.3287011,4.490992298867884,0.05326367706067971,14.7692098464391,0.012891427395123193,17.836562749742914,1.47,bn322917,bn,G,g
188979650745,2459459.375451,3.6816498510898104,0.08742960884504371,14.98495941754572,0.025812390469205214,17.298494272980612,1.53,bo324012,bo,G,g
188979650745,2459459.6495402,4.023054941048214,0.06343954415502909,14.888675713342803,0.017140214902831973,17.64674047719995,1.59,bj426984,bj,G,g
188979650745,2459460.5756966,4.741031525210066,0.06972073814937997,14.71038351442185,0.015984582812614168,17.54423567034925,1.47,bG274708,bG,G,g
188979650745,2459461.607867,3.5865177287956955,0.07198780880617373,15.013383167352956,0.021817156413124615,17.50949322510363,1.60,bF273734,bF,G,g
188979650745,2459461.8096529,5.291713284051326,0.04889085801017113,14.591074859328641,0.010042538987843973,17.929571463986573,1.58,bC269449,bC,G,g
188979650745,2459462.5473309,4.596133273963804,0.06895295264515862,14.744084088719049,0.016306938268173213,17.55625844168739,1.55,bj428087,bj,G,g
188979650745,2459462.843064,5.01047083254295,0.05233191624673373,14.65036927649259,0.011352729026989219,17.855724017276685,1.43,bC269823,bC,G,g
188979650745,2459463.2294599,4.282490602317647,0.08704481423948883,14.820824575772171,0.022093201668668988,17.30328335443603,1.56,bo325032,bo,G,g
188979650745,2459464.7573356,5.664695915782932,0.06834550416603526,14.517124118179115,0.013114312328370287,17.565865732620775,1.44,br365174,br,G,g
188979650745,2459465.7241537,5.390031272261961,0.05738435681726646,14.57108740999655,0.011572159369338378,17.755656815719746,1.43,br365509,br,G,g
188979650745,2459466.3176624,5.162574948055787,0.06160119340119897,14.617899698252668,0.012969849268641193,17.67866779683733,1.59,bo325524,bo,G,g
188979650745,2459466.6855687,5.556677621151241,0.06418118164811554,14.53802761907908,0.012554652028002577,17.63412133972842,1.42,br365842,br,G,g
188979650745,2459467.2985632,5.363222184285541,0.0677109031468411,14.576501149727994,0.013722871296280253,17.575994095000848,1.74,bo325909,bo,G,g
188979650745,2459467.7145817,5.4464145053862,0.06114223954926008,14.559788895475837,0.012202331637828929,17.686787255836958,1.44,br366225,br,G,g
188979650745,2459469.757682,3.924249857848866,0.04404954984376399,14.915673994249417,0.0122010440763826,18.042786924995866,1.38,bC271933,bC,G,g
188979650745,2459470.5135773,3.8863894236819974,0.08507130721265613,14.926199833319536,0.023792986782077023,17.328182845790533,1.49,bG277991,bG,G,g
188979650745,2459472.3064746,5.472527169783858,0.11807847721645122,14.554595806249273,0.023452815656375466,16.972213752208624,1.57,bn326148,bn,G,g
188979650745,2459472.6052197,5.042315108594157,0.0954232117566481,14.643490666071443,0.0205700913390756,17.203505536535847,1.50,bs369130,bs,G,g
188979650745,2459473.6997647,3.7576524376220193,0.08943368217535325,14.9627741029105,0.02587001478113373,17.273887831567023,1.54,br368028,br,B,g
188979650745,2459474.563638,5.374828989788009,0.12750886206620637,14.574153994986567,0.02578623235562043,16.8887896865231,1.43,bk432396,bk,G,g
188979650745,2459475.5413713,4.4932256186599,0.1421085075187575,14.768670056281024,0.03437747893198316,16.77109041560569,1.48,bG279882,bG,G,g
188979650745,2459475.8314241,5.022072924630994,0.09708868176113243,14.647858085442476,0.021013469420114398,17.184719100399935,2.21,bB273664,bB,G,g
188979650745,2459476.6918025,4.830752706282428,0.18897977326191656,14.690028607662313,0.042521902799263885,16.46160230247495,1.47,bs370482,bs,G,g
188979650745,2459476.714487,3.671077122695495,0.14105381662946345,14.988081851427292,0.04176413645840697,16.779178507002264,1.50,br369022,br,G,g
188979650745,2459477.5033442,5.476403528813406,0.1111893600156336,14.553827018203622,0.022068863147340027,17.037482535134252,1.52,bk433376,bk,G,g
188979650745,2459478.5642713,4.333890871499752,0.1666025761227867,14.807870693598787,0.041784567730136786,16.598436330240936,1.63,bj433796,bj,G,g
188979650745,2459480.7847491,5.338764557692723,0.07979377876359274,14.581463700615775,0.016245775082237367,17.397718030746006,1.43,bC274995,bC,G,g
188979650745,2459481.316621,3.751647494923021,0.11907617526483613,14.964510559076611,0.034499676598886087,16.96307841986902,1.57,bn328269,bn,G,g
188979650745,2459482.3001441,3.8950949983629446,0.10293693568596446,14.923770486669184,0.028725351658618205,17.121212522292243,1.44,bo329217,bo,G,g
188979650745,2459482.3076448,4.739658221292635,0.05818015552732157,14.710698058159402,0.013342586434211705,17.74070341676826,1.50,bn328642,bn,G,g
188979650745,2459483.2909782,4.324471697213434,0.06814606607003648,14.810232974571601,0.017128522541475205,17.569038636488234,1.46,bo329589,bo,G,g
188979650745,2459483.3281244,5.3418235239778555,0.08610322280458486,14.580841781577176,0.01752032038312408,17.315092093433684,1.53,bn329036,bn,G,g
188979650745,2459484.5518764,3.5160516254401544,0.07741253112772159,15.034927514526483,0.02393140503535039,17.430612442321497,1.44,bk436082,bk,G,g
188979650745,2459485.5336835,3.610895473467758,0.09035735167119485,15.006028330149807,0.027199489270111746,17.2627318777404,1.45,bG283248,bG,G,g
188979650745,2459485.6960239,5.614787298341557,0.08217279891869501,14.526732350310457,0.015907683577010244,17.365820411707936,1.42,br371025,br,G,g
188979650745,2459485.7899478,3.9674787071999504,0.04073545154672732,14.903779110665475,0.011160151822453657,18.12770927452633,2.34,bB277355,bB,G,g
188979650745,2459486.6636577,4.573135307685029,0.0354190154728112,14.749530494124848,0.008418497873232593,18.27954939863143,1.48,bs372806,bs,G,g
188979650745,2459487.6629611,4.576190938631418,0.033134681292640814,14.74880528022802,0.007870291779729503,18.35193361727462,1.43,bs373193,bs,G,g
188979650745,2459487.7575461,3.827594266429471,0.040623203312159004,14.942750883891748,0.011536138028358995,18.130705195482257,2.32,bB278116,bB,G,g
188979650745,2459489.5251218,4.990606152898937,0.05494640199187268,14.654682378027559,0.011967353896775315,17.802792463548663,1.50,bF283030,bF,G,g
188979650745,2459490.5436339,5.263118461083617,0.07961687947054683,14.596957759458327,0.016442739607880976,17.400127732180326,1.55,bF283392,bF,G,g
188979650745,2459490.7288981,3.234068750110863,0.05972022540676392,15.125692502437587,0.02007170950938744,17.712337015822065,1.57,bC278484,bC,G,g
188979650745,2459491.7473449,3.6484520341381983,0.052248316189775615,14.994794019790255,0.015565957151408615,17.857459864019013,1.42,bC278900,bC,G,g
188979650745,2459492.2718541,4.715331123831034,0.07174679302161373,14.716285133467728,0.016538741933641785,17.513134377688214,1.76,bo331179,bo,G,g
188979650745,2459492.7428917,4.753237976542389,99.99,14.707591726503297,99.99,99.99,2.18,bB279861,bB,G,g
188979650745,2459493.648955,3.62625678149011,0.05817954631767793,15.001419237310078,0.017439095219240835,17.740714785669276,1.42,bs374442,bs,G,g
188979650745,2459494.6359872,3.6509887410961537,0.06505676416241289,14.994039388091526,0.01936841746281268,17.619409465820482,1.35,br373313,br,G,g
188979650745,2459494.6513349,4.586001392253862,0.02962582748411991,14.746480166681163,0.007021800396784516,18.473464387587228,1.41,bs374803,bs,G,g
188979650745,2459495.6507744,3.5941522036468037,0.057164223953655856,15.011074461075847,0.017287811566114867,17.759829831439287,1.47,bs375133,bs,G,g
188979650745,2459495.6658571,3.7943263521092234,0.055686324865869816,14.952228917112564,0.01595240060228186,17.788269219758746,1.40,br373667,br,G,g
188979650745,2459497.6503159,3.7472600454299885,0.05281104031537555,14.965781041017896,0.01531874062506882,17.845828804784144,1.50,br374469,br,G,g
188979650745,2459498.2448245,3.8135741961309964,0.10489870804648511,14.946735121400119,0.029898548964594315,17.100715263020675,1.58,bo332911,bo,B,g
188979650745,2459499.6257986,4.263789855989672,0.06153251258732222,14.825576142222497,0.015686318536976936,17.679878988416966,1.51,br375253,br,G,g
188979650745,2459501.7187375,5.564743385783088,0.08312571027843811,14.536452767410433,0.016236873229803186,17.353302188410495,1.57,bC281758,bC,G,g
188979650745,2459503.5004748,3.581893643647012,0.12106340054711792,15.014783906539177,0.036737733126722176,16.94510843985284,2.29,bF287277,bF,B,g
188979650745,2459503.6003397,4.96094804097001,0.11091332112592234,14.66115392620869,0.024301394965224262,17.040181337051052,1.54,bs378019,bs,G,g
188979650745,2459504.5076255,3.446441357299076,0.15965256246997672,15.056638389324002,0.050352051869845885,16.644700877732387,1.98,bF287620,bF,B,g
188979650745,2459505.7048367,4.0550488274345,0.08372529810787002,14.88007540232755,0.022442580271093464,17.34549885509061,1.51,bC282715,bC,G,g
188979650745,2459506.7313201,3.6526774636152783,0.08697394011937078,14.993537309502479,0.025881532759404857,17.30416774879606,2.20,bB283714,bB,G,g
188979650745,2459507.7116803,3.7812357529120524,0.09005713569151023,14.955981233162497,0.025887883582409794,17.26634528666353,1.57,bC283553,bC,G,g
188979650745,2459508.7149367,3.3895958553714385,0.08634179883600716,15.074695822383104,0.0276876021059454,17.312087880291386,2.25,bB284537,bB,G,g
188979650745,2459509.4996541,5.1576852219433125,0.12175410959025745,14.618928539189131,0.025659073358068864,16.938931539040688,1.70,bj444374,bj,G,g
188979650745,2459509.6041754,4.506338437798779,0.07904976292807503,14.76550610912285,0.019067288563123237,17.407889181912765,1.47,bs380343,bs,G,g
188979650745,2459510.7064877,3.724313558665711,0.05524849331511494,14.972450026991254,0.016124504335945245,17.79683951432098,1.67,bC284809,bC,G,g
188979650745,2459511.4969253,5.268176035138984,0.1699273579592232,14.595914926274947,0.03506026539806098,16.576982348874722,2.24,bj445064,bj,G,g
188979650745,2459513.6974381,4.8572943631089105,0.055120769249355585,14.684079563517239,0.01233482575688843,17.799352436870187,2.06,bC286055,bC,G,g
188979650745,2459513.7166985,5.0737202815127835,0.029842796589596033,14.6367493209726,0.00639330128193902,18.465541814564595,2.16,bB286635,bB,G,g
188979650745,2459514.5740236,3.8613634939607264,0.0631831946860441,14.93321390636586,0.017785786195918106,17.651136658839242,1.67,bs382293,bs,G,g
188979650745,2459515.6035798,3.760808213492147,0.05746061502524771,14.9618626556139,0.016607385088334255,17.754214936146695,1.45,br380921,br,G,g
188979650745,2459516.5760408,3.752636089083619,0.047623585331220804,14.964224495132953,0.013794241017655196,17.95808539127996,1.42,bs382622,bs,G,g
188979650745,2459518.5579453,3.9375677723220557,0.046844501747786635,14.911995517737488,0.0129313169008262,17.975994051382976,1.64,bs383430,bs,G,g
188979650745,2459518.7032764,5.353806703867633,0.048127259363384425,14.5784089043327,0.00977103607432643,17.9466627834096,2.11,bB288744,bB,G,g
188979650745,2459519.5788328,4.6242686600815635,0.03652045089514848,14.737457977976014,0.008584307097035131,18.24630028429844,1.46,bs383860,bs,B,g
188979650745,2459523.5539039,4.535596660754354,0.028298531878376165,14.758479555077333,0.006781748043647209,18.523230848926417,1.51,bs384962,bs,G,g
188979650745,2459524.5688418,5.550890823640161,0.0597950764578381,14.53915890828374,0.011708868069776753,17.710977047592504,1.48,br383919,br,G,g
188979650745,2459525.5570199,4.463364305949424,0.03420336649244082,14.775909782277882,0.0083294953595512,18.317468476628132,1.70,bs385809,bs,G,g
188979650745,2459526.5602028,4.5174537987227215,0.037389152881165316,14.762831323274174,0.008996303089579981,18.220776547594017,1.46,bs386222,bs,G,g
188979650745,2459528.5669653,4.414581633234706,0.05385425524382332,14.787841742071778,0.013259973158042023,17.82459055053269,1.45,br385457,br,G,g
188979650745,2459530.5650089,3.7213382704721227,0.07570926501291644,14.973317749081257,0.022113732582398453,17.45476803627955,1.47,br386303,br,G,g
188979650745,2459532.5618323,3.7107140912649834,0.07968504838673227,14.976421888639717,0.02334164823771966,17.39919850971761,1.54,br387093,br,G,g
188979650745,2459533.5387027,4.516037364563023,0.09056640524404105,14.763171806003088,0.02179825738443702,17.260222786201975,2.43,bs388962,bs,G,g
188979650745,2459535.5497141,3.63466607378198,0.1102010383397584,14.998904329119508,0.03295591256370513,17.047176395046076,1.49,br388343,br,G,g
188979650745,2459539.5410335,5.412968694865491,0.10010141230967425,14.566476833737326,0.020100962905716908,17.151540099213133,1.53,br389817,br,G,g
188979650745,2459601.1713579,3.4053449526168373,0.22158572751991537,15.069662843826139,0.07072823899000236,16.288786152020553,1.57,bC305727,bC,G,g
188979650745,2459602.1679167,3.5015663024237806,0.13444786421838922,15.039409736880096,0.04173531791898899,16.83125584245064,2.01,bC306164,bC,G,g
188979650745,2459605.0161257,4.268225357388281,0.07571010511211841,14.82444726826526,0.01928051722262563,17.454755988598748,1.46,bs411256,bs,G,g
188979650745,2459605.0388563,5.558166852435795,0.35458732059012243,14.537736672617989,0.06934318649907598,15.778332606575168,1.90,br409796,br,G,g
188979650745,2459606.0241337,4.5160836805045985,0.05952252150287253,14.76316067087893,0.01432621658832414,17.715937309987225,1.45,bs411698,bs,G,g
188979650745,2459606.0354474,4.240347768035391,0.13933672557966692,14.831561931540293,0.035717108801376594,16.792476610503567,1.40,br410229,br,G,g
188979650745,2459609.1707119,5.860921168303751,0.14562231544510224,14.480150922309212,0.027006868193318007,16.744570780935405,2.16,bB309612,bB,G,g
188979650745,2459610.0221411,3.615314549180483,0.0756397468997499,15.004700399996675,0.022741345207159702,17.455765444015558,1.50,br411697,br,G,g
188979650745,2459616.1315679,4.224677205088062,0.05531413679425172,14.835581793745218,0.014231634469130769,17.79555026296708,1.48,bC311313,bC,G,g
188979650745,2459616.1584869,3.9632989216733954,0.04814817014820736,14.904923549485185,0.013204900409152657,17.94619114497341,2.16,bB311914,bB,G,g
188979650745,2459618.159148,3.513204881794388,0.06953096442095505,15.03580692838986,0.021512305084116556,17.547194978299075,1.52,bC312158,bC,G,g
188979650745,2459619.1519978,3.686603723032687,0.05299057379618168,14.983499478937901,0.01562371605567536,17.842144055949138,2.12,bB313154,bB,G,g
188979650745,2459620.1559864,3.6234897109918913,0.06418563047160777,15.002248041122748,0.019254087967026122,17.634046082757305,1.46,bC312985,bC,G,g
188979650745,2459621.1239565,3.6641581643927665,0.05591382957279868,14.990130092679925,0.016586593422785754,17.783842515504066,1.45,bC313383,bC,G,g
188979650745,2459623.1181622,3.7698129976032027,0.058833331383215774,14.959266103613452,0.01696351338469148,17.728582009920064,1.47,bC314252,bC,G,g
188979650745,2459624.1499235,5.108147248914438,0.04081369119179143,14.629407102610125,0.008684696359642407,18.125625926044545,2.20,bB315272,bB,G,g
188979650745,2459625.115575,4.862902894175649,0.07501589596665913,14.682826628880365,0.01676756026790591,17.464757359658954,1.43,bC315103,bC,G,g
188979650745,2459629.1129905,5.488934867500416,0.15981742563773382,14.551345428755498,0.0316481425409226,16.643580284671266,1.53,bC316498,bC,G,g
188979650745,2459632.0900716,5.039513008363829,0.08418326308248894,14.64409419585046,0.0181572200879189,17.33957622216576,1.42,bC317173,bC,G,g
188979650745,2459632.1132197,4.982300395921479,0.06482391727988698,14.6564908504321,0.01414221826322042,17.62330243217336,2.16,bB317771,bB,G,g
188979650745,2459634.0860029,4.597872755423768,0.06979305998715134,14.743673251916228,0.01649937389756507,17.543110011873235,1.48,bC318032,bC,G,g
188979650745,2459634.1169361,4.2379324633156905,0.06320583855882209,14.832180543753875,0.016211206532477613,17.650747617604846,2.16,bB318636,bB,G,g
188979650745,2459636.102318,3.714643446701632,0.04803493486927433,14.975272787378168,0.014055692417487052,17.948747596000263,2.07,bC318819,bC,G,g
188979650745,2459637.121062,3.5391376925768894,0.04759264688291641,15.027821973555733,0.014616876315582797,17.958790964139627,2.10,bB319834,bB,G,g
188979650745,2459638.9047703,5.619352223537702,0.40876375205139354,14.52584998547591,0.07906755235625747,15.623959669200573,1.48,bG325536,bG,G,g
188979650745,2459639.0723454,3.6787249317462853,0.047122869924484334,14.985822333114049,0.01392344133845546,17.969561280381047,1.50,bC320038,bC,G,g
188979650745,2459639.0994742,3.600354105554821,0.05013896444686265,15.009202579721261,0.015137087297796607,17.902202211581823,2.12,bB320639,bB,G,g
188979650745,2459642.094444,4.503978253129255,0.041135642328246874,14.76607490999681,0.009927369137173542,18.11709490356035,1.48,bC321140,bC,G,g
188979650745,2459644.083212,5.202795587087352,0.04827100805683855,14.609473714251692,0.01008467200758811,17.943424690428646,2.14,bB322299,bB,G,g
188979650745,2459644.891788,4.153893155106725,0.06899940956078449,14.853927318327822,0.01805519675585326,17.555527175381304,1.53,bG327420,bG,G,g
188979650745,2459645.9079114,4.080420673385722,0.048363614711603296,14.873303274170155,0.012883266367248503,17.941343729676095,1.67,bs422569,bs,G,g
188979650745,2459645.9104037,4.31165738242606,0.06623809469143335,14.813455014350332,0.016698434645082152,17.59987103225743,1.62,bs422571,bs,G,g
188979650745,2459646.8931897,3.8367593320573543,0.0674539908954951,14.940154226995277,0.019109761383410716,17.580121487259383,1.71,bk486499,bk,G,g
188979650745,2459646.9018492,3.747584568317799,0.11344309903228868,14.9656870173878,0.03290325117193929,17.015695406358137,1.47,bF326861,bF,G,g
188979650745,2459647.9334151,4.566838311804602,0.027911389163467984,14.751026532904595,0.0066432101183897755,18.53818698125474,1.49,bs423250,bs,G,g
188979650745,2459647.9410782,3.8155149841315947,0.05156997704442415,14.946182713689662,0.014691155219544222,17.87164826622393,1.51,br421778,br,G,g
188979650745,2459649.1370137,4.296396303513882,0.035527984365029075,14.817304786636413,0.00898831755306891,18.276214188833183,2.14,bB324028,bB,G,g
188979650745,2459650.0440828,5.289112178971732,0.057972043407558,14.591608676661526,0.011913736848107396,17.744594089642984,1.51,bC323788,bC,G,g
188979650745,2459652.0424124,4.844345823946862,0.06900855266308113,14.686977775746051,0.015483885564511888,17.55538331415704,1.50,bC324619,bC,G,g
188979650745,2459652.0579252,4.679547262494428,0.046709232980095654,14.724556027476991,0.010849533633320772,17.979133772126975,2.16,bB325212,bB,G,g
188979650745,2459654.0562905,3.9449157178311154,0.14403543146997022,14.909971299661901,0.039686589726147393,16.756467266636022,2.09,bB326043,bB,G,g
188979650745,2459658.0147052,4.180219365997995,0.17135201280974555,14.847067940008118,0.04455560140017046,16.567917585704425,1.42,bC327022,bC,G,g
188979650745,2459658.1299325,5.240869125846032,0.12789406026593647,14.601557335519812,0.026525234566950922,16.885514673498644,2.16,bB327693,bB,G,g
188979650745,2459658.8565534,6.0501451324278195,0.16223508686456853,14.44565114042108,0.029146819103097098,16.627278647300383,1.56,bG332279,bG,G,g
188979650745,2459659.9189043,4.344844050608033,0.07878606424974849,14.805130139926877,0.019710034551513517,17.41151709673685,1.50,bs427174,bs,G,g
188979650745,2459660.9038291,4.113831466847873,0.1101872236531028,14.864449382809406,0.029113667472099494,17.04731251033047,1.44,bF331768,bF,B,g
188979650745,2459660.9051279,4.293607630939046,0.12551986091279735,14.818009736926818,0.03177622250431726,16.905859488086882,1.45,bF331769,bF,B,g
188979650745,2459662.8611879,4.2683771637815795,0.0923066458233031,14.824408652973773,0.02350619610864304,17.2395581860582,1.50,bj492371,bj,G,g
188979650745,2459663.0234179,4.664157796283774,0.18343685477786884,14.728132535006008,0.04274895797628954,16.493924123092643,1.51,bC328807,bC,B,g
188979650745,2459663.9168442,3.5478529695701564,0.06540173489936817,15.025151588624459,0.02003714440582772,17.613667439131945,1.46,bs428137,bs,G,g
188979650745,2459666.0405359,5.547624514934392,0.04136042362640227,14.539797975692663,0.008103825715238199,18.111178165720535,2.11,bB330383,bB,G,g
188979650745,2459666.9984034,5.4477376180119315,0.06057817066280072,14.55952516659239,0.01208682251128437,17.696850225473977,1.44,bC330166,bC,G,g
188979650745,2459671.8588324,4.987481878763792,0.06638828852247265,14.655362295390928,0.014468460223155082,17.597411929538197,2.00,bj495831,bj,G,g
188979650745,2459672.065993,3.6087029586768486,0.05812997671004404,15.006687783105125,0.01750899367918416,17.741640239054714,2.03,bC331538,bC,G,g
188979650745,2459672.8611195,5.098485565009936,0.06364441856581492,14.631462637150959,0.01356848321924644,17.64323980326505,1.59,bj496226,bj,G,g
188979650745,2459673.8187173,4.7421785962261325,0.0500069203741762,14.710120857257936,0.011462104838492729,17.90506533698483,1.51,bk496640,bk,G,g
188979650745,2459673.8343287,5.412798403560487,0.0577488236434828,14.566510991397198,0.011596674363626163,17.748782756496993,1.48,bG337182,bG,G,g
188979650745,2459673.9274443,5.292130224032127,0.05218890965078545,14.59098931633431,0.010719138287597647,17.858695052652536,1.49,br429768,br,G,g
188979650745,2459675.8213246,5.320316329056297,0.06538724156432485,14.585221985210284,0.013358808811558312,17.613908070094496,1.45,bk497446,bk,G,g
188979650745,2459675.8671221,5.253871138150628,0.07734983366154374,14.59886708071383,0.016002658600311,17.431492151193776,1.59,bj497433,bj,G,g
188979650745,2459675.8683624,5.3324658478670255,0.11849530166812824,14.582745415626196,0.024153786375422745,16.968387784101296,1.58,bj497434,bj,G,g
188979650745,2459675.9276133,4.361015567231412,0.05037565454586221,14.801096529910385,0.012555824532464191,17.89708885618419,1.51,br430345,br,G,g
188979650745,2459675.9288535,4.513574412285414,0.08885688235542269,14.763764105337941,0.02139846581785477,17.280912932798923,1.51,br430346,br,G,g
188979650745,2459678.0083502,4.10292866285532,0.03509222417875227,14.867330707270277,0.009296706101363532,18.28961337372307,1.47,bC333007,bC,G,g
188979650745,2459679.9056543,3.675649328046703,0.06741102766196341,14.986730444223122,0.019934669935786933,17.58081324172909,1.44,bG339573,bG,G,g
188979650745,2459680.8665551,3.79636458716992,0.0552212934050609,14.951645838267675,0.015810690366345054,17.797374175038364,1.52,bk499509,bk,G,g
188979650745,2459680.8993985,3.7185977877248604,0.061604618034633005,14.974117605813495,0.018007201952045825,17.678607438507395,1.45,bF338696,bF,G,g
188979650745,2459683.0754176,4.65941083477971,0.0819258043239821,14.729238109194785,0.019111812730479332,17.36908882680806,1.43,bC334689,bC,G,g
188979650745,2459686.8257538,4.469157092623572,0.0919287171784932,14.774501570907406,0.022358247114919995,17.244012611976828,1.57,br433024,br,B,g
188979650745,2459686.9320713,4.595234696538151,0.07590752900414796,14.744296378782956,0.017955162064370485,17.45192847595941,1.46,bs434577,bs,G,g
188979650745,2459688.5538915,5.41343837224247,0.22227290002608355,14.566382629680541,0.0446298566042676,16.285424321840182,1.96,bn365844,bn,G,g
188979650745,2459689.9706838,4.431336220890252,0.05017005740970632,14.783728865496071,0.012306146132723664,17.901529116461784,1.54,bs435551,bs,G,g
188979650745,2459690.8241323,5.210549389018349,0.09522558064283793,14.607856830328963,0.01986471256452832,17.20575653775762,1.65,bj503010,bj,G,g
188979650745,2459691.8021592,5.089873916387454,0.06030868669303499,14.633298061379133,0.012879085296683062,17.701690933449107,1.47,br434653,br,G,g
188979650745,2459691.9097889,4.515605639358271,0.04946846570940956,14.763275605430382,0.011907610123126855,17.916819509691337,1.46,bs436206,bs,G,g
188979650745,2459692.8890027,4.879196187483721,0.04757531083388965,14.67919491978256,0.010598527379841127,17.959186525350262,1.52,br435042,br,G,g
188979650745,2459693.897519,4.428965082375914,0.041487627785562906,14.784309981398309,0.010181892779523078,18.107844103731846,1.63,bs436866,bs,G,g
188979650745,2459694.8019894,5.490293884845229,0.055008977998852335,14.551076642235973,0.010890558619293732,17.801556670563045,1.42,br435670,br,G,g
188979650745,2459695.784745,4.447170399448139,0.04133284348615796,14.779856196387433,0.010102379660306526,18.11190240262522,1.47,bs437342,bs,B,g
188979650745,2459697.016623,5.212020113565697,0.048498015481087904,14.607550414737588,0.010114165538495928,17.93833069190797,1.44,bC338849,bC,G,g
188979650745,2459697.6184256,3.960699888793945,0.06849598883157078,14.905635781847472,0.01879772864995272,17.563477762248382,1.53,bo367889,bo,G,g
188979650745,2459697.9447393,3.9623134270339277,0.05351337394602255,14.905193556941544,0.014679987305909813,17.83148477764574,1.52,br436343,br,G,g
188979650745,2459699.814489,4.037024198381823,0.04168888199155009,14.884912240710744,0.011224605040240223,18.10258999040571,1.42,br436927,br,G,g
188979650745,2459700.5443341,3.4187818682606976,0.0800511563685563,15.065387142324106,0.02545120743015656,17.394221586829627,1.54,bo369362,bo,G,g
188979650745,2459700.6201155,4.9789811415291885,0.06335259550488127,14.65721441893809,0.013830443397096793,17.6482295807433,1.54,bn368850,bn,G,g
188979650745,2459701.8536362,3.8014826138257702,0.050770455458482716,14.950183100855181,0.0145167776044952,17.888612962817486,1.52,bs439063,bs,G,g
188979650745,2459701.8920175,4.3058664045960855,0.0417222349983686,14.814914244494116,0.010532202156714023,18.101721699216785,1.44,br437624,br,G,g
188979650745,2459702.7259986,4.222967367236774,0.058170381500392124,14.83602130865825,0.01497257024396025,17.74088583130969,1.64,bG347896,bG,G,g
188979650745,2459702.7690024,3.913696784967189,0.05216634357599651,14.918597683512665,0.014488232093761697,17.85916461798867,1.56,bj507504,bj,G,g
188979650745,2459702.7842618,3.7956075634955133,0.05272312644562111,14.951862363828512,0.015098438175670588,17.8476377221481,1.50,bk507565,bk,G,g
188979650745,2459703.8623944,4.718519652415384,0.03923760414512752,14.71555120177051,0.009038760642044294,18.1683844078883,1.49,bk508038,bk,G,g
188979650745,2459704.8096851,4.2276031282922775,0.03888959314021185,14.834830095799399,0.009998880123974629,18.17805711239876,1.59,br438436,br,G,g
188979650745,2459705.885767,4.561929486852735,0.03232212849142604,14.752194201883436,0.007701291407834472,18.37889073043986,1.41,bs440296,bs,G,g
188979650745,2459706.7626321,4.908460383286428,0.0403041987593392,14.672702397014463,0.008925183922051326,18.139264881757803,1.44,br439055,br,G,g
188979650745,2459707.8126482,4.591887306163445,0.032107007079585415,14.745087569556524,0.007600125702526898,18.38614105193274,1.53,bs440882,bs,G,g
188979650745,2459709.7812992,5.294787284916024,0.06340237689630684,14.590444329135153,0.013015749897551571,17.64737676273153,1.42,bs441489,bs,G,g
188979650745,2459710.5173384,5.384611361047509,0.07991410668251475,14.572179714313027,0.016131741664010806,17.396081988763836,1.55,bn371262,bn,G,g
188979650745,2459710.7729691,5.3302530765662315,0.07184556587309988,14.58319604852117,0.01465090029723542,17.511640687095685,1.39,bG350715,bG,G,g
188979650745,2459710.774279,5.239461314887871,0.09777230630422289,14.601849026959233,0.020283429840558965,17.177100962265474,1.41,bG350716,bG,G,g
188979650745,2459710.7755806,5.525588091973366,0.115403281591552,14.544119354621516,0.022701357297741805,16.997095215111283,1.42,bG350717,bG,G,g
188979650745,2459712.764073,5.440705353470498,0.10132236180184834,14.560927604993486,0.02024241248210208,17.13837735008009,1.34,br440762,br,G,g
188979650745,2459712.7653904,4.948713019837621,0.15730230946909718,14.663834948713463,0.03455055293702854,16.660802864287618,1.43,br440763,br,G,g
188979650745,2459712.7666895,5.941961181039047,0.20823617035289255,14.465241096728063,0.038092417054040276,16.35625019115346,1.46,br440764,br,G,g
188979650745,2459712.7759341,4.77223994635547,0.07893211988675498,14.703259943022882,0.017978094867406015,17.409506194326248,1.51,bs442240,bs,G,g
188979650745,2459713.9081923,3.627675134333769,0.09149076477497511,15.000994651838095,0.02741328254833477,17.249197466704732,1.55,br441174,br,B,g
188979650745,2459713.9121245,4.6501059796692585,0.06508144442131006,14.731408494970754,0.015212707144144957,17.618997653621125,1.45,bs442646,bs,G,g
188979650745,2459714.5412162,3.42670999540259,0.1690617805204337,15.062872243849624,0.053626599613056936,16.582527015054755,1.55,bn372707,bn,G,g
188979650745,2459714.8827068,3.7008936296446278,0.16764020160499418,14.979299115112035,0.049236111240978354,16.591695175324773,1.45,bG352367,bG,G,g
188979650745,2459715.5272344,3.6464299305409464,0.3260812480265854,14.995395940740359,0.09720086383416436,15.869326050127533,1.94,bn373093,bn,G,g
188979650745,2459716.9854834,5.7203076689565595,0.08451917025742343,14.506517151988199,0.016060091281776122,17.335252549341213,1.49,bC344113,bC,G,g
188979650745,2459717.4917181,3.877813489173578,0.5124377022550639,14.928598329720666,0.1436370016263627,15.378537923519705,1.62,bo374300,bo,G,g
188979650745,2459717.4942144,3.7316441320794627,0.2635298484014165,14.970315070798739,0.07676120156538667,16.100566080958988,1.61,bo374193,bo,G,g
188979650745,2459717.9015503,4.6276150478573905,0.07781302835070046,14.736672560727698,0.01827709906017926,17.42500981732543,1.51,bC344413,bC,G,g
188979650745,2459718.040205,4.774912881998387,0.24940283877371058,14.702651991494609,0.056773819511421436,16.160387130358714,1.58,bC344521,bC,G,g
188979650745,2459718.0414812,4.868611648654134,0.24388737211686745,14.681552787669919,0.05444980804035363,16.184667325929894,1.64,bC344522,bC,G,g
188979650745,2459718.0427343,5.484202599426859,0.20641083580085767,14.552281896581968,0.040910159693008846,16.36580938044723,1.63,bC344523,bC,G,g
188979650745,2459719.9576919,5.692508522914152,0.15626411321553937,14.511806398481577,0.029837864324612426,16.66799248216455,1.98,br442825,br,G,g
188979650745,2459720.846695,4.412198133501811,0.05334209318296528,14.788428105861367,0.013140963826668264,17.834965477134446,1.49,br443054,br,G,g
188979650745,2459720.8547388,4.5723071445457,0.03512654693546772,14.74972713123912,0.008350495290594903,18.288551963448022,1.53,bs444529,bs,G,g
188979650745,2459721.7180125,3.8657078118247,0.07406670343828552,14.931993059941593,0.020826014345859546,17.4785830726977,1.44,bk514599,bk,G,g
188979650745,2459722.8361842,5.1108139800257195,0.07051392340335116,14.628840437072068,0.01499674400520841,17.531953412573223,1.54,bF353787,bF,G,g
188979650745,2459722.8655856,5.232523650688915,0.0695581818265287,14.603287622282666,0.014449379386313379,17.54677005768082,1.43,bk515124,bk,G,g
188979650745,2459722.8758568,5.305654226615721,0.07886948773554277,14.58821826408708,0.01615780079114863,17.410368061309082,1.43,bG355071,bG,G,g
188979650745,2459723.762547,3.7210452890600827,0.06068000333365558,14.973403232589057,0.017725268100493716,17.69502662150696,1.66,bk515440,bk,G,g
188979650745,2459723.7853534,4.135154902888928,0.05143947452415009,14.858836165124394,0.013521252195364403,17.874399302846737,1.53,bj515409,bj,G,g
188979650745,2459725.5152185,5.620180229106169,0.08628566834789628,14.525690015187315,0.016687858061498792,17.312793942962344,1.47,bo375840,bo,G,g
188979650745,2459726.9567714,2.501403607136711,0.2908835337359629,15.404606192825721,0.12640013517160845,15.993342767674932,1.94,bs445436,bs,B,g
188979650745,2459728.0167788,3.7842970896874655,0.05161806874953601,14.95510256290289,0.014826160615080212,17.870636232150268,1.57,bC347465,bC,G,g
188979650745,2459729.4459427,5.854809763051642,0.0855108903753328,14.481283651386876,0.01587525875900402,17.322587040156098,1.58,bo376832,bo,G,g
188979650745,2459729.5543069,4.14206625938241,0.0684860456771023,14.857023017555719,0.017972033602366776,17.56363538354308,1.59,bn376478,bn,G,g
188979650745,2459731.5822206,3.6472488359825825,0.05792142393284492,14.995152136394584,0.01726179713078491,17.745542536541986,1.52,bo377477,bo,G,g
188979650745,2459731.8382835,3.917547628182553,0.06253697173118943,14.91752990934698,0.01735140851486399,17.662298493218554,1.49,br445320,br,G,g
188979650745,2459732.8142471,4.202380137241214,0.03934483040591784,14.84132728456866,0.010176642428761243,18.165421417332993,1.62,bC348671,bC,G,g
188979650745,2459735.7032978,4.592272248441093,0.05622122318689942,14.744996555073309,0.013307143369798283,17.777889885996558,1.49,br446146,br,G,g
188979650745,2459736.4432927,3.6167864230204065,0.06639928770399992,15.004258462931624,0.019955045824470666,17.597232060156237,1.53,bn378263,bn,G,g
188979650745,2459736.4470367,3.9304816540653054,0.0538011800475407,14.913951188528499,0.014878467495058785,17.82566110803295,1.47,bo378841,bo,G,g
188979650745,2459737.8105392,3.7245628011422376,0.05711096563221552,14.972377368628418,0.016666959283843562,17.760841853247143,1.42,br446820,br,G,g
188979650745,2459738.3992015,3.8233037740850007,0.10316784308947125,14.943968608487808,0.02933038191732419,17.118779734131625,1.47,bo379646,bo,G,g
188979650745,2459738.7550479,3.5508369664679704,0.07828850515459423,15.024238790999302,0.023965110777710307,17.418395609694596,1.47,bF357199,bF,G,g
188979650745,2459738.7563465,3.6248348551558944,0.08139481083972472,15.001845059241097,0.02440735206243118,17.376148815911726,1.56,bF357200,bF,G,g
188979650745,2459738.834381,4.714075870597163,0.05739402132993355,14.716574202311826,0.013233729686557493,17.755473974465183,1.51,bj518623,bj,G,g
188979650745,2459739.8121854,4.588386321374874,0.04204407656438003,14.745915681282984,0.009959946704849065,18.093378565721583,1.56,bF357638,bF,G,g
188979650745,2459740.7454752,4.368224558385223,0.07561897032835029,14.799303231899966,0.018816462356043007,17.45606371278756,1.46,bs448932,bs,G,g
188979650745,2459740.8364999,5.471824195618049,0.06633312485433478,14.554735283588476,0.01317681637606255,17.598314469582185,1.55,bF358079,bF,G,g
188979650745,2459741.8002217,4.947528094455293,0.08718092165628831,14.664094949733816,0.01915337711204321,17.301586971528444,1.48,bj519882,bj,G,g
188979650745,2459742.6538133,4.27369628804001,0.11055370201183369,14.823056483254325,0.028117830399051993,17.043707386480268,1.46,bs449438,bs,G,g
188979650745,2459742.6550439,3.664525737291881,0.2359527642930227,14.990021181663938,0.06998733652235468,16.220577937281067,1.47,bs449439,bs,G,g
188979650745,2459742.8085121,5.565634669981395,0.14388970528051098,14.536278883015841,0.028101351029979772,16.75756630380362,1.51,bF358899,bF,G,g
188979650745,2459742.8748868,5.11143082681335,0.10276715598963117,14.628709402665518,0.021853651982834732,17.12300476670992,1.52,bj520370,bj,G,g
188979650745,2459747.5936012,3.3238962317817444,0.2754599352463181,15.09594697940881,0.09007891709463098,16.052494508797185,1.74,bo381086,bo,G,g
188979650745,2459747.6191247,1.361847406905699,0.3749563295631497,15.71768888835062,99.999,15.71768888835062,1.56,bn380522,bn,G,g
188979650745,2459747.6724414,5.1077948475162405,0.12298077436872146,14.629482008077126,0.026170736832473233,16.928047553132068,1.57,bF360842,bF,B,g
188979650745,2459747.8232864,4.185009243823414,0.1334079821093461,14.845824568288744,0.0346495474101585,16.839686073429128,1.55,bk522478,bk,G,g
188979650745,2459747.8484294,4.414735538780737,0.1595249113760595,14.787803890713583,0.03927679048425026,16.645569331385847,1.56,bG362228,bG,G,g
188979650745,2459748.7153276,5.938961638813053,0.13535413634907265,14.46578932209928,0.02477269095114005,16.823961781158715,1.50,bF361268,bF,G,g
188979650745,2459749.6213861,4.844205311298025,0.06284605997736153,14.687009268518903,0.014101577114966965,17.65694547256574,1.41,bF361570,bF,G,g
188979650745,2459750.7644068,4.29115043720171,0.043928371881846104,14.818631272036932,0.011127139680866425,18.04577784319655,1.56,bC353295,bC,G,g
188979650745,2459751.9341914,5.228390178695916,0.05223469941502762,14.604145646830219,0.01085933628702686,17.857742861697325,1.64,bC353771,bC,G,g
188979650745,2459754.0541871,3.928084036528579,0.048229228347711366,14.914613696255238,0.013345710988739231,17.944364827931892,1.52,bC354093,bC,G,g
188979650745,2459756.3494977,4.709421802490284,0.04665521988207386,14.717646647136283,0.010768242398074715,17.980390010037617,1.50,bo381735,bo,G,g
188979650745,2459756.364613,4.706127681378923,0.05292802744317935,14.71840635780543,0.012224586434360129,17.84342633964679,1.58,bn381172,bn,G,g
188979650745,2459757.3432741,3.7765293208914215,0.05611200562393791,14.957333470034285,0.016150095836249333,17.780001131278528,1.42,bo382152,bo,G,g
188979650745,2459757.4142701,3.876213203660944,0.0718709281244298,14.92904648085878,0.020153838280750704,17.51125747826526,1.43,bn381628,bn,G,g
188979650745,2459758.3705816,4.374458125967271,0.03315099904563113,14.797754963159148,0.00823729330060709,18.351399059117583,1.54,bo382557,bo,G,g
188979650745,2459758.6135416,4.3769672488111375,0.05031127175042479,14.797132379872027,0.012494076797345842,17.898477372927495,1.60,bj525435,bj,G,g
188979650745,2459758.6501669,3.652456637690947,0.05965145062367222,14.993602950652317,0.017752033690834074,17.713588087813715,1.52,bF363768,bF,G,g
188979650745,2459759.3280935,4.434769416818673,0.04429618566572263,14.782888012599402,0.01085694054688058,18.036724784352288,1.46,bo382926,bo,G,g
188979650745,2459759.350965,3.822145032908706,0.08005645544968913,14.944297715983899,0.022766767249576585,17.394149717613985,1.62,bn382368,bn,G,g
188979650745,2459759.9168853,4.545624527159443,0.032755682759950264,14.756081722932851,0.007832587752731712,18.364423970684435,1.61,bs452858,bs,G,g
188979650745,2459759.918114,4.290427383676975,0.06745795884632408,14.818814232655138,0.017090108223293578,17.580057621191433,1.55,bs452859,bs,G,g
188979650745,2459760.3566183,3.424694722282471,0.0722355137785677,15.063510961059379,0.022926674979795426,17.505763696255553,1.60,bn382796,bn,G,g
188979650745,2459760.4531823,5.4007978048883345,0.07291797343126014,14.568920826119147,0.014675362721665076,17.495554136328888,1.49,bo383442,bo,G,g
188979650745,2459760.6591604,3.597100339052816,0.058928306637560976,15.010184241324236,0.01780670572887228,17.726830707946185,1.51,bj526305,bj,G,g
188979650745,2459760.7552555,5.076347904181259,0.06651919929439654,14.636187175955415,0.014243207687628094,17.595273079230054,1.47,bG365913,bG,G,g
188979650745,2459761.3654859,4.708459458352403,0.04946833515305053,14.717868533959154,0.011419856110006878,17.916822375152208,1.50,bn383185,bn,G,g
188979650745,2459761.3793746,4.396917267624118,0.039590564998690424,14.792194887248403,0.009787134986944293,18.15866136236209,1.52,bo383769,bo,G,g
188979650745,2459764.5759185,3.682057646007215,0.07827218143348906,14.98483916352787,0.02310622653399726,17.418622017172115,1.45,bG367415,bG,G,g
188979650745,2459764.5997089,3.4619664959601293,0.06869536663031632,15.051758470864502,0.021568341825149454,17.560321997131947,1.52,bF366179,bF,G,g
188979650745,2459765.3104634,4.577122014074686,0.08808816834165267,14.748584397947074,0.020918823831348146,17.29034666246096,1.43,bo384309,bo,G,g
188979650745,2459765.329749,4.379966673483719,0.04417890788248669,14.796388607196175,0.010963679777952923,18.039603172037324,1.57,bn383750,bn,G,g
188979650745,2459765.6446694,5.071008236181546,0.06114987208023975,14.637329832490495,0.013107305128571395,17.686651729266703,1.52,bk528466,bk,G,g
188979650745,2459765.6911743,5.55683182813525,0.086395720880437,14.537997488523768,0.016899628271251486,17.31141002966727,1.49,bG367913,bG,G,g
188979650745,2459766.3467602,5.1459073280891925,0.10018329245440097,14.62141072028874,0.021161454367474047,17.150652360504996,1.51,bn383999,bn,G,g
188979650745,2459767.3145415,4.960105206587354,0.06414517924601017,14.661338401744345,0.014056762511202262,17.634730553800686,1.50,bo384873,bo,G,g
188979650745,2459767.3157817,4.815941180255749,0.19380795561879405,14.693362687271573,0.043742399136525396,16.434211610377357,1.55,bo384874,bo,G,g
188979650745,2459767.3336228,5.1847901562042935,0.11283128450838507,14.613237662536477,0.023654322905592256,17.021566780639272,1.52,bn384314,bn,G,g
188979650745,2459767.6957759,5.444078301571705,0.061258071520050514,14.56025471481881,0.012230694831971456,17.68473231004802,1.51,bF367497,bF,G,g
188979650745,2459767.7861532,3.9218465383006453,0.06213755203449209,14.916339132936216,0.017221687990387688,17.669255261869825,1.46,bk529433,bk,G,g
188979650745,2459768.3316803,4.408234567304509,0.07005058516806754,14.789403882845555,0.017272660798227826,17.539111192644615,1.59,bn384551,bn,G,g
188979650745,2459768.3429472,4.873783692573063,0.05785125140028507,14.680399996048097,0.012902048791400519,17.74685871703606,1.47,bo385134,bo,G,g
188979650745,2459769.3028336,4.8506074691193195,0.09492655147159572,14.685575294350857,0.021271775723998104,17.20917135158611,1.52,bo385517,bo,G,g
188979650745,2459769.3260193,4.297051256768284,0.06708548245045991,14.81713928694444,0.016969544533286328,17.586069242979757,1.63,bn384961,bn,G,g
188979650745,2459770.7791236,3.5398259638980694,0.09126951883857265,15.02761084629736,0.028025671247501938,17.25182620896649,1.53,bs455195,bs,G,g
188979650745,2459772.5719209,5.617387683912128,0.18986294627875885,14.526229627940978,0.03673820987740311,16.456540071596073,2.01,bj530190,bj,G,g
188979650745,2459773.3193304,4.44847765459514,0.2669668246345104,14.77953708883202,0.06523160363067564,16.086497371638867,1.44,bn385428,bn,G,g
188979650745,2459774.4639917,4.434132131606739,0.377477084158524,14.783044046269358,0.09253246548710824,15.710414132294625,2.18,bn385825,bn,G,g
188979650745,2459774.8358656,5.1821747838017735,0.2893773548347824,14.61378548045291,0.060696641121496545,15.998979255223155,1.50,bs456270,bs,B,g
188979650745,2459776.3066693,3.4691172933287913,0.23347188896456708,15.049518162541384,0.07315226638223052,16.232054118699875,1.52,bn386148,bn,G,g
188979650745,2459777.3039779,3.35820350549994,0.140580605507786,15.084798095697291,0.04550200895701097,16.782827087505325,1.58,bn386559,bn,G,g
188979650745,2459778.3504922,3.620228403281801,0.1595699018447733,15.003225693769938,0.0479101112311637,16.645263166703433,1.60,bn386849,bn,G,g
188979650745,2459779.9226122,3.6292865680001976,0.05636019926801672,15.000512468805105,0.01687964976396,17.77520931159591,1.48,bC360474,bC,G,g
188979650745,2459782.5348481,3.936298968856157,0.06940654816099949,14.912345431170584,0.019165693655866286,17.54913949668711,2.00,bj531082,bj,G,g
188979650745,2459783.8858213,4.1247227321931055,0.034062441424317996,14.861578721840516,0.008976213737604072,18.32195117948157,1.45,bC361321,bC,G,g
188979650745,2459784.5282893,3.590583350825839,0.06458344070502021,15.012153090346605,0.01955097130791524,17.62733766522867,1.59,bj531929,bj,G,g
188979650745,2459785.2797023,4.870262275171304,0.07732691763203983,14.681184748202234,0.01725800227528278,17.43181386422273,1.71,bn388209,bn,G,g
188979650745,2459785.5324625,3.843785547985971,0.05723778580374786,14.938167748363005,0.016185862554660455,17.75843354871469,1.47,bk532391,bk,G,g
188979650745,2459785.6222143,5.313562362018168,0.05650886714868851,14.586601167301431,0.011559604931413255,17.772349109079798,2.02,bF370497,bF,G,g
188979650745,2459786.7244874,4.120842281554758,0.05595893399590948,14.862600639938995,0.01476031454265574,17.782967029706494,1.54,bF370955,bF,G,g
188979650745,2459786.8209357,3.691529765836183,0.05589117455759641,14.982049685756273,0.016456938057298465,17.784282520327682,1.38,br457470,br,G,g
188979650745,2459787.8727275,4.652242024733778,0.03753101502117727,14.730909872149676,0.008768800360744849,18.21666483642498,1.43,bs459219,bs,G,g
188979650745,2459788.2758041,5.238258623889571,0.09082390050085892,14.602098280646745,0.01884626897361753,17.257140238768944,1.58,bn389294,bn,G,g
188979650745,2459788.5939909,5.6953434848743045,0.0792468791397586,14.511265818765448,0.015124269912288584,17.40518519128615,1.54,bj533661,bj,G,g
188979650745,2459788.5952428,5.5063503367582864,0.10023997716358568,14.547906023418173,0.019787425473019597,17.15003821382656,1.52,bj533662,bj,G,g
188979650745,2459789.2782163,4.755290592400757,0.07006711010130524,14.707122968509807,0.01601582506981499,17.53885509767608,1.56,bn389505,bn,G,g
188979650745,2459789.5238337,5.2362101608678815,0.06759753158206115,14.602522949532739,0.01403220565051001,17.577813518032723,1.47,bG373246,bG,G,g
188979650745,2459789.6396696,4.709047839390611,0.07716927624882139,14.717732866085264,0.01781244339777183,17.434029543615573,1.52,bj534121,bj,G,g
188979650745,2459789.6409099,4.864251911283679,0.10453325492949682,14.682525476744164,0.023358803215076593,17.104504427552644,1.57,bj534122,bj,G,g
188979650745,2459790.5757521,5.388401205740248,0.07360872378614039,14.571415810671859,0.014848464195837104,17.485317391234865,1.48,bk534515,bk,G,g
188979650745,2459790.5984713,5.013729005051456,0.0608500590562198,14.649663481309789,0.013192050961017294,17.691988101297397,1.44,bG373699,bG,G,g
188979650745,2459790.8548776,5.327969184395243,0.05045927520513361,14.583661361477692,0.010294173327257156,17.8952880913446,1.43,br458518,br,G,g
188979650745,2459791.7017772,3.5412663186055315,0.06970690125000933,15.027169150238965,0.02139584095266775,17.544451168836094,1.46,bk534923,bk,G,g
188979650745,2459792.423302,4.2208782609479485,0.05748067898613089,14.836558556372035,0.014802369325841792,17.75383588753496,1.75,bn389960,bn,G,g
188979650745,2459792.8864362,5.093167268115958,0.05108111130450578,14.632595773866683,0.010901457609236106,17.881989768773227,1.54,bC364072,bC,G,g
188979650745,2459794.6835975,3.780532334126345,0.06197554619548866,14.956183230165356,0.017818846176089823,17.672089704119603,1.52,bk536168,bk,G,g
188979650745,2459795.4952054,5.1812629194764055,0.054659366103999026,14.613976545260318,0.011466770820978226,17.808479134485435,1.53,bF374130,bF,G,g
188979650745,2459795.6948616,4.6247980031142895,0.059297974381117564,14.737333700161415,0.013936677869189696,17.72004096614824,1.48,bG375534,bG,G,g
188979650745,2459795.6961713,4.691645101725753,0.06986810880335029,14.721752740800298,0.01618698662809043,17.54194314171999,1.45,bG375535,bG,G,g
188979650745,2459796.5020502,4.597686753470449,0.057207463857946686,14.743717175084733,0.013524632987581024,17.75900887421265,1.49,bF374495,bF,G,g
188979650745,2459797.4168905,5.337331853006252,0.10582322091946518,14.581755106631293,0.021551075199692796,17.0911881716211,1.46,bo391543,bo,G,g
188979650745,2459797.5372327,3.714931355399586,0.09448807557082504,14.975188639117867,0.027646387010357282,17.21419810182391,1.48,bF374929,bF,G,g
188979650745,2459799.4843327,4.231722329935554,0.12178225755201606,14.833772714396027,0.03128088488742933,16.938680560004858,1.52,bk537411,bk,B,g
188979650745,2459799.4855747,4.472852072498637,0.1267373572622372,14.773604284049282,0.030798692823126635,16.895378994093434,1.51,bk537412,bk,B,g
188979650745,2459799.6111929,4.0434456117012685,0.1011727293501655,14.883186607781433,0.027197189859823685,17.139981946012217,1.61,bF375263,bF,G,g
188979650745,2459800.524354,4.707148166936451,0.09184050698974813,14.71817095025158,0.021207456084244104,17.245054930170618,1.51,bj537878,bj,B,g
188979650745,2459800.6904359,6.367914905284327,0.16825267915080155,14.390072494099993,0.028719502321125856,16.587735640477845,1.41,bs462083,bs,G,g
188979650745,2459801.7873546,4.388786614519514,0.09745103505776843,14.79420445804263,0.024135381236316214,17.180674470804746,1.52,bs462465,bs,G,g
188979650745,2459801.791099,3.6116507517326712,0.09882690867181768,15.005801254286448,0.02974278530464641,17.165452584574194,1.45,br460999,br,G,g
188979650745,2459802.7954583,3.9740889859923185,0.15680961482308386,14.901971653764477,0.042889133611282826,16.664208891327014,1.45,bs462767,bs,B,g
188979650745,2459804.5953586,5.200568241549735,0.166203201467705,14.60993862344212,0.03473767584201729,16.601042148767092,1.48,bj539514,bj,G,g
188979650745,2459805.8073394,3.8293408196462746,0.05920014941837392,14.94225556923318,0.016803933504194204,17.721833604284654,1.51,bC367470,bC,G,g
188979650745,2459806.7750573,3.8540956289558226,0.09008404825109272,14.935259406542949,0.025406075297025304,17.266020875111664,1.42,br462276,br,G,g
188979650745,2459806.8876027,5.718029847697888,0.08230395689719164,14.506949577248879,0.0156453927484055,17.364088823614843,1.53,bC367906,bC,G,g
188979650745,2459807.6176385,4.501478337468191,0.07038262813957959,14.766677710972969,0.01699505161152998,17.53397691224147,1.49,bk540753,bk,G,g
188979650745,2459807.6201077,4.278223948344476,0.12878179992907227,14.82190683614845,0.03271923559971106,16.87800438456743,1.53,bk540755,bk,G,g
188979650745,2459808.4303858,3.534733351664736,0.10430680302104146,15.029173978129872,0.03207510964075501,17.106859024984008,1.47,bn393152,bn,G,g
188979650745,2459809.8767935,5.113901212556927,0.058494391428036384,14.62818478649005,0.012432946512878667,17.73485504404122,1.51,bC368759,bC,G,g
188979650745,2459812.5255387,4.512709832496556,0.04699271590825426,14.76397209913829,0.011318928299551848,17.972564247773757,1.46,bF380099,bF,G,g
188979650745,2459812.8145837,5.167784321796168,0.05325077411667057,14.616804672221967,0.011200404778822996,17.83682579749601,2.16,bC369853,bC,G,g
188979650745,2459814.3529945,5.194932778280171,0.054344866789982994,14.611115791736376,0.011370793406102959,17.814744290067555,1.40,bo394788,bo,G,g
188979650745,2459814.4755534,4.517097707586849,0.026682083718824003,14.76291691048641,0.006420552927835378,18.58709125520398,1.53,bk542162,bk,G,g
188979650745,2459814.4780225,4.656965938974694,0.07094122141755249,14.729807968490467,0.016557995976437263,17.52539395747619,1.48,bk542164,bk,G,g
188979650745,2459816.4762985,4.02976462868642,0.03662614527544395,14.886866420979013,0.009879243862013304,18.243162577249805,1.48,bk542986,bk,B,g
188979650745,2459816.4787675,4.156969312399398,0.05367165181799326,14.8531235761146,0.014033962628029736,17.828278207703804,1.48,bk542988,bk,B,g
188979650745,2459816.7650029,4.626550400243438,0.030029189526291765,14.73692237827664,0.00705502384593622,18.458781584059043,2.31,bC370633,bC,G,g
188979650745,2459817.7623834,4.3586464727503635,0.022304145637689187,14.801686509591265,0.005562193840283536,18.78167663092485,1.63,bC370990,bC,G,g
188979650745,2459817.7724344,4.336099714735839,0.04269299746353894,14.807317470132142,0.010702113668622788,18.076748992517658,1.59,bC370998,bC,G,g
188979650745,2459818.5781091,4.5981805430701135,0.04662331396424303,14.743600573739995,0.011021210390466458,17.981132762095513,1.54,bj543854,bj,G,g
188979650745,2459819.757086,3.984568974482155,0.03423496057837741,14.899112249688553,0.009339006028120147,18.316466031160438,1.63,bC371570,bC,G,g
188979650745,2459820.3330313,5.034143549176611,0.07278800602639299,14.645251633918424,0.015716158484935436,17.49749105552537,1.54,bo396321,bo,G,g
188979650745,2459820.7540334,3.6059775693303413,0.041367547219657214,15.00750807002284,0.012469496654996706,18.11099118317896,2.28,bC371935,bC,G,g
188979650745,2459820.7780729,3.6895869218668427,0.06284346125315068,14.98262125674632,0.01851375547027639,17.65699036937074,1.47,br463685,br,G,g
188979650745,2459822.8042733,3.9320524494529057,0.05169920791220975,14.913517366703925,0.014291465317748346,17.868930888233038,1.45,bC372661,bC,G,g
188979650745,2459824.5158143,5.478413153109738,0.0717431190480421,14.553428668884905,0.014234350159390789,17.51318997694346,1.47,bj546241,bj,G,g
188979650745,2459824.519585,5.255677637141103,0.0667987634604708,14.598493823703645,0.013815031400396926,17.590719553579092,1.51,bk546279,bk,G,g
188979650745,2459825.5736044,5.046728326899804,0.06617671647962675,14.642540805714475,0.0142530385837113,17.60087757451543,1.55,bF385131,bF,G,g
188979650745,2459826.5128319,5.183781203338278,0.09371448136010543,14.613448965833912,0.0196504371423254,17.22312384636688,2.39,bj547027,bj,G,g
188979650745,2459828.522753,5.285582187494708,0.10226663144895995,14.592333546725591,0.021030678942564517,17.128305733945453,1.53,bF386240,bF,G,g
188979650745,2459829.516198,4.507929997374213,0.09847452104060896,14.765122713868216,0.02374427352078992,17.169330918519293,1.53,bk548229,bk,G,g
188979650745,2459829.5506414,3.850542007128551,0.11408644058445809,14.936260958162045,0.032205076689386845,17.00955553478054,1.98,bj548221,bj,G,g
188979650745,2459830.6924701,4.660004862463903,0.1240322119879831,14.729099697649431,0.028930789925138818,16.918804389022615,1.44,bs466476,bs,G,g
188979650745,2459830.7186427,4.965596142945632,0.17395532683000245,14.660137134690176,0.03807838405419902,16.55154628099739,1.36,br465028,br,B,g
188979650745,2459831.346064,4.811778764106172,0.3071090892688317,14.694301494428522,0.06937439226346687,15.934408936169067,1.42,bo398554,bo,B,g
188979650745,2459832.7205155,5.85648281769414,0.1687544067217778,14.480973438658822,0.03132062513771279,16.58450280524063,1.53,br465639,br,G,g
188979650745,2459833.8508377,3.4293913924686277,0.13913508580874645,15.06202298860742,0.04409930848216357,16.79404896094563,1.42,bC375600,bC,G,g
188979650745,2459834.4814774,3.904377425449038,0.05667031844999778,14.921186139583607,0.01577669510810014,17.769251478696383,1.48,bk548951,bk,G,g
188979650745,2459834.5549087,3.636329226778969,0.08818522883030783,14.998407630832759,0.02635996457423822,17.289150995968733,2.10,bF388399,bF,G,g
188979650745,2459835.7315134,4.561941209061481,0.09650822065588352,14.75219141200908,0.022994649653745224,17.191229840170067,1.40,br466389,br,G,g
188979650745,2459836.3620873,4.709179007832146,0.16784466220216246,14.717702623805435,0.03874132835390501,16.590371775528087,1.53,bn399446,bn,G,g
188979650745,2459836.7602394,4.0138002639217225,0.04602167950213647,14.891176229329384,0.01246289336464373,17.99523445233809,1.45,bC376218,bC,G,g
188979650745,2459837.5836535,4.630126311339636,0.09544243852283085,14.736083525099362,0.022405820927390938,17.20328679423009,2.13,bG390769,bG,B,g
188979650745,2459838.5778348,5.6956930903962455,0.10645850105674318,14.511199173492182,0.02031636188637208,17.084689743985606,1.50,bk550560,bk,B,g
188979650745,2459838.6942884,4.355853227665693,0.04485927809961136,14.80238252830153,0.011194152406510836,18.02300991045354,1.43,br466946,br,G,g
188979650745,2459839.7017627,4.64909150725316,0.034194738200230744,14.731645386258805,0.007994721901669603,18.317742403788234,1.43,bs468778,bs,G,g
188979650745,2459840.7049499,4.694646448110266,0.03770509608360107,14.721058394044404,0.00872990129158031,18.211640481854992,1.46,bs469153,bs,G,g
188979650745,2459842.7989872,4.69731670828329,0.043444675418658533,14.720441015510053,0.010053074172724623,18.05779921920403,1.45,bC378550,bC,G,g
188979650745,2459844.3309503,3.235429413837915,0.08718421888812047,15.125235798731886,0.029289915863366718,17.301545909146764,1.58,bn401404,bn,G,g
188979650745,2459844.7639607,5.260746601634486,0.06047292056418918,14.597447164007848,0.012494697116838014,17.698738252591365,1.98,bC379320,bC,G,g
188979650745,2459845.5770187,3.8506206349441774,0.07355127290045452,14.936238787726204,0.020762116900285763,17.486165128543345,2.26,bj553116,bj,G,g
188979650745,2459846.5555737,3.9626199899280876,0.05153350733728705,14.905109557135898,0.014135769271524828,17.872416358268627,1.48,bF392772,bF,G,g
188979650745,2459847.5679758,3.6177767272209476,0.06573159858634821,15.003961220621719,0.019748977108007777,17.60820512541692,1.50,bF393132,bF,G,g
188979650745,2459847.7761822,5.267479299272695,0.07000786763564677,14.596058528420663,0.014446285210864123,17.53977348716575,1.51,bC380516,bC,B,g
188979650745,2459848.58169,3.536993990846425,0.08868652605934299,15.028479817348444,0.02725432899803187,17.282996502746993,1.53,bj554240,bj,G,g
188979650745,2459849.5098084,3.885012874994402,0.060420724147212224,14.9265844662869,0.016904628703478343,17.699675796385783,1.42,bk554600,bk,B,g
188979650745,2459850.6703614,4.502597628896174,0.031672011788014355,14.766407776503772,0.007645830830773232,18.400951485481297,1.46,bs472189,bs,G,g
188979650745,2459851.5268961,3.6361995220058283,0.05939086073522502,14.99844635881116,0.017753504178517353,17.718341562862786,1.41,bk555235,bk,G,g
188979650745,2459853.7646937,3.7886976934613643,0.05360599072559941,14.953840738350067,0.015379263783446492,17.829607294221145,1.44,bC382816,bC,G,g
188979650745,2459854.6531576,5.14312416173121,0.059862705777763245,14.621998100073789,0.012651485052265996,17.709749754096126,1.41,br471735,br,G,g
188979650745,2459854.6643559,4.544056514650677,0.04609037823434034,14.756456312087156,0.011025003111144358,17.993614931149715,1.42,bs473213,bs,G,g
188979650745,2459856.5016226,4.943252461038108,0.08247333066345781,14.665033644159887,0.0181348060494097,17.361856776981963,1.56,bj557052,bj,G,g
188979650745,2459856.661811,4.500870108005056,0.07789697539810057,14.766824423079022,0.01881205709138916,17.423839123660525,1.51,bs473746,bs,G,g
188979650745,2459858.5335141,5.765027553907452,0.11875071857076708,14.498062153924707,0.022389635921898916,16.966049995797295,1.65,bG397954,bG,G,g
188979650745,2459860.5452502,5.34758668838357,0.16512311627600362,14.579671038433963,0.03356311147156799,16.608120920890318,1.55,bj558238,bj,B,g
188979650745,2459860.5477076,5.758117944904062,0.32199445591177417,14.499364231305504,0.06078270316204459,15.883019626206117,1.96,bj558240,bj,B,g
188979650745,2459861.5345002,4.980199299822316,0.15215414537526883,14.65694881504099,0.033208498429208005,16.696931138880558,2.00,bF397669,bF,B,g
188979650745,2459862.5308614,4.2366829855158255,0.16341342015514468,14.83250070065123,0.04192508228361229,16.619421312346578,1.53,bj558950,bj,G,g
188979650745,2459863.5009851,5.0419621378821295,0.10817267659617237,14.643566672129598,0.02332008711782518,17.067346671670478,1.60,bj559289,bj,G,g
188979650745,2459864.5026523,4.438458130371739,0.05755857698168487,14.781985303847042,0.014095811832526221,17.752365490560184,1.50,bG399937,bG,G,g
188979650745,2459865.6502486,4.712506970642346,0.07961816107004271,14.716935608247997,0.018364212501560135,17.400110255135473,1.45,bs474796,bs,G,g
188979650745,2459867.4920619,3.869650958767158,0.09318484274706712,14.930886138363963,0.026174937644357844,17.229277419791288,1.99,bG400950,bG,G,g
188979650745,2459869.7055083,4.706588744500932,0.04867111839014504,14.71829999256462,0.011240283021608071,17.934462296938406,2.27,bC386155,bC,G,g
188979650745,2459872.6156772,5.437962627269991,0.054184792914943956,14.56147507591621,0.010830621332818952,17.817947066673813,2.26,br474155,br,G,g
188979650745,2459875.6348614,4.086025362361712,0.05251034968772589,14.871812977248723,0.013968701119095822,17.852028335342517,1.41,br474826,br,G,g
188979650745,2459881.5576613,4.51878025352995,0.03411240767204099,14.762512566586334,0.008205467385227243,18.32035967837518,2.26,bs477774,bs,G,g
188979650745,2459882.553252,4.610954454568005,0.04245542445151118,14.740588541211853,0.010008166626988836,18.08280764361101,1.54,bs477934,bs,G,g
188979650745,2459884.5954761,4.665865267295957,0.05063406955683787,14.727735137678144,0.011795675394393397,17.89153352677656,2.22,bs478489,bs,G,g
188979650745,2459885.5592023,4.674057522184656,0.05655346165343694,14.72583049023881,0.013151561288958094,17.77149262803324,1.53,bs478881,bs,G,g
188979650745,2459885.5604426,4.635252341803817,0.06354173548179584,14.734882167305399,0.014900397797476352,17.644992930670988,1.52,bs478882,bs,G,g
188979650745,2459886.5587541,4.661113258580042,0.08751419090774418,14.728841482748052,0.020408025996105996,17.297444406508838,1.57,bs479282,bs,G,g
188979650745,2459886.5612231,5.031932001156337,0.1325898060987644,14.64572871314971,0.028640958268525904,16.84636527271143,1.58,bs479284,bs,G,g
188979650745,2459887.5544994,4.024020981406862,0.0991999656732554,14.888415031075656,0.026795598269257807,17.161361806760326,2.22,bs479700,bs,B,g
188979650745,2459887.555728,4.3552188904177545,0.11920593172425782,14.802540654168933,0.02975089614961763,16.96189594501599,1.55,bs479701,bs,B,g
188979650745,2459888.5463869,4.464316995069715,0.07648307381793479,14.775678060504038,0.018621835317893087,17.443727277179576,1.50,bs480115,bs,G,g
188979650745,2459888.5476279,4.695184481232982,0.1142136789007452,14.720933969644065,0.026440985151744804,17.008345309737813,1.56,bs480116,bs,G,g
188979650745,2459889.5510675,4.93767707926512,0.3603287187386826,14.666258912382686,0.07932103386177844,15.760893417885068,2.09,bs480541,bs,B,g
188979650745,2459890.546775,4.355197360136249,0.09882582664082384,14.802546021583176,0.024664640405674666,17.165464472092197,2.46,bs480961,bs,G,g
188979650745,2459891.5488744,4.600960028996151,0.09396455238596291,14.742944471451153,0.02219871122212394,17.220230488256547,2.12,bs481387,bs,G,g
188979650745,2459891.5500916,4.547689920174596,0.10721872016032073,14.755588509589101,0.02562665642918528,17.076964064269042,2.10,bs481388,bs,G,g
188979650745,2459892.5685262,4.971828696115194,0.12288667931575611,14.658775230651425,0.026865864791660032,16.928878589604363,1.53,br480200,br,G,g
188979650745,2459893.5442601,4.498249666055108,0.05921289003822192,14.767456731315686,0.01430819580419412,17.72159996528076,1.54,bs481742,bs,G,g
188979650745,2459895.5640282,4.71948441250578,0.22296268530869467,14.715329232177046,0.05135110612052652,16.282060145755878,1.48,br481108,br,B,g
188979650745,2459965.1745263,4.773581582540968,0.30681966307523284,14.702954749177515,0.06986360828045297,15.935432639714717,1.58,bC399659,bC,G,g
188979650745,2459968.1682867,3.6029285343455397,0.09339575049309881,15.008426502812053,0.028176279138890724,17.226822820743376,1.43,bC401157,bC,G,g
188979650745,2459968.1695434,3.497898017008638,0.13392291935221423,15.040547764154038,0.04161596189837498,16.835503341869355,1.51,bC401158,bC,G,g
188979650745,2459972.0316994,4.380656695384371,0.08426976133957448,14.796217573302897,0.020909551476599675,17.33846120154868,2.30,br494577,br,G,g
188979650745,2459972.03418,4.323419366134276,0.15379229256025093,14.810497213320517,0.03866512157044015,16.68530418406649,2.29,br494579,br,G,g
188979650745,2460003.9007799,4.795368225634002,0.18825004750608895,14.698010719052075,0.04267026164135528,16.46580287526791,1.61,bG439720,bG,G,g
188979650745,2460004.9040355,4.928848794557666,0.3176820754405751,14.668201884207498,0.0700582667743908,15.897658833084245,2.01,bG440141,bG,G,g
188979650745,2460005.898583,5.788014384471032,0.11826023155959157,14.49374161787144,0.02220860582187814,16.970543798855278,1.52,bk605462,bk,G,g
188979650745,2460010.8948224,5.001456661963505,0.20288917770790796,14.652324347382555,0.044093497115962645,16.38449340646463,1.54,bG442228,bG,G,g
188979650745,2460012.8813993,3.82090462365454,0.1884652702123318,14.94465012956442,0.05361388853058767,16.464562282710684,1.45,bG442997,bG,G,g
188979650745,2460012.9013363,4.198647399420545,0.1538449022104683,14.842292111512453,0.039827759724968964,16.68493283623542,2.14,bF441744,bF,G,g
188979650745,2460012.9026231,4.307063901562431,0.30659942312656174,14.814612334279216,0.07737527237707754,15.936212277980497,2.15,bF441745,bF,G,g
188979650745,2460020.6475303,5.397769009020721,0.09561207217851593,14.569529883501149,0.019253540719832495,17.201358784791903,1.44,bo440678,bo,G,g
188979650745,2460020.6502889,5.10161276080177,0.14315109476609506,14.630796896549548,0.03049996605889965,16.7631539272115,1.52,bo440680,bo,G,g
188979650745,2460021.6450637,5.066035320034213,0.0928214199733715,14.63839508894472,0.019915543699063978,17.233520091617045,1.54,bn440373,bn,G,g
188979650745,2460023.0626058,3.652332435287722,0.05055817762465485,14.993639871922612,0.01504642358549018,17.893162083037815,1.55,bC406367,bC,G,g
188979650745,2460024.8545038,5.801010885856257,0.07729666157329357,14.491306421178802,0.014483356790555723,17.432238768354196,1.53,bG447698,bG,G,g
188979650745,2460026.9793366,3.8000736283445313,0.07985709684431666,14.950585593849441,0.022841976422414083,17.396856817351463,1.56,br511307,br,G,g
188979650745,2460028.9090531,3.7517379006428646,0.10524131686119398,14.964484395749531,0.030490598956576305,17.097174927247345,1.55,bj614978,bj,G,g
188979650745,2460029.0036012,3.730236147210414,0.06916244857901203,14.970724806712209,0.020153301714858924,17.55296471061094,1.44,bC407822,bC,B,g
188979650745,2460031.0437961,5.102165485222226,0.054164881165863564,14.63067927092095,0.011539192721793124,17.818346124766116,1.45,bC408782,bC,G,g
188979650745,2460033.858017,3.5894718420493064,0.08046501091760408,15.012489245236173,0.024366250032697337,17.388622925079098,2.39,bG451585,bG,G,g
188979650745,2460033.8818284,3.5751117053161625,0.06293392287182868,15.01684158229298,0.019134070077430527,17.65542860256889,2.10,bk617257,bk,G,g
188979650745,2460035.601333,5.042881257027383,0.07415549336855778,14.643368767036545,0.01598367937524075,17.477282289744505,1.61,bn443976,bn,G,g
188979650745,2460036.5773184,4.8405018817208845,0.056716653342569034,14.687839639058666,0.012735980224431957,17.768364119727128,1.51,bo444965,bo,G,g
188979650745,2460036.961465,5.620974188601027,0.06753134661151484,14.525536644716974,0.013058881816264098,17.578877086759704,1.49,br514919,br,G,g
188979650745,2460037.8993802,4.481207466462498,0.06401839532060201,14.771577995006822,0.015528228234416765,17.636878651547875,1.51,bs516787,bs,G,g
188979650745,2460038.893059,5.506118885274853,0.08828007710692162,14.547951661730558,0.017427267291234998,17.28798385189757,1.56,bj619510,bj,G,g
188979650745,2460041.8485258,5.9295547593524365,0.1845395271315873,14.467510411981156,0.03382824692156818,16.487417102866587,1.42,br516848,br,B,g
188979650745,2460042.0284723,3.4974209608050706,0.10915813743415385,15.040695850951613,0.03392504097008608,17.057500319711785,1.46,bC412122,bC,G,g
188979650745,2460043.8380469,5.391249643868469,0.11938643776155056,14.570842016118037,0.024070090554924806,16.96025312653291,1.53,br517372,br,B,g
188979650745,2460046.7883201,5.965185269324312,0.15092355297841165,14.461005780474334,0.027500795497087328,16.705748059876687,1.52,bG456146,bG,G,g
188979650745,2460046.9419763,3.9302775099509226,0.06397080728434855,14.914007581721926,0.017691749756242527,17.637686033033233,1.40,br518614,br,G,g
188979650745,2460047.8180457,4.522189875030322,0.037419274623302294,14.761693639053039,0.008994121369190242,18.219902200442316,1.48,bs520425,bs,G,g
188979650745,2460049.9473009,4.429303453396646,0.04893126313388646,14.784227034789376,0.012007792227359168,17.92867454399226,1.47,bC414370,bC,G,g
188979650745,2460050.9857431,4.296837034602352,0.1458473056899741,14.817193415821517,0.03689450607997492,16.742894584959014,1.50,bs521836,bs,G,g
188979650745,2460052.8412274,3.644443025149821,0.06876012270248205,14.995987709431184,0.020507732811647732,17.55929900390598,1.51,bj626073,bj,G,g
188979650745,2460053.8981898,5.093482710310847,0.06000876595652208,14.632528531542203,0.012805956793751065,17.70710387179671,1.61,bF459006,bF,G,g
188979650745,2460053.8994881,5.13614849940517,0.07055655144719275,14.62347169272024,0.014931792520374073,17.531297246752636,1.55,bF459007,bF,G,g
188979650745,2460056.9275818,5.058191106503191,0.06357696645998184,14.640077538146052,0.013662077385178294,17.644391106565788,1.43,bC416444,bC,G,g
188979650745,2460058.9608424,4.517251414076568,0.03440150256147039,14.762879965998533,0.008277807484943726,18.3111970820552,1.53,bs524510,bs,G,g
188979650745,2460060.7927873,5.671963721643868,0.06932836989596505,14.515732011282411,0.013285861387371816,17.550363139342416,1.53,bF461617,bF,G,g
188979650745,2460061.7945551,5.597392905530135,0.06248082148509872,14.530101139759628,0.012133137255694261,17.663273784137033,1.52,bj629837,bj,G,g
188979650745,2460063.8272997,4.814127061471429,0.06825133776499612,14.69377175072112,0.015410111896466615,17.567362690905178,1.56,br524993,br,G,g
188979650745,2460064.5830662,3.361135726446351,0.06723236562388041,15.083850496972458,0.02174225149904638,17.583694630147455,1.49,bo451761,bo,G,g
188979650745,2460065.5294793,3.526824095982593,0.11754888045693163,15.03160612398478,0.03622820950478894,16.97709436836172,1.46,bn451257,bn,G,g
188979650745,2460066.877545,3.531178642147384,0.07015422075796289,15.03026639964584,0.021594655923162932,17.53750609884201,1.50,bj632189,bj,G,g
188979650745,2460068.4879154,3.7464693099044606,0.15614294202875537,14.966010173977182,0.04530147590239266,16.668834716351352,1.51,bo452970,bo,G,g
188979650745,2460069.9559902,5.931671226554068,0.11432830357036579,14.46712294358723,0.02095023315332554,17.007256212996328,1.56,br526669,br,G,g
188979650745,2460070.8676685,4.256733698816294,0.09265863036067186,14.827374418352285,0.02366037194056903,17.23542592053321,1.44,bs528482,bs,G,g
188979650745,2460071.8053835,3.2057813656503527,0.18296267398084154,15.135230871941678,0.06203556919046506,16.496734364405473,1.99,bF466474,bF,B,g
188979650745,2460072.9425805,5.555044933095964,0.09044104979776094,14.538346681859274,0.017696614535901083,17.261726624463417,1.41,br527832,br,G,g
188979650745,2460073.4978197,4.831267233930694,0.13027253964203248,14.68991297111839,0.029309201853489914,16.865508412122082,1.65,bo455102,bo,G,g
188979650745,2460073.8224437,5.282933264095692,0.10994946769118276,14.59287781088669,0.022621957347237875,17.04965778366541,1.56,bj635436,bj,G,g
188979650745,2460074.8526046,5.639657927599904,0.18087359952214918,14.521933715453807,0.03486057862638851,16.50920265778868,1.54,bj635936,bj,B,g
188979650745,2460075.0728204,4.16323457315457,0.07312944823734815,14.851488418656093,0.0190929742958345,17.49240986974465,1.46,bC421143,bC,G,g
188979650745,2460075.8787056,5.081241931378002,0.09539870325119051,14.635140939001223,0.02040726343376771,17.203784432928273,1.52,bj636439,bj,G,g
188979650745,2460076.0874464,4.508369051652402,0.051597868142543,14.765016972671416,0.012440117178254684,17.87106121556486,1.43,bC421552,bC,G,g
188979650745,2460079.0889857,5.349252738732469,0.10300229873053855,14.579332828028974,0.020929843069222832,17.120523318736335,1.52,bC422829,bC,G,g
188979650745,2460080.0363505,5.08433494427426,0.06126280254468055,14.63448023942107,0.01309709204759369,17.684648460748576,1.45,bC423227,bC,G,g
188979650745,2460080.7332787,5.526083796714511,0.07293512141414085,14.544021956763507,0.014346019496133842,17.49529883580259,1.45,bG470864,bG,G,g
188979650745,2460080.9911539,4.692999788592343,0.07546339646661884,14.721439285660637,0.017478251574049267,17.458299741220006,1.48,bC423621,bC,G,g
188979650745,2460082.7246136,5.376995617527044,0.07871563652870009,14.57371641600881,0.015912319922452896,17.412488082209126,1.41,bG471558,bG,G,g
188979650745,2460083.0594682,5.603233879519668,0.08620943036218028,14.528968746434135,0.016723539402859998,17.313753672801376,1.58,bC424401,bC,G,g
188979650745,2460083.7279868,5.703092541064208,0.12592118132081281,14.509789575509778,0.023999408790272354,16.902393638098168,1.60,bk639771,bk,B,g
188979650745,2460085.9059279,5.032059751431419,0.053963710280395524,14.645701148918292,0.011656500463817334,17.8223861064728,1.39,bC424751,bC,G,g
188979650745,2460086.7411467,4.12136162015562,0.1372709844398371,14.862463816164928,0.03620347000193534,16.80869374084428,2.23,bj640875,bj,G,g
188979650745,2460086.9775847,5.493848709214975,0.05939551956443105,14.550373883395856,0.011751387919429543,17.718256397214493,1.49,bC425219,bC,G,g
188979650745,2460087.9183193,5.529637256528913,0.06060149793008485,14.543324015835559,0.01191238961009444,17.696432213785126,1.98,br531413,br,G,g
188979650745,2460088.0043547,4.709050368984033,0.08810606698423742,14.71773228285262,0.02033689525685901,17.29012607403704,2.32,bC425432,bC,G,g
188979650745,2460089.001665,4.355050207082904,0.03792571331960243,14.80258270696931,0.009465700617482163,18.205306216710635,1.53,bC425791,bC,G,g
188979650745,2460089.5235705,4.837602846955836,0.07178425004040423,14.688490094325612,0.016129136931666385,17.512567692719184,1.57,bo458217,bo,G,g
188979650745,2460089.8605368,5.263835255621404,0.06960324649908763,14.596809900960379,0.01437273376586105,17.54606686932106,1.49,bC426115,bC,G,g
188979650745,2460090.8570241,5.543082827055175,0.06820868456906612,14.540687202156724,0.013375205971977375,17.568041426256176,1.44,bC426354,bC,G,g
188979650745,2460091.4696869,5.076384395370323,0.0693675665327304,14.636179371198242,0.014852998308932027,17.549749462981456,1.50,bo458541,bo,G,g
188979650745,2460091.7064286,3.788029890840832,0.056214441600748705,14.95403212902013,0.016130457170255928,17.778020858915735,1.47,bk642705,bk,G,g
188979650745,2460091.8574991,5.4900489031854995,0.08737568916159542,14.551125089804987,0.017299222074422787,17.299164075955616,1.46,bC426761,bC,G,g
188979650745,2460092.4607171,5.100917346024052,0.06472524657487899,14.630944906306883,0.01379232873486484,17.624956327486988,1.44,bo458986,bo,G,g
188979650745,2460092.8585293,5.275246432774384,0.09860106160999499,14.594458741081024,0.0203165991073937,17.16793663420881,1.44,bC427135,bC,G,g
188979650745,2460093.459575,5.317918824276446,0.07350050859061293,14.585711362958964,0.015023143414487858,17.486914750897256,1.55,bo459418,bo,G,g
188979650745,2460093.8388799,5.2988181108555334,0.07481551349972648,14.589618092229905,0.015347046949807406,17.46766145873449,1.44,bC427534,bC,G,g
188979650745,2460094.8852613,4.1021438809777795,0.07434984072067793,14.86753839979105,0.019700684960456218,17.47444050526244,2.01,bC427820,bC,G,g
188979650745,2460095.8480776,4.762759263159172,0.08152374136006449,14.705419046376345,0.018605341452660094,17.374430355231045,1.51,bC428136,bC,G,g
188979650745,2460096.8484706,4.3118682626788045,0.08818029246395166,14.813401913023858,0.02222891288497048,17.289211774193806,1.50,bC428473,bC,G,g
188979650745,2460097.476358,4.526250932763242,0.1333671238928656,14.76071905397259,0.03202744771652359,16.840018647528012,1.47,bo459712,bo,G,g
188979650745,2460098.8836028,3.722395383873742,0.19686205457828915,14.973009369885094,0.057484622679752906,16.417235578021494,1.51,bC428946,bC,G,g
188979650745,2460100.7073686,5.454404413229285,0.1373364150931252,14.558197284086605,0.0273684715595491,16.808176344513072,1.56,bG478344,bG,G,g
188979650745,2460100.9438877,5.077914856844532,0.10186296669014215,14.635852085699984,0.02180434668342366,17.132599810047264,1.39,bC429847,bC,G,g
188979650745,2460101.6742032,6.092731858703336,0.14239372844053905,14.438035459199847,0.02540334867389589,16.768913457074344,1.59,bk646914,bk,G,g
188979650745,2460101.6946064,5.290518351469832,0.2750427401514314,14.591320059323534,0.05650854610144982,16.05414014623339,1.51,bj646893,bj,G,g
188979650745,2460103.0284152,4.681151174237912,0.06909620338595028,14.724183955867602,0.016044038336360502,17.554005149078698,1.46,bC430762,bC,G,g
188979650745,2460103.6892178,4.656517642732064,0.10557267705005073,14.729912490382235,0.024643503717014598,17.093761775743832,1.51,bj647763,bj,G,g
188979650745,2460103.7171419,4.189999948600592,0.12129922677598005,14.844530578185395,0.031467061394618995,16.942995530297914,1.43,bG479678,bG,G,g
188979650745,2460104.9205158,5.548941381987993,0.07642608996104779,14.539540279706905,0.014970754094436049,17.444536508462306,1.45,br536868,br,G,g
188979650745,2460107.6471292,4.273514156643165,0.062404569639131276,14.82310275487777,0.015872429918158643,17.66459963016897,1.52,bj648749,bj,G,g
188979650745,2460108.7860648,5.011684368005039,0.05415772220285727,14.65010634314801,0.011745969025252994,17.818489635817254,2.08,bC432637,bC,G,g
188979650745,2460108.8352367,5.570714861409287,0.0784075150856843,14.535288298421234,0.015298855173173111,17.416746385731447,1.59,bj649374,bj,G,g
188979650745,2460109.6997204,3.637252411000282,0.06296892012056078,14.998132021212069,0.01881763228334515,17.654824997755988,1.49,bk649772,bk,G,g
188979650745,2460109.7293266,4.075523066061575,0.047148613268000086,14.874607233686687,0.01257470313672726,17.96896830189307,2.17,bF481013,bF,G,g
188979650745,2460110.7482367,5.214825000724103,0.054716813937022435,14.606966274937252,0.011404946043131787,17.807338608314,1.42,br538185,br,G,g
188979650745,2460110.8055425,5.4920494043553925,0.06553861617704004,14.550729533962926,0.012971046149529783,17.611397443491388,1.55,bk650317,bk,G,g
188979650745,2460110.8168675,5.651148540142438,0.07586952630270473,14.519723815143319,0.014592940856214832,17.45247218013939,1.50,bj650318,bj,G,g
188979650745,2460111.7191941,4.837335722908398,0.06239047681450787,14.688550048452957,0.014019232807593892,17.664844849677607,1.49,bj650736,bj,G,g
188979650745,2460112.651531,4.288449004805711,0.14154139496399476,14.819314996976258,0.03587528782078601,16.77543193272189,1.56,bj651175,bj,B,g
188979650745,2460112.6853633,4.536060867072516,0.10914044702129386,14.75836843853551,0.02615285027069786,17.057676290818602,1.52,bF482387,bF,B,g
188979650745,2460112.7674003,4.56631674331876,0.08148678450611146,14.751150539512505,0.019396944371864833,17.374922659575503,1.49,bs540317,bs,G,g
188979650745,2460113.7999552,4.957833822329182,0.04930650914217153,14.661835707517238,0.010809969352924987,17.92037997156935,1.49,bC434868,bC,G,g
188979650745,2460114.6354991,4.350686514981924,0.047604774334959,14.8036711430313,0.01189336895478856,17.958514334507086,2.05,bF483218,bF,G,g
188979650745,2460115.9146066,3.7178443354985022,0.051140607656433634,14.974337617036593,0.014951571932989294,17.8807259013429,1.45,bC435792,bC,G,g
188979650745,2460119.6502853,5.625591708456401,0.06245625302759209,14.524645099900404,0.012067571745329884,17.663700796923397,1.55,bk653147,bk,G,g
188979650745,2460119.9624013,5.558795538228126,0.054211646060455636,14.537613871640007,0.010600444257104002,17.817409125885987,1.51,cB034878,cB,G,g
188979650745,2460120.8218006,3.9129774648058646,0.06309920103955546,14.918797255366362,0.017527851541019827,17.652580960808436,1.44,bG485109,bG,G,g
188979650745,2460122.7965973,4.637334265475852,0.039902597637719556,14.734394618352773,0.009352870906794791,18.150137689079564,1.54,cB035935,cB,G,g
188979650745,2460123.0087308,4.048045671311524,0.04654400226380161,14.881952113019892,0.0124977114677881,17.982981298876815,2.02,bC438567,bC,G,g
188979650745,2460123.7764291,3.967143420811167,0.07164023257467993,14.903870868676282,0.01962868738434324,17.514748143732245,1.56,bj654853,bj,G,g
188979650745,2460125.5943239,4.558751973453846,0.1511275965530403,14.752950711469449,0.03603379338131267,16.70428117236201,1.47,bG486952,bG,G,g
188979650745,2460125.6084567,3.88993604019415,0.14302810206118594,14.92520947090826,0.039966037158702644,16.764087172131767,1.52,bj655690,bj,G,g
188979650745,2460126.3722833,3.8643524468860058,0.15512894974100477,14.932373799224452,0.04363432837690671,16.675908480874075,1.53,bn462483,bn,G,g
188979650745,2460127.854248,5.0279129866314305,0.11678527874817435,14.646596239401772,0.025247159351398638,16.984170357270322,1.50,cB038000,cB,G,g
188979650745,2460128.4180596,5.87375211973604,0.2817756342366113,14.47777658538113,0.05214347780723648,16.02788202146497,1.55,bn463427,bn,G,g
188979650745,2460130.4000949,5.480642798839032,0.12718702458577213,14.552986877705793,0.025224553200837142,16.891533592560457,1.57,bo464810,bo,G,g
188979650745,2460130.6358922,3.575706578165506,0.15977230812988513,15.01666093863357,0.04856817765069263,16.643886838398682,1.53,bk658192,bk,G,g
188979650745,2460131.5807927,3.70227909680076,0.21044282493186417,14.978892734786985,0.06178415917118679,16.344805303880214,1.57,bj658631,bj,G,g
188979650745,2460132.8359715,3.8220196049061577,0.0847155876304887,14.944333346227337,0.024092540066963732,17.332732292254576,1.44,br543625,br,G,g
188979650745,2460132.9788477,5.074565875259232,0.074163519272033,14.636568385643624,0.0158855994639628,17.477164786076806,1.43,bC442648,bC,G,g
188979650745,2460134.7728425,4.464997875463247,0.33857982026974,14.775512480836053,0.08242367724156507,15.828487936155371,1.49,bG491368,bG,B,g
188979650745,2460135.0137571,5.203419450547946,0.1025772359062889,14.609343532212524,0.02142763938405404,17.12501313097434,1.51,cB040992,cB,G,g
188979650745,2460135.8941752,4.870861971792615,0.09855777269979164,14.681051065001416,0.021993645975702983,17.168413410590578,1.56,bC443784,bC,G,g
188979650745,2460138.8344601,4.923508755223242,0.04810022764047819,14.669378835932743,0.01061902369432954,17.947272782110016,1.64,cB042408,cB,B,g
188979650745,2460138.9080056,5.562302384890129,0.06641781569888597,14.536929135197978,0.012979027916512257,17.59692913960663,2.32,bC444932,bC,G,g
188979650745,2460139.7811926,4.03814782385591,0.08352347529412624,14.884610089657535,0.02248218493957419,17.34811922040311,1.45,bG492852,bG,G,g
188979650745,2460141.6645867,3.6364874716790903,0.058532292057680686,14.998360383053962,0.01749546975754025,17.734151784135,1.52,bk662693,bk,G,g
188979650745,2460141.8327847,5.549990280922977,0.048925168213718985,14.539335065802215,0.009581914197197831,17.92880979265008,1.63,cB043645,cB,G,g
188979650745,2460142.7858277,5.167888361312111,0.07439698329446555,14.616782814047342,0.01564783922095112,17.47375229694338,1.66,bF493788,bF,G,g
188979650745,2460142.8558502,5.125165392358189,0.057451231434833966,14.625795909997134,0.01218438546064244,17.7543922564871,1.44,bs547766,bs,G,g
188979650745,2460143.7022684,4.062285524076409,0.05435385923183298,14.878139509265043,0.014543606406682563,17.814564648225094,1.49,bs547988,bs,G,g
188979650745,2460144.6919631,4.262724163980371,0.049252725585129956,14.825847545143064,0.012559004342939994,17.921564939392177,1.53,bs548303,bs,G,g
188979650745,2460145.6810253,4.503382180564635,0.03526969418086796,14.766218609712123,0.008512851579661496,18.284136376516255,1.57,bs548619,bs,G,g
188979650745,2460147.2627239,4.255601195330668,0.03630634046653649,14.827663316770618,0.009273287542517659,18.252684421498508,1.49,bo468942,bo,G,g
188979650745,2460147.3158934,4.2685988470295975,0.04654436329792173,14.824352265436051,0.011852062245689082,17.982972877033482,1.50,bn468356,bn,G,g
188979650745,2460148.6607205,4.8195994921300205,0.040026453855123226,14.692538247424118,0.009027101760417988,18.1467728227502,1.41,br548031,br,G,g
188979650745,2460149.7886835,4.083809660679487,0.04267585323185788,14.872401891856555,0.011358706904922638,18.07718507929023,1.52,cB045288,cB,G,g
188979650745,2460150.750497,4.192799213259068,0.08265770466925257,14.843805459274469,0.021428484072909888,17.359432258585535,1.61,bC448137,bC,G,g
188979650745,2460151.6506767,5.385065071845698,0.09505359952906514,14.572088233339864,0.019186236107539716,17.207719192551863,1.55,bj666162,bj,G,g
188979650745,2460151.6898836,5.16945906905722,0.0878922936347219,14.616452869776712,0.018480676701497674,17.292763616551724,1.57,bF496511,bF,G,g
188979650745,2460151.7341882,4.5394898722502255,0.0505431518722152,14.75754799350648,0.012102286843416346,17.893484808834373,1.50,bG496926,bG,G,g
188979650745,2460153.8825084,5.24289896523456,0.058853246601382046,14.601136900782539,0.012201440585271998,17.728214547904166,1.48,cB047016,cB,G,g
188979650745,2460153.8862551,4.8380947052293575,0.09227108126124804,14.688379708829837,0.020730196421419617,17.239976586844875,1.54,bC449481,bC,G,g
188979650745,2460155.7330097,3.4952820940712,0.13911317744822896,15.041360041924491,0.04326116502690646,16.7942199355995,2.04,bF498194,bF,G,g
188979650745,2460155.7445041,3.7233906523267937,0.22410758216506732,14.972719112014639,0.06542294933605268,16.27649923609354,1.46,bs551623,bs,B,g
188979650745,2460155.8821156,5.5280225408077115,0.08395782547352025,14.543641109210377,0.01650834548444959,17.34248765711294,1.41,bC450318,bC,G,g
188979650745,2460156.7898875,4.041094621439662,0.14589803010375785,14.883818073577238,0.039243034421617896,16.742517041078727,1.51,br550502,br,G,g
188979650745,2460157.5211115,5.011830291496651,0.477724685038769,14.650074730600245,0.10360804971382959,15.454696404512108,1.48,bj668766,bj,G,g
188979650745,2460157.7821339,4.636252802934166,0.1876929210202683,14.734647850038044,0.04400408115323928,16.469020878474463,1.97,cB048620,cB,G,g
188979650745,2460158.8104428,5.138885245746861,0.2872492256666584,14.622893322910393,0.060757811134486986,16.006993444839903,1.47,bs552405,bs,B,g
188979650745,2460159.2681154,3.8530860772784292,0.17611199780878917,14.93554384431924,0.04968123751597624,16.538168252122233,1.56,bo471419,bo,G,g
188979650745,2460159.6219043,3.1721726257130243,0.1843438701925837,15.146673589638471,0.06316609957612933,16.488568858916604,1.56,bj669811,bj,G,g
188979650745,2460159.6646507,3.30753160613059,0.14428906756260018,15.101305614999202,0.04741782140860787,16.754557044226473,1.38,bG500267,bG,G,g
188979650745,2460161.9397856,3.7814717019124346,0.09820022336058232,14.955913485368786,0.028226939570655012,17.17235942241885,1.46,cB050407,cB,G,g
188979650745,2460162.6851146,5.038624505172624,0.049043904503888944,14.644285636001765,0.010579989002420579,17.92617801613936,1.36,br551999,br,G,g
188979650745,2460163.2197694,3.603479862360878,0.0643602068246471,15.008260373790447,0.019413663797387275,17.63109703380313,1.56,bo472994,bo,G,g
188979650745,2460166.8211117,3.544244659163021,0.08158616509905954,15.026256388301553,0.025021019361301727,17.373599311694285,1.56,bs554471,bs,G,g
188979650745,2460170.4230631,3.6569151803148565,0.054336333765328815,14.992278404065239,0.01615056118105894,17.814914781629568,1.58,bo475700,bo,G,g
188979650745,2460170.4384342,3.6224568025137622,0.06277547193110547,15.00255758415799,0.018836445081530432,17.65816564564189,1.54,bn475087,bn,G,g
188979650745,2460176.7720028,5.067135315889129,0.05303376777661076,14.638159367002919,0.011376329259734913,17.84125940492885,1.48,bs556980,bs,G,g
188979650745,2460177.8329867,5.170806989815537,0.05359735921339257,14.616169804260137,0.01126671315710243,17.829782131021123,1.34,cB052239,cB,G,g
188979650745,2460178.801192,5.239498945511491,0.08250508087721818,14.601841229061455,0.017116032786480887,17.36143887555241,1.37,br556131,br,G,g
188979650745,2460181.885039,3.4116040921458257,0.07093479662370704,15.067669055619026,0.022600230778795045,17.525492291661024,1.53,bC456371,bC,G,g
188979650745,2460183.8836902,3.9135700799798845,0.08075620638511441,14.918632834528829,0.022429261111292655,17.38470083826158,1.67,cB054582,cB,G,g
188979650745,2460185.3558793,4.379407076632063,0.1540032179443869,14.79652733276722,0.03822316564419429,16.683816122323602,1.51,bo478562,bo,G,g
188979650745,2460187.6864041,4.0770602660853,0.24077103429305532,14.874197794452153,0.0641902814505114,16.19863001547762,1.41,bs559317,bs,G,g
188979650745,2460190.860544,5.5326109073231535,0.08154722012915115,14.54274030077917,0.016021058453930433,17.374117709134108,1.45,bC459288,bC,G,g
188979650745,2460191.3752055,3.5250816637569033,0.07859337452168566,15.032142665979162,0.02423421331770982,17.41417577083324,1.49,bo479575,bo,G,g
188979650745,2460192.6921932,3.8283679400443495,0.0893853518195293,14.942531445646221,0.025378436093333935,17.274474726789666,1.51,bs561195,bs,G,g
188979650745,2460193.2281349,4.2970691917047565,0.042788888851148704,14.8171347553324,0.010823577587373054,18.074313089441297,2.12,bo479916,bo,G,g
188979650745,2460193.2357046,4.3699629785203085,0.042494093164646245,14.798871227963984,0.010569707781904905,18.08181919715669,1.60,bn479298,bn,G,g
188979650745,2460195.8214653,4.85024976757387,0.048586890352426915,14.68565536346415,0.01088847788678135,17.93634285061313,1.47,bC461018,bC,G,g
188979650745,2460196.7217936,5.58122210782853,0.06065180796925965,14.533242357656523,0.011812086484604307,17.695531233251454,1.46,br561106,br,G,g
188979650745,2460196.7749866,5.143786061034695,0.054376367537509476,14.62185837920073,0.01149051430639996,17.814115130488286,1.47,bC461436,bC,G,g
188979650745,2460200.8345482,3.678992133874715,0.05694266116921362,14.98574347413582,0.016823682864978377,17.764046212225768,1.46,bC463127,bC,G,g
188979650745,2460202.3528339,4.747996915851604,0.07430099974916904,14.708789551835464,0.017009690124158653,17.47515396793488,1.62,bo482231,bo,G,g
188979650745,2460202.6859575,4.8484900452239925,0.06268177881700392,14.686049351615896,0.014052285895990628,17.65978732991158,1.44,bs563900,bs,G,g
188979650745,2460202.7238185,3.904505050972827,0.05542878149658299,14.921150649831452,0.015430553873852169,17.793302282682788,1.62,br562444,br,G,g
188979650745,2460206.7030294,3.6531154520684903,0.058510779742489534,14.993407127898104,0.017409434349283857,17.734550897031735,1.44,br563327,br,G,g
188979650745,2460206.8174779,5.134524362003469,0.08730077084052774,14.623815075245812,0.018481194269947616,17.300095415399632,1.40,cB063229,cB,G,g
188979650745,2460207.7562912,3.948988216042569,0.04665733590965996,14.908851027821424,0.012842402352064027,17.98034076805209,1.40,bC466097,bC,G,g
188979650745,2460209.6635724,3.582328218523915,0.06682712387947551,15.014652187090174,0.02027680706481858,17.59025868578213,1.46,br564140,br,G,g
188979650745,2460210.6262628,3.5913939555980074,0.07251993734858903,15.011908003815396,0.021948585933964062,17.501497060872126,1.44,br564374,br,G,g
188979650745,2460210.6536418,3.6239552639843953,0.08314772705086176,15.00210855258806,0.024939039696188832,17.353014657131226,1.41,bs565873,bs,G,g
188979650745,2460211.6501502,3.6598448153156427,0.08791353360960519,14.991408945190283,0.02610990179315873,17.292501270187074,1.50,bs566198,bs,G,g
188979650745,2460213.7256426,5.483229364620693,0.07907365751693599,14.552474590053151,0.015675001357844096,17.40756104304063,1.54,bC468350,bC,G,g
188979650745,2460214.7400523,5.559739334958325,0.09429502604451263,14.537429546224105,0.018435143691392583,17.21641864943962,1.48,cB066345,cB,G,g
188979650745,2460215.2913345,5.10773561760612,0.15004527094196837,14.629494598330377,0.031930526169818715,16.71208483123649,1.44,bo484268,bo,G,g
188979650745,2460215.3101365,5.026239817620712,0.1924147643240077,14.646957606535087,0.04161092398091786,16.442044628538596,1.50,bn483666,bn,G,g
188979650745,2460218.7636411,3.753895144838608,0.08217445607287105,14.963860278323027,0.02379396799923484,17.3657985162125,1.49,bC470409,bC,G,g
188979650745,2460219.5723884,5.24879672409282,0.1041946335424078,14.599916238044418,0.02157733332275569,17.10802723252999,1.53,bF501610,bF,G,g
188979650745,2460220.743942,3.7145234979177943,0.05297037306450186,14.975307847227628,0.01550037104185504,17.842558032355782,1.43,bC471170,bC,G,g
188979650745,2460222.7542679,3.527516386992718,0.05544180705932239,15.03139302244307,0.0170836438867711,17.7930471685844,1.42,bC472084,bC,G,g
188979650745,2460225.7294911,4.257148852559966,0.041698443476233096,14.827268533064892,0.01064665499201584,18.102341001723584,1.53,bC473397,bC,G,g
188979650745,2460227.619887,3.74326876810965,0.06210115262660948,14.966938095428315,0.018032702708947725,17.66989145903895,1.43,bs569628,bs,G,g
188979650745,2460228.2786683,3.4867343004955957,0.08112059296786801,15.044018487011988,0.025288579505824884,17.379812820025126,1.56,bn486714,bn,G,g
188979650745,2460229.5998995,3.645962174898087,0.05523395324573669,14.995535225416713,0.01646668364121629,17.797125291479723,1.43,br569046,br,G,g
188979650745,2460230.6576462,4.998071153183102,0.051717986138695084,14.65305953601602,0.011247379359308843,17.868536597887655,1.38,br569560,br,G,g
188979650745,2460230.7304969,5.428707402441441,0.05720450034241878,14.563324535793408,0.011453703452880305,17.75906512001046,1.43,bC475606,bC,G,g
188979650745,2460231.654469,5.106099181068313,0.04939088816676422,14.629842506524724,0.010514043324187865,17.91852352171879,1.44,br570073,br,G,g
188979650745,2460232.629876,4.916635383325247,0.0648281249622664,14.670895616546327,0.014332027438690654,17.623231959961426,1.48,bs571926,bs,G,g
188979650745,2460232.6484236,5.141613813233508,0.05258089370244436,14.622316988131324,0.011115798930997667,17.850570702911078,1.51,br570463,br,G,g
188979650745,2460234.7387793,4.215752303336676,0.05955421796591672,14.837877907362941,0.015354992646008219,17.715359296204582,1.48,bC477477,bC,G,g
188979650745,2460235.6188934,5.263631426266242,0.06258312012450315,14.596851944296581,0.012923612058142483,17.661497582942015,1.55,bs573260,bs,G,g
188979650745,2460236.6095572,5.5308652868670425,0.07075843124844887,14.543082920641396,0.013905841911600379,17.528195121922533,1.52,bs573735,bs,G,g
188979650745,2460237.6026017,5.299205444541176,0.06441598313368327,14.58953872984619,0.013212805901594406,17.630156512703774,1.50,bs574215,bs,G,g
188979650745,2460238.5942642,5.32144165647861,0.08083916372384786,14.584992359854994,0.016512190096944445,17.38358608114985,1.48,bs574697,bs,G,g
188979650745,2460242.7018317,3.833118916633494,0.09307371194543676,14.941184890323873,0.026392887985435504,17.230573024702544,1.44,bC481085,bC,G,g
188979650745,2460245.6929776,4.949889713629096,0.17425239041653995,14.663576815501791,0.03826444287645066,16.54969375014702,2.06,bC482546,bC,G,g
188979650745,2460250.5727789,4.643607150227751,0.05663826888424178,14.732926944155631,0.01325765374892267,17.76986568412661,1.39,bs576983,bs,G,g
188979650745,2460250.5988832,5.130284723703265,0.05028397421670637,14.624711950973538,0.010653695975446333,17.89906662386279,1.39,br575526,br,G,g
188979650745,2460251.5992163,5.329727466868657,0.0584797981329312,14.583303116911466,0.011926500626104876,17.735125949426145,1.45,br575984,br,G,g
188979650745,2460252.5519713,4.843217469182404,0.062468155131181945,14.68723069706136,0.014019640673354346,17.66349391109524,2.09,bs577902,bs,G,g
188979650745,2460255.564329,5.663050999365785,0.06499038453663199,14.517439440428777,0.012474145532211763,17.62051784489605,1.47,bs579043,bs,G,g
188979650745,2460256.5599352,5.520456928121508,0.057970238648193985,14.545128057873601,0.011414114770907119,17.744627890816254,1.45,br578010,br,G,g
188979650745,2460267.5377233,4.005795282082508,0.11173673747363462,14.8933437454935,0.030319316630599263,17.03215064510526,1.63,br579558,br,G,g
188979650745,2460271.5370319,5.18518907758106,0.12434891274464348,14.61315412844792,0.02606691089884317,16.916035630613184,1.70,br581235,br,G,g
188979650745,2460345.0243753,4.844613564829467,0.06464494950906069,14.686917770133858,0.01450399469969773,17.62630410997985,2.06,br603607,br,G,g
188979650745,2460346.0248698,4.957668853405673,0.06244034393797382,14.66187183533421,0.013689889556942015,17.663977394926807,1.46,br604084,br,G,g
188979650745,2460360.9873481,3.747268726591603,0.06304338396330736,14.965778525729277,0.018286763600685128,17.653541819894688,1.48,br608226,br,G,g
188979650745,2460371.0109034,4.455641253207266,0.0795023921150325,14.77779008160353,0.01939465919548446,17.401690121035934,2.04,br611269,br,G,g
188979650745,2460371.1425224,4.336392979640959,0.1281124344238797,14.807244040649659,0.03211255224484808,16.883662401842376,1.45,bC523413,bC,G,g
188979650745,2460372.1427773,4.755734324684864,0.06941280249606865,14.707021659510907,0.015864784114131853,17.549041663668966,1.41,bC523890,bC,G,g
188979650745,2460374.001102,3.609279476129259,0.09330071830040905,15.006514342430325,0.02809808021526098,17.227928143214648,1.47,bs613860,bs,G,g
188979650745,2460375.0127583,3.8279494853328337,0.15258235093620387,14.94265012709725,0.04332616772709975,16.693879856266193,1.44,bs614332,bs,G,g
188979650745,2460382.9614875,5.443563191874014,0.054018421112309006,14.560357450245755,0.010786257650085515,17.821285895996905,1.51,br615133,br,G,g
188979650745,2460389.0753169,3.696998176408102,0.05477198105693333,14.980442531402678,0.01610354108322771,17.80624448823584,1.48,bC527209,bC,G,g
188979650745,2460390.9651879,4.024746431510341,0.0665751218569111,14.888219312301882,0.01797983155445427,17.594360686367118,2.06,br615669,br,G,g
188979650745,2460396.0365661,5.190275764620623,0.22989408688239832,14.612089539861753,0.04814481703446641,16.248821109186466,1.45,bC530045,bC,G,g
188979650745,2460399.9678008,5.638660666404849,0.10856746658041562,14.522125723256899,0.020928394672048704,17.063391352208786,1.57,br618432,br,G,g
188979650745,2460400.1225924,3.9652531383747056,0.09546798385699386,14.904388328463376,0.026169715791002184,17.202996233935025,1.44,bC531926,bC,G,g
188979650745,2460401.1417099,3.6909594915874755,0.12336983308867046,14.982217425221407,0.036331378051489574,16.924618168536064,1.44,bC532396,bC,G,g
188979650745,2460402.987981,4.883567673226353,0.09116617253611208,14.678222596632214,0.02029124452260433,17.253056306359895,1.44,br619049,br,G,g
188979650745,2460403.8747504,5.130940674171448,0.06519150425810646,14.624573139253652,0.01381039758889353,17.617163105786886,1.41,bs620877,bs,G,g
188979650745,2460403.9035539,5.147959047880827,0.0554966267559871,14.620977913720647,0.011717735091885475,17.791974145787876,1.43,br619421,br,G,g
188979650745,2460404.9040665,5.190577821841687,0.049561843297782016,14.612026355373466,0.010378722880379165,17.91477198586814,1.41,br619853,br,G,g
188979650745,2460405.9007972,5.1423050073212595,0.05232379969400888,14.622171040956943,0.011059961483926376,17.855892425377277,1.45,br620280,br,G,g
188979650745,2460409.0620946,5.019075171498571,0.057532168047432976,14.648506371709013,0.012459459787345147,17.75286376062599,1.45,bC534845,bC,G,g
188979650745,2460410.0460436,5.2217247477980395,0.061396417900640536,14.605530684349601,0.012780305372600125,17.682283027700294,1.43,bC535292,bC,G,g
188979650745,2460411.0476976,5.535859298248839,0.09846055791047131,14.542103013842315,0.019332562442241723,17.16948488068823,1.47,bC535742,bC,G,g
188979650745,2460417.0151524,4.954129672408872,0.06298502349339608,14.66264719756473,0.013819174423173828,17.654547372228755,1.48,bC536570,bC,G,g
188979650745,2460417.9947689,5.037177687949158,0.07582648290393325,14.644597444793142,0.016362355116070468,17.45308833053017,1.54,bC537012,bC,G,g
188979650745,2460418.975795,5.6426123715614205,0.12371279103842382,14.521365080460633,0.023831235638211035,16.92160409902627,1.47,bC537445,bC,G,g
188979650745,2460419.9735056,4.596953576300534,0.08534315150683275,14.74389032748026,0.020179515319529502,17.32471892090042,1.52,bC537890,bC,G,g
188979650745,2460420.6670571,3.74501580122773,0.09507147221708992,14.966431486171132,0.02759362369681562,17.207515063508346,1.53,bo535726,bo,G,g
188979650745,2460420.9499659,4.402978700271732,0.11044313048710146,14.790699160948218,0.027264924301548844,17.04479384112559,1.48,bC538321,bC,G,g
188979650745,2460421.6114278,4.864906962469568,0.06109977913699287,14.682379274426205,0.013651402569898639,17.687541510539507,1.49,bo536093,bo,G,g
188979650745,2460422.9472641,4.5775128091391215,0.12933817628921002,14.748491701655293,0.03071208756570177,16.873323779043798,1.45,bC538764,bC,G,g
188979650745,2460423.6093494,3.5611891100026987,0.1708535869024085,15.021078030661926,0.05214842986699897,16.571080359406064,1.60,bo536296,bo,G,g
188979650745,2460425.8185509,5.881396982772112,0.13487559936744437,14.476364386237337,0.024926716014129373,16.82780714235109,1.58,bF556270,bF,G,g
188979650745,2460426.0064047,4.09379838505324,0.10088675370385612,14.869749496431165,0.02678674047453601,17.14305524220698,1.54,bC540030,bC,G,g
188979650745,2460427.8096926,4.71572414398413,0.126725638358535,14.716194641747013,0.029209778791044503,16.895479392481036,1.49,bs627642,bs,G,g
188979650745,2460427.8133554,4.81799990129092,0.1258527116416389,14.69289865537051,0.02839278300125759,16.902984168042043,2.48,br626170,br,G,g
188979650745,2460428.5209657,3.63414857274004,0.5078125827198962,14.999058926435717,0.15188432381354558,15.388381967094205,1.57,bo537435,bo,G,g
188979650745,2460428.5491683,3.6780335797996697,0.36363385090836076,14.98602639740125,0.10746345219379033,15.750979848483118,1.56,bn535946,bn,G,g
188979650745,2460428.7567167,5.096775105677242,0.12231808105953565,14.63182694517636,0.026085992255412915,16.933913963455392,1.52,bk747781,bk,B,g
188979650745,2460428.7725978,5.249550078680695,0.10427004531405144,14.599760414586145,0.02158985133534081,17.10724170574666,1.57,bF557353,bF,G,g
188979650745,2460430.5743752,3.7071560203605314,0.18303783741959895,14.977463461662214,0.053667601259714676,16.496288421488245,1.55,bn536730,bn,G,g
188979650745,2460431.9966374,5.580256474496562,0.11375884149167567,14.533430222205816,0.022158643644783434,17.01267770994733,1.39,bC542190,bC,G,g
188979650745,2460432.5045828,3.457101681424454,0.11705708519868582,15.053285238922218,0.036804229061627905,16.981646347232708,1.47,bo538557,bo,G,g
188979650745,2460433.7824248,3.8032173818293944,0.06592816549038602,14.949687749174736,0.018842217588835777,17.60496313323441,2.03,bF558571,bF,G,g
188979650745,2460433.8936884,4.98848658382259,0.05880286439573173,14.655143600902223,0.012812735060601179,17.729144406755186,1.44,bC542970,bC,G,g
188979650745,2460434.8904859,4.977751709155762,0.046720306321013455,14.657482546900532,0.010201983670633583,17.97887640754425,1.52,bs630462,bs,G,g
188979650745,2460436.7785789,3.9377764601141387,0.06742363747485017,14.911937976153345,0.01861115358248116,17.580610164420854,1.46,bs630818,bs,G,g
188979650745,2460437.8173098,5.034525954725398,0.06134781329058371,14.645169161939528,0.013245021745899723,17.683142893571024,1.56,bs631166,bs,G,g
188979650745,2460439.7069613,3.571578017958947,0.08710777106958603,15.017915268925881,0.02650995145063467,17.30249835876537,1.43,bG561635,bG,G,g
188979650745,2460439.8360604,5.70012789024512,0.09586673079762831,14.5103541228358,0.018280812336968575,17.19847081765042,1.57,bj750681,bj,G,g
188979650745,2460440.8395492,5.511116802974549,0.0761287906087508,14.546966583309665,0.015014866932167338,17.448768284959623,1.98,bF561215,bF,G,g
188979650745,2460442.5001946,5.079797509793015,0.06114496002631878,14.63544962018082,0.013083575269281498,17.686738947911884,1.50,bn539294,bn,G,g
188979650745,2460442.7056534,4.654433891475633,0.06027229303892419,14.7303984566576,0.014075473736734158,17.702346325521376,1.51,bk752644,bk,G,g
188979650745,2460443.8665663,3.830855096687197,0.06246857029623849,14.941826309865212,0.017724664121577992,17.663486695286895,1.53,bs633110,bs,G,g
188979650745,2460444.7475101,5.98567742745122,0.12487864850750893,14.457282350566025,0.02267707591436384,16.911420136564676,1.42,br631927,br,G,g
188979650745,2460448.6891413,5.544838694213139,0.1103626830256307,14.540343330934975,0.021634432431106274,17.0455849862859,1.67,bG564941,bG,G,g
188979650745,2460449.4836905,3.9594367753050563,0.10393038321563719,14.905982091037679,0.02853128216307489,17.11078428985576,1.53,bn541553,bn,G,g
188979650745,2460449.6921057,4.892686973727182,0.10038635749461235,14.676197044323052,0.022301775396287398,17.148453870938244,1.40,bG565410,bG,G,g
188979650745,2460449.6945864,4.880990663201264,0.1791082031540985,14.678795680032984,0.039885925409174836,16.519851918972385,1.50,bG565426,bG,G,g
188979650745,2460450.7493583,3.7177930576919658,0.09317518046443257,14.974352591992501,0.027241260742175134,17.229390004989607,1.44,br633904,br,B,g
188979650745,2460450.7844085,3.589508016120615,0.11457546421658527,15.012478303431163,0.03469515808355864,17.004911547647442,1.46,bs635410,bs,G,g
188979650745,2460454.6878911,4.2091529158050704,0.3003552402696885,14.839578863101057,0.07756265780313615,15.958552577830833,1.60,bG566367,bG,G,g
188979650745,2460454.9526625,4.048922987703932,0.11075907520505499,14.881716831344958,0.029733906893645412,17.041692309193024,1.43,bC547786,bC,B,g
188979650745,2460455.6934404,3.4815157732359054,0.19328504917991265,15.045644704492895,0.060345107833736325,16.43714495606273,2.10,bF565728,bF,B,g
188979650745,2460455.834229,5.103146770460191,0.12061847803997491,14.630470474387018,0.02569141105380668,16.949106000802466,1.69,bC548052,bC,B,g
188979650745,2460456.6673991,3.0923123624921205,0.1711504675391798,15.174357230596895,0.06015987231654928,16.56919538680056,1.62,bG567111,bG,G,g
188979650745,2460456.6866184,3.495202552992141,0.1590259575815874,15.041384749976555,0.04945473090569278,16.6489705629942,2.06,bF566137,bF,G,g
188979650745,2460475.4064705,4.886345861377354,0.05847453864854323,14.67760511326764,0.013007528108500477,17.73522360142913,1.49,bo546927,bo,,g
188979650745,2460476.3908488,5.147675023531592,0.09682876469646177,14.621037817854173,0.020445862801680193,17.18762963311886,1.49,bo547329,bo,,g
188979650745,2460477.3843066,4.950576496050235,0.09254552986225086,14.66342618329421,0.02031944508318052,17.236751995725356,1.41,bo546243,bo,,g
188979650745,2460480.7829794,4.445783879569955,0.1259750013754167,14.780194755384887,0.030799821365664407,16.901929682018412,1.48,bC555737,bC,,g
188979650745,2460481.6291372,5.258701439055674,0.13843731011780822,14.597869335794014,0.028614542739965023,16.7995077308914,1.44,bG574823,bG,,g
188979650745,2460481.6708429,5.564777546284632,0.13382538545133826,14.536446102380818,0.026139836548848962,16.836294354101042,2.04,bF573867,bF,,g
188979650745,2460482.4349894,4.267751930559405,0.23792857402738046,14.824567703601861,0.06059818364683013,16.211524107050728,1.65,bo547866,bo,,g
188979650745,2460483.9336669,5.311541951930425,0.1310605151832174,14.587014082288869,0.02682028740620488,16.85896093448427,1.96,bC556589,bC,,g
188979650745,2460484.9509959,5.410182463449323,0.10230349467169589,14.56703584143221,0.020553733904791035,17.127914437945975,1.51,bC556889,bC,,g
188979650745,2460485.4825229,3.964481835087504,0.25900290569320683,14.904599541551635,0.07101177636910583,16.11937902054941,1.44,bo548570,bo,,g
188979650745,2460485.9485528,4.879266665317289,0.10018650072530973,14.679179236915967,0.02231859371976262,17.15061759143302,1.65,bC557233,bC,,g
188979650745,2460486.472478,3.7885375239316947,0.1389559737758124,14.953886639487433,0.03986738971862801,16.79544755639883,1.49,bo548980,bo,,g
188979650745,2460486.5991278,6.50499289551534,0.1901582391178798,14.366948555833826,0.0317746293488048,16.45485274360865,1.49,bk760916,bk,,g
188979650745,2460486.6869381,3.8997514391080745,0.11254341394021017,14.922473304756945,0.03136861404404699,17.024340398709786,1.53,bj760295,bj,,g
188979650745,2460487.4689452,3.994889262329209,0.11304009411669719,14.896303759168418,0.030756714254079297,17.019559335361247,1.54,bo549396,bo,,g
188979650745,2460488.0232489,3.566666826969517,0.06903360869022694,15.01940926607025,0.021038278825943894,17.554989170283143,1.49,bC557980,bC,,g
188979650745,2460489.032279,3.542469278299952,0.07261557138979664,15.026800390878094,0.02228105953817382,17.5000662138399,1.46,bC558324,bC,,g
188979650745,2460489.4638952,5.224199879021302,0.1021415131891942,14.605016160317135,0.02125174887491041,17.1296348927391,1.49,bn548699,bn,,g
188979650745,2460489.4980308,5.867432080720116,0.112753919038092,14.478945444624058,0.020887946543568382,17.022311496995382,1.44,bo550220,bo,,g
188979650745,2460489.9447144,4.113250311926663,0.05304490211037204,14.864602774001215,0.014017503901160746,17.841031480703595,1.48,bC558572,bC,,g
188979650745,2460490.6265472,3.6074929372395377,0.05803445189980516,15.007051898523908,0.01748608440140669,17.7434258935713,1.42,bk762415,bk,,g
188979650745,2460491.570582,4.152462936887047,0.045883216100445164,14.854301210248648,0.012010477091972022,17.998505983000502,1.40,bG577522,bG,,g
188979650745,2460492.0000648,4.118290476941455,0.04179036401059037,14.86327318323352,0.01102989431209303,18.09995022635039,1.42,bC559172,bC,,g
188979650745,2460492.4929561,5.0389168287772454,0.06655533311640482,14.644222647161412,0.01435680640217104,17.594683457774707,1.45,bo550512,bo,,g
188979650745,2460492.5926402,3.9247095231034077,0.06178165200879178,14.915546824471802,0.017110557909945045,17.675491819126936,1.57,bF576949,bF,,g
188979650745,2460492.7598928,5.56392983564386,0.0740916362197224,14.536611510654042,0.01447437145584187,17.478217647115724,1.48,bG578065,bG,,g
188979650745,2460492.9024969,3.7556900290113893,0.057846734133903246,14.963341269423937,0.016741766344520927,17.746943499145914,1.49,bC559454,bC,,g
188979650745,2460493.3635464,5.016298559272526,0.060851839397445075,14.649107180124961,0.013185679223699818,17.691956335467122,1.53,bn549312,bn,,g
188979650745,2460493.4741527,5.000078812366758,0.05661892426772532,14.652623497689065,0.012308267788588569,17.77023657713815,1.42,bo550892,bo,,g
188979650745,2460493.657185,4.065109127429061,0.06858074465850796,14.87738510059101,0.018337585864376553,17.562135120368115,1.61,bF577397,bF,,g
188979650745,2460493.7346808,5.3311809390030245,0.05560263856761308,14.583007065717968,0.011336634660963707,17.789902108738616,2.08,bs644798,bs,,g
188979650745,2460493.750074,5.6480095829708095,0.05557633827355657,14.520327060004037,0.010695637543349857,17.790415788263235,1.46,br643332,br,,g
188979650745,2460494.3172674,4.539769239407412,0.03665674905002838,14.757481177694011,0.008776721975164535,18.242255745490333,1.53,bo551166,bo,,g
188979650745,2460494.3512077,5.403379845713946,0.07307713581051081,14.568401875885161,0.014700367478747112,17.493186818314644,1.50,bn549700,bn,,g
188979650745,2460494.6504329,4.440814739447884,0.03598938445731065,14.781408982814451,0.008808945755326479,18.262204564487558,1.53,bk764055,bk,,g
188979650745,2460494.6541194,4.679170378981947,0.0894200040210921,14.724643474516292,0.02077198491879073,17.274053898788118,1.58,bj763368,bj,,g
188979650745,2460494.8679638,3.5854217292075,0.05706976127739354,15.013715006864299,0.017301269948031873,17.761625471690934,1.51,bC560145,bC,,g
188979650745,2460495.5865624,3.8856800168789665,0.11283089453530187,14.92639803758366,0.031562628969977406,17.021570533221094,1.55,bj763754,bj,,g
188979650745,2460495.6771909,5.180168603376495,0.065542697477409,14.6142058839595,0.013752846273962617,17.61132983331186,1.47,bk764513,bk,,g
188979650745,2460495.6784197,5.16111995918903,0.06908576617498091,14.618205738699391,0.014549792428199938,17.55416916552576,1.46,bk764514,bk,,g
188979650745,2460495.8983678,3.472382079110771,0.061080621792468114,15.048496856856415,0.019120010038240532,17.68788198777726,1.54,bC560515,bC,,g
188979650745,2460496.5790122,3.8132823363375987,0.07107876061354185,14.946818217953254,0.02026063521963766,17.52329099521399,1.57,bj764155,bj,,g
188979650745,2460496.8393401,3.6870010868533534,0.08396187783257267,14.983382458213816,0.024752612906188944,17.342435253578962,1.68,bC560793,bC,,g
188979650745,2460497.3346446,5.499726523386177,0.08605911590069026,14.54921288597262,0.01700857613293923,17.31564841096336,1.44,bn549982,bn,,g
188979650745,2460497.4229142,4.72124454698656,0.09136375279661174,14.714924381712349,0.02103437472143329,17.250705786295157,1.52,bo551545,bo,,g
188979650745,2460498.3358214,5.072946461890347,0.1343098386663938,14.636914924909913,0.028777941215994394,16.83237104287504,1.51,bo551768,bo,,g
188979650745,2460498.6631761,5.485605190802223,0.07778765911880399,14.552004253751003,0.015413395687274999,17.4253638555273,1.54,bj764798,bj,,g
188979650745,2460498.6845759,5.354304271285386,0.06401437943021135,14.57830800381693,0.01299531062885365,17.636946762195347,1.43,bG580255,bG,,g
188979650745,2460498.8686511,3.9164301354131856,0.07284222877713072,14.917839663191861,0.020216455519373858,17.49668254750645,1.40,bs645533,bs,,g
188979650745,2460499.62529,5.6101459059448455,0.07897244998549767,14.527630231475733,0.01530078200969661,17.408951582774044,1.53,bj765215,bj,,g
188979650745,2460499.6389342,5.067695577366874,0.056141563389525556,14.638039326288368,0.012041654344711605,17.77942935548104,1.49,bG580670,bG,,g
188979650745,2460499.7941662,3.870607024723497,0.053952834817169844,14.930617921095127,0.015151211501515357,17.822604940094593,1.55,br644322,br,,g
188979650745,2460499.9780322,5.363670430302472,0.05475702205173813,14.57641041013602,0.011096599428237751,17.806541058699693,1.44,bC561914,bC,,g
188979650745,2460500.6691076,4.891210934084805,0.054639671446365376,14.67652464170942,0.0121423811045317,17.808870413375786,1.98,bG581102,bG,,g
188979650745,2460501.7527419,3.890377262004815,0.06437777358798606,14.925086326639882,0.017986903619842298,17.630800728532304,2.18,bF580597,bF,,g
188979650745,2460501.7583988,3.439989085787974,0.06711807070347074,15.058672960613272,0.021207748878939954,17.585541950728437,1.51,bj766132,bj,,g
188979650745,2460502.6712672,4.314486749596626,0.036684752318581634,14.812742773414687,0.009242056609582818,18.241426633366093,1.49,bk767133,bk,,g
188979650745,2460503.5663415,5.725081162813362,0.0843229652553137,14.50561150247638,0.016009449370252237,17.33777593569365,1.57,bF581274,bF,,g
188979650745,2460503.8400188,5.16773003627478,0.06117104844704418,14.616816077509394,0.012866436440063203,17.68627580095852,1.48,bC562798,bC,,g
188979650745,2460504.6342714,4.212939324635333,0.05662736013027037,14.838602611283186,0.014610103222361412,17.77007482134282,1.49,bG582732,bG,,g
188979650745,2460504.6757711,3.792031057707792,0.06639062161441203,14.952885908122513,0.019030360787635946,17.597373774045202,2.02,bj767303,bj,,g
188979650745,2460504.9548735,4.277800850955986,0.04797208049042205,14.822014215957179,0.012189339234622367,17.950169227205894,2.09,bC563206,bC,,g
188979650745,2460509.5911435,3.333840872345828,0.11766690118686297,15.092703455621404,0.03836380035376423,16.976004820804526,1.47,bk769927,bk,,g
188979650745,2460510.6369838,3.595783057094679,0.1375906064710975,15.010581917930693,0.041591776995200336,16.806168649095774,1.47,bk770378,bk,,g
188979650745,2460514.7476371,4.970647284779266,0.16616512072673448,14.659033255125136,0.036336165354672635,16.601290942870474,2.13,bF585770,bF,,g
188979650745,2460515.4467957,3.9435954616336617,0.11277264179355631,14.910334726912977,0.03108304583058772,17.02213122578092,1.46,bn551624,bn,,g
188979650745,2460515.6651046,5.20814945529132,0.1058530491915286,14.608357026182874,0.02209185107923697,17.09088217950302,1.42,bk772302,bk,,g
188979650745,2460515.7062569,4.994294756157167,0.1109823163697449,14.653880196749826,0.024154151580078154,17.03950614904435,2.12,bF586149,bF,,g
188979650745,2460516.2826601,5.189680069367168,0.07067521316292284,14.612214158485324,0.01480262421689316,17.52947279385341,1.46,bn551910,bn,,g
188979650745,2460516.4983762,3.517961455128248,0.06404177091135808,15.034337930383126,0.019787203880346757,17.636482279651442,1.52,bk772590,bk,,g
188979650745,2460516.5211017,3.723134372027089,0.07470022466158763,14.972793845611626,0.02180847862525122,17.469335841537518,1.99,bF586429,bF,,g
188979650745,2460517.2760433,4.448326353278017,0.0541002491034674,14.779574017445418,0.013219492888014321,17.819642449414566,1.47,bn552279,bn,,g
188979650745,2460517.6817416,4.553988247320291,0.06261932943461633,14.754085858588446,0.014946127398536567,17.660869579892974,1.44,bs649874,bs,,g
188979650745,2460517.6892063,4.714903623956621,0.0428919641071052,14.716383572606075,0.009888155482019165,18.07170077671725,1.48,br648402,br,,g
188979650745,2460518.6692607,4.455496201369681,0.04328989894167309,14.777825427940055,0.010560942228076487,18.061674181508792,1.44,bk773578,bk,,g
188979650745,2460518.6702693,4.367002904526565,0.05797033831785694,14.799606920347303,0.01442894330038225,17.744626024084788,2.00,bF587391,bF,,g
188979650745,2460519.6657878,4.404776261191052,0.051591807319152645,14.790255988537995,0.012731191803757601,17.871188756529857,1.45,br648855,br,,g
188979650745,2460521.6446239,3.912039406334693,0.06204748885843599,14.919057570217047,0.017239837247805825,17.670830087104818,1.74,bF588640,bF,,g
188979650745,2460524.4763573,5.333907041791244,0.06807799757357179,14.582452015714658,0.01387309956280836,17.570123678810262,1.53,bn553639,bn,,g
188979650745,2460526.2264344,3.875141005348893,0.06901462616308945,14.929346847608153,0.019358237003456895,17.55528776181708,1.54,bo555711,bo,,g
188979650745,2460528.3584073,5.033768510650421,0.05758703771178098,14.645332523164145,0.01243493936521321,17.751828764158738,1.55,bo555922,bo,,g
188979650745,2460528.6598639,5.026214042624631,0.06389477113206261,14.646963174299298,0.013817723956450955,17.63897731430159,2.13,bF589978,bF,,g
188979650745,2460529.366123,5.523259876337425,0.06121370649044438,14.544576927764542,0.012046624453552802,17.685518919367457,1.45,bo556325,bo,,g
188979650745,2460529.7371983,5.143918835265407,0.05676147482417907,14.621830353943242,0.011994212432103732,17.76750643360467,1.38,br651076,br,,g
188979650745,2460529.9064039,3.802765536141746,0.05275239164431516,14.949816748997089,0.015078383242449757,17.847035226191647,1.98,bC570483,bC,,g
188979650745,2460530.4087711,4.786194898663885,0.055120664927656826,14.700089673419622,0.012518037291469154,17.79935449173905,1.46,bo556757,bo,,g
188979650745,2460530.5033326,3.875172231562101,0.08050505344586426,14.92933809868945,0.02258105902061171,17.388082754784318,2.07,bj775754,bj,,g
188979650745,2460530.571391,3.78030757773125,0.054233135956198504,14.956247780177875,0.015593720777961973,17.816978817341564,1.49,bk776498,bk,,g
188979650745,2460530.7513435,4.743806058392526,0.05663441794572254,14.709748308771385,0.012976742552974973,17.769939507808054,1.37,br651427,br,,g
188979650745,2460530.8995173,3.733571296859541,0.05405156667947782,14.969754499535748,0.015736060260023516,17.82061989530298,1.49,bC570846,bC,,g
188979650745,2460531.5150639,3.5662071648096463,0.06263708345616138,15.019549201768033,0.019091371650313792,17.660561792312993,1.57,bj776178,bj,,g
188979650745,2460531.5302849,3.668354666297569,0.06186732282526604,14.98888732784499,0.01833167622675232,17.67398730326425,1.54,bk776880,bk,,g
188979650745,2460531.7583917,4.345237382373703,0.043855358427962836,14.805031854417805,0.010970371388649184,18.04758394936944,1.49,br651759,br,,g
188979650745,2460531.8991652,4.291951164545192,0.05419342202336842,14.81842869289717,0.013724735264993038,17.81777417333992,2.17,bC571189,bC,,g
188979650745,2460531.9016688,4.409399047243134,0.0783111110594522,14.789117112473436,0.019304393178913692,17.418082147246736,2.14,bC571191,bC,,g
188979650745,2460532.5196455,3.8240294840380757,0.06534649303225747,14.943762541994827,0.01857433293092404,17.614584898582958,1.46,bj776603,bj,,g
188979650745,2460532.5274561,3.793721720615861,0.057471955065680334,14.95240194456257,0.016466552102719433,17.7540006836943,1.44,bk777299,bk,,g
188979650745,2460532.7578836,4.073917919881108,0.05249653619686365,14.87503493550025,0.014006529711713124,17.852313989128042,1.55,br652067,br,,g
188979650745,2460533.3009366,5.897051187795424,0.09708252731549268,14.473478378350428,0.017894449760057402,17.1847879273335,1.48,bo557023,bo,,g
188979650745,2460533.5612967,5.034499472490446,0.07699021726273612,14.645174873062512,0.016622311556713034,17.43655174846952,1.56,bj777043,bj,,g
188979650745,2460533.5694692,4.828857677327667,0.09747837189816262,14.690454608606435,0.021941991076004655,17.180369944176388,1.52,bG592558,bG,,g
188979650745,2460533.7494454,4.0584618061193,0.07061864717176534,14.879161964258609,0.01891342157859119,17.530342127420962,1.48,br652392,br,,g
188979650745,2460533.8907056,5.022595603272786,0.05871552396527229,14.647745091942731,0.012706820684467652,17.730758259468303,1.48,bC571501,bC,,g
188979650745,2460534.516664,4.268039533269249,0.06322864761274348,14.824494538582282,0.016102660330977115,17.650355879295823,1.49,bk778112,bk,,g
188979650745,2460534.5736627,5.3657758233954755,0.06698208846998709,14.575984311438733,0.013568702886302783,17.587743900161033,2.04,bF591990,bF,,g
188979650745,2460534.7521017,3.6233836889012236,0.057672863512058796,15.002279809863829,0.0173009265659119,17.750211823750195,1.45,br652725,br,,g
188979650745,2460534.8904079,5.358218270673766,0.06545652003424313,14.57751461999649,0.013278367499691666,17.612758330143418,1.51,bC571869,bC,,g
188979650745,2460535.504858,4.87640584143539,0.15276114708382985,14.679816015190534,0.034050636983537746,16.69260833436254,1.45,bG593344,bG,,g
188979650745,2460535.5206227,5.102202280155633,0.09338130975646625,14.630671441020604,0.019893649462529105,17.226990708926174,1.39,bj777846,bj,,g
188979650745,2460535.7555683,3.5580235703516108,0.06507354912431602,15.022043570360657,0.019879609343452745,17.619129376724032,1.44,br652988,br,,g
188979650745,2460535.8913441,5.487743925494379,0.06818265157319622,14.55158102804435,0.013504926396556644,17.568455894906123,1.65,bC572234,bC,,g
188979650745,2460536.5209047,5.367213185710542,0.10922604230538188,14.575693507765529,0.022120224205678104,17.056825117143216,1.50,bj778261,bj,,g
188979650745,2460536.8859687,5.36245603410036,0.06804546313204826,14.576656261037286,0.013792646402283806,17.57064267563202,1.49,bC572584,bC,,g
188979650745,2460537.260526,5.008161456157251,0.10664406552887601,14.650869818587463,0.023145711963593545,17.082798878757075,1.49,bo557263,bo,,g
188979650745,2460537.2617546,4.952741809024222,0.15567879084873495,14.66295140127559,0.034166141409021494,16.672066986970673,1.45,bo557264,bo,,g
188979650745,2460537.5019802,5.152641152035908,0.19554674322207533,14.619990877966018,0.04125084623176192,16.424514143212985,1.61,bj778668,bj,,g
188979650745,2460537.7154971,3.8226062778080703,0.12397894958963677,14.94416670052852,0.03525336328702298,16.91927073025305,1.47,br653308,br,,g
188979650745,2460537.7588064,3.849991059072906,0.07938758120910483,14.936416319939427,0.02241325961964975,17.4032591864257,1.46,bC572801,bC,,g
188979650745,2460538.263369,4.607320164419489,0.1008501342684467,14.741444640809743,0.0237925100165395,17.14344940955692,1.41,bo557651,bo,,g
188979650745,2460538.7785295,4.711323427479751,0.07416760080810048,14.71720832446083,0.017111318855736884,17.477105035008,1.52,bC573142,bC,,g
188979650745,2460539.2741186,4.395304166929549,0.15573288079475675,14.792593285277547,0.03851266351546603,16.671689817977683,1.47,bo558028,bo,,g
188979650745,2460539.684507,3.727536098995227,0.15108492297518442,14.971510977202033,0.04405664707274004,16.704587792675717,1.38,br653763,br,,g
188979650745,2460539.7928442,5.439717464543809,0.09115482093170371,14.561124764018436,0.018214425242761612,17.253191505797652,1.61,bC573491,bC,,g
188979650745,2460540.7100766,3.931328104129517,0.09701323848551947,14.913717394653537,0.02682278595777947,17.185563105443876,1.45,br654113,br,,g
188979650745,2460540.866857,4.687160821515008,0.13212226151225112,14.722790985068904,0.030639263145924134,16.850200614389397,1.60,bC573922,bC,,g
188979650745,2460541.7429109,5.185206960773987,0.14609974544909907,14.613150383859972,0.030626370816377337,16.74101696329275,1.45,br654470,br,,g
188979650745,2460541.8711444,4.6187580070550895,0.12023688518372506,14.738752600706654,0.02829597617030776,16.952546318847396,1.50,bC574300,bC,,g
188979650745,2460542.7573252,5.4540302420559295,0.13411380722151484,14.558271767952107,0.0267281021455684,16.83395688285654,1.45,br654813,br,,g
188979650745,2460542.8668409,3.633104251492814,0.20462552654357857,14.999370972107648,0.061220112387211575,16.375241086565964,1.46,bC574670,bC,,g
188979650745,2460543.7864032,4.971822966548529,0.12086870807193797,14.65877648186138,0.02642472014730247,16.946855911206974,1.49,br655168,br,,g
188979650745,2460543.8665941,3.617144582694432,0.09759166634161108,15.004150951006174,0.029326419160824724,17.179108777735955,1.43,bC575044,bC,,g
188979650745,2460544.7855377,5.188360479542094,0.10039543327828482,14.612490265800472,0.021032746545839164,17.14835571555385,1.47,br655499,br,,g
