# "asas_sn_id":300647922553,"ra_deg":150.14852,"dec_deg":10.64281,"name":"Loneos-RR 764"
asas_sn_id,jd,flux,flux_err,mag,mag_err,limit,fwhm,image_id,camera,quality,phot_filter
300647922553,2455984.989332,3.3065765429499256,0.0650949086533381,15.161334953243905,0.021398366126929337,17.67848883893196,2.15,ba009173,ba,G,V
300647922553,2456000.9867663,5.274651597637931,0.07766652485477402,14.654296957493315,0.01600487428392721,17.486771710363158,2.20,ba010864,ba,G,V
300647922553,2456231.1187098,3.729709810351631,0.08396767394815058,15.030593797291285,0.024470861127022223,17.402076087093075,2.26,ba027643,ba,G,V
300647922553,2456235.1401042,6.916684223691123,0.09441879724436587,14.360036532704605,0.014837908471808126,17.27471023402194,2.11,ba026476,ba,G,V
300647922553,2456237.0683507,4.890022357932204,0.09533549240840057,14.736504292544144,0.02119121910729698,17.26421985856862,2.32,ba025837,ba,B,V
300647922553,2456251.1027572,3.5727755609085685,0.12762066323916074,15.077267067005886,0.038826427759487525,16.947553900421457,2.25,ba029943,ba,G,V
300647922553,2456317.9185679,3.932491200280981,0.10155745433501613,14.9731120058233,0.02807089239329571,17.195576878171536,1.82,ba037187,ba,G,V
300647922553,2456324.9769693,5.645180001083101,0.08153719223266495,14.580586918744594,0.015699655785039277,17.433967013023434,2.09,ba038432,ba,G,V
300647922553,2456328.9414049,3.208344511191416,0.0617045961179664,15.194078913158078,0.020904928675130385,17.736562608621,2.33,ba039357,ba,G,V
300647922553,2456338.8602249,6.107436110508319,0.08718876274169982,14.495134073159676,0.015517214190975568,17.361205106625157,2.12,ba040516,ba,B,V
300647922553,2456351.8798982,4.986472475440989,0.10956847011964635,14.715297839156086,0.023883850509572126,17.11314239934342,2.65,ba041933,ba,G,V
300647922553,2456352.8122272,4.625618579057345,0.05593533926350118,14.796856857771205,0.013144032688606101,17.843140702320284,2.39,ba042201,ba,G,V
300647922553,2456356.7985273,3.6381650385341024,0.06559128000276188,15.05757541419439,0.019596381366180603,17.670241128256276,2.09,ba043381,ba,G,V
300647922553,2456369.7743114,4.259745985555077,0.046114158813639367,14.886322148756008,0.011766918928258057,18.052770666399493,2.03,ba045183,ba,G,V
300647922553,2456385.8512687,3.5241478211519883,0.06760914164647859,15.092146112768978,0.020852756800026177,17.63734283806103,2.02,ba046815,ba,G,V
300647922553,2456390.8367345,3.7154097791141085,0.050557381393064454,15.034764604905607,0.014790744142452832,17.952894964470232,2.02,ba048144,ba,G,V
300647922553,2456395.7730212,6.63465620624773,0.08794632586882561,14.405235345595681,0.014408257111513313,17.351812142016584,2.64,ba049120,ba,G,V
300647922553,2456404.7564729,3.115309164716323,0.27584597451807724,15.22602852272112,0.09624488779276982,16.1106897672179,2.42,ba051505,ba,B,V
300647922553,2456410.7961638,3.4443851386239244,0.06537546431587181,15.117002137699862,0.020630761206991546,17.673819427741776,2.17,ba052800,ba,G,V
300647922553,2456416.804669,3.6420197549364213,0.06002257007270676,15.056425661635382,0.017913665598228334,17.76656992543095,2.60,ba054053,ba,G,V
300647922553,2456568.1351424,4.041658855599175,0.18066768590607019,14.94338227146449,0.048588445111111885,16.57015518891611,2.15,ba086163,ba,B,V
300647922553,2456598.0898057,5.820251382283688,0.08015740644296228,14.547427047883268,0.014969734119058933,17.452497251664553,1.66,ba091457,ba,G,V
300647922553,2456601.0859573,3.215410964291496,0.072717324161867,15.19169018366984,0.02458179393518865,17.558261670119503,2.13,ba092154,ba,G,V
300647922553,2456631.0405717,3.743951573670721,0.05092985642079149,15.026455847770357,0.014786125968381874,17.944925264091882,2.37,ba097791,ba,G,V
300647922553,2456632.028583,3.256042222699534,0.08265806329938015,15.178056334607891,0.027593536825544426,17.41914333010554,2.38,ba098149,ba,B,V
300647922553,2456651.1002421,3.41669771435967,0.08481520890799682,15.125765011655874,0.026982323919893955,17.39117205334848,2.71,ba102660,ba,G,V
300647922553,2456655.9131211,6.839653132145368,0.09289286154066473,14.372196211114003,0.014762517882681653,17.292400540141024,2.06,ba103830,ba,G,V
300647922553,2456658.9672185,3.393779677310331,0.05997386973375987,15.1330722927937,0.019208373860234648,17.767451213645284,2.19,ba104608,ba,G,V
300647922553,2456700.7917106,7.080505153896778,0.1685018245393945,14.334620796407068,0.025867385606977215,16.64584487423272,1.84,ba109656,ba,G,V
300647922553,2456734.7703453,3.833234963057009,0.18537552649277922,15.000867802747134,0.05256529783174542,16.542225399936704,1.82,ba111365,ba,G,V
300647922553,2456735.7528466,3.2787974257597665,0.06802133550658669,15.170494940910363,0.022549802456660554,17.630743507519377,1.88,ba111488,ba,G,V
300647922553,2456740.8455394,3.2577428328770277,0.06332483125717447,15.177489409520227,0.02112853649108587,17.708421290697565,2.09,ba112659,ba,G,V
300647922553,2456743.8790222,6.364662772407005,0.07976683956909503,14.45034291005838,0.013622573510734044,17.457800430500512,2.14,ba113264,ba,G,V
300647922553,2456764.8689886,3.192693928976283,0.20003214262828448,15.199388188443955,0.06810118565201209,16.45960692646085,1.80,ba116341,ba,G,V
300647922553,2456767.8358197,3.6194456792815473,0.0831985631975672,15.063176246735816,0.02498537866850144,17.412066827972858,2.27,ba116852,ba,B,V
300647922553,2456790.7815124,3.915812573241418,0.23199246049564165,14.977726663208017,0.06439677926701899,16.298671716130137,3.74,ba120488,ba,G,V
300647922553,2456794.7656797,7.094487195874019,0.0909589344143203,14.332478881443024,0.013935948327538984,17.31524298382393,2.03,ba120634,ba,G,V
300647922553,2456796.7767903,3.645255431166561,0.057807949181240624,15.055461490262381,0.017237400384533617,17.807387487583433,1.64,ba121282,ba,B,V
300647922553,2456799.7662556,3.4693590394774767,0.05954096794595893,15.109158287662535,0.018654293972775984,17.77531666715397,1.68,ba122355,ba,G,V
300647922553,2456804.7497528,3.2314179293565743,0.08884522242383862,15.186298578742756,0.029884990443864928,17.340771196293538,1.64,ba123835,ba,G,V
300647922553,2456935.1320923,4.316093072696214,0.09488860320617805,14.872054401304824,0.02389656208901944,17.269321259392044,1.72,ba155882,ba,B,V
300647922553,2456940.1207397,8.192024417595922,0.29695429795146555,14.176303309228079,0.03940129989401742,16.03063235518823,1.73,ba157181,ba,B,V
300647922553,2456961.0829461,3.8095406979625106,0.08006462861919171,15.007599860580399,0.022844425913285855,17.45375465990414,1.76,ba158265,ba,G,V
300647922553,2456968.0740913,3.6377634867551407,0.21006034345105695,15.057695255752325,0.06276561439582581,16.406496215612727,1.72,ba159326,ba,G,V
300647922553,2456969.0555065,3.162662011451396,0.26274770591573565,15.20964944939157,0.09030219842746956,16.163509061588343,1.76,ba159579,ba,B,V
300647922553,2456971.0522036,4.355085895957551,0.1596234092879536,14.86228959182225,0.03983933035828848,16.70461493774621,1.64,ba160286,ba,G,V
300647922553,2456972.0505795,7.23423082846711,0.19386218230673471,14.311300499435095,0.029128150369171425,16.493623650471644,1.70,ba160680,ba,G,V
300647922553,2456979.0277096,6.083678608913196,0.08920121657631547,14.49936574727034,0.01593737117582737,17.3364294497552,2.01,ba161895,ba,G,V
300647922553,2456980.070763,3.824101805609752,0.09344693525200636,15.003457790547364,0.02656120596990927,17.28594373733439,2.04,ba162311,ba,G,V
300647922553,2456981.0668232,3.239930465719136,0.06857387226020074,15.183442180449946,0.02300568436970669,17.621959708443022,1.78,ba162628,ba,G,V
300647922553,2456982.0369801,3.227460001951451,0.07712942561336263,15.187629232662257,0.025975947691914643,17.494306150771607,1.67,ba162942,ba,B,V
300647922553,2456983.0424928,3.2332445608460256,0.09153843100079756,15.185685015390721,0.03077351332187786,17.308347733169505,1.66,ba163324,ba,G,V
300647922553,2456984.0564957,7.310403710361541,0.10202194417892875,14.299928001677396,0.015169260410148785,17.19062240518384,1.69,ba163701,ba,G,V
300647922553,2456985.0422394,5.9765268428970355,0.0860187753341611,14.518659218443286,0.015644315051073596,17.37587325585677,1.69,ba164090,ba,G,V
300647922553,2456987.0569142,3.312519870629995,0.06325403823549418,15.15938517418949,0.02075591757079199,17.709635751768435,1.64,ba164694,ba,G,V
300647922553,2456989.0008225,3.3388673586149573,0.08090021041637852,15.1507834884817,0.026336778876603267,17.442482265710748,1.67,ba165058,ba,G,V
300647922553,2456991.0410005,6.620105035764872,0.09094672938852404,14.407619204297195,0.014932563774387085,17.315388679544775,1.61,ba165767,ba,G,V
300647922553,2456993.0389559,3.8547979322358352,0.052608525663730074,14.994777361140347,0.01483428731531585,17.90971606615033,1.62,ba166475,ba,G,V
300647922553,2456997.9769711,7.3777076730434645,0.21068105623668118,14.289977796570081,0.031039607183145704,16.403292676177163,1.80,ba167327,ba,B,V
300647922553,2456999.9673263,4.264583352008163,0.16190689108148643,14.885089886545199,0.04126681006074327,16.689193059703115,1.65,ba168085,ba,G,V
300647922553,2457006.9508238,3.5897066822613364,0.057075372719229855,15.072133995800733,0.01728231694094221,17.821234503066428,2.14,ba170621,ba,G,V
300647922553,2457007.9992329,3.491796479122074,0.0648396173656163,15.10215909769637,0.020183835279067103,17.68275528541079,1.75,ba170991,ba,G,V
300647922553,2457013.0114891,3.3546123438917363,0.07934606683898368,15.14567555274471,0.025709595024302357,17.463542884237782,1.66,ba172988,ba,G,V
300647922553,2457017.9105442,5.968875452166185,0.0947877705524169,14.520050112255676,0.017261238940020233,17.270475622172754,1.68,ba173641,ba,G,V
300647922553,2457020.9642494,3.245190613347822,0.07237859480000695,15.18168087671925,0.024242762606484006,17.56333102565389,1.63,ba174386,ba,G,V
300647922553,2457023.9085716,6.597647044257572,0.17139135606760128,14.411308708803253,0.028236574493559666,16.627384106226,1.72,ba175154,ba,G,V
300647922553,2457035.1029215,4.398035381893998,0.07527509841880668,14.85163460724638,0.018603933812747317,17.52072806366275,1.64,ba177094,ba,G,V
300647922553,2457036.0316717,3.996690679887095,0.05081199650421296,14.955530060146717,0.013819040653003552,17.947440744832218,1.62,ba177446,ba,G,V
300647922553,2457038.9803126,3.2427846903437265,0.06480510220685853,15.182486119559695,0.02172217251903003,17.683333393928976,1.68,ba178736,ba,G,V
300647922553,2457041.9899856,5.614585504547306,0.07018401126414736,14.586487154284399,0.013587284173264798,17.59676092854598,1.65,ba179879,ba,G,V
300647922553,2457043.9608719,3.5163114636568125,0.061313671845569434,15.094563063202264,0.018953183235652954,17.743463080747578,1.82,ba180689,ba,G,V
300647922553,2457045.9597264,3.189091706887169,0.06043604138243532,15.200613884065291,0.02059876459082907,17.759116368923266,1.65,ba181513,ba,G,V
300647922553,2457048.9642442,4.686147202386705,0.053420258339052375,14.7827415879213,0.012390882250785627,17.893091433857343,2.08,ba182716,ba,G,V
300647922553,2457050.9937155,3.146196130067504,0.06421029980361902,15.215316923205176,0.022183551580705493,17.693344649474657,1.66,ba183362,ba,G,V
300647922553,2457051.9553629,3.284317972264236,0.08408539501963266,15.168668412421965,0.027828355619474554,17.400554971756566,1.71,ba183741,ba,G,V
300647922553,2457052.9444224,3.55628054556546,0.0840466072397593,15.082291369535694,0.02568835801866634,17.40105592692384,1.75,ba184042,ba,G,V
300647922553,2457054.8778264,7.865895716306687,0.17740242421967478,14.220410943603195,0.024514528151975957,16.58995751815591,1.68,ba184745,ba,G,V
300647922553,2457065.0376515,6.184739344851401,0.10250083261827055,14.481477901870958,0.018014332098064686,17.18553791068405,2.00,ba186517,ba,G,V
300647922553,2457069.9835478,3.244525500868045,0.07458765357293762,15.181903424728855,0.02498779450820558,17.530689031057676,1.68,ba187597,ba,G,V
300647922553,2457070.9363778,3.392792736211307,0.05924645925189161,15.133388080388803,0.018980919343074314,17.780700391921545,1.64,ba187943,ba,B,V
300647922553,2457072.8826738,4.204651048879687,0.04764711936316137,14.900456507532,0.012317394840095086,18.017264770406886,1.62,ba188635,ba,G,V
300647922553,2457076.9314069,3.0317048647753553,0.06698266652737149,15.2555641029466,0.024015281655986227,17.647450312500993,1.72,ba189300,ba,G,V
300647922553,2457078.8011691,3.2628839603777537,0.08107806519254536,15.175777331956384,0.027009336771150354,17.440097952795306,1.66,ba189946,ba,G,V
300647922553,2457080.8931634,4.755908354807159,0.089368310697158,14.766697711320361,0.020425008411042767,17.33439752199774,1.66,ba190553,ba,G,V
300647922553,2457091.9706761,5.760513441056773,0.08249821835404841,14.558628418754097,0.015566663872819872,17.421244969797904,1.82,ba192131,ba,G,V
300647922553,2457095.8726473,3.0082953897783105,0.07374319720789373,15.263980209149326,0.02664487317680655,17.543051486334193,1.78,ba192665,ba,G,V
300647922553,2457097.9323037,7.668584283681307,0.09828468839045094,14.247993416592067,0.01393101765347156,17.231141730975697,1.64,ba193380,ba,G,V
300647922553,2457100.9326552,3.353862991359343,0.06254972373783275,15.145918111340297,0.020271797126173566,17.721792903943065,1.63,ba194343,ba,G,V
300647922553,2457102.8960083,3.100457169166212,0.0822849582600844,15.231217063957567,0.02884741415275977,17.424055260739944,1.64,ba194897,ba,G,V
300647922553,2457104.8754563,7.9812594194628,0.10632068077102355,14.204602836614303,0.014479664334427395,17.145812021852095,1.67,ba195475,ba,G,V
300647922553,2457108.7750089,3.4422378077384517,0.10520965649402747,15.117679228628077,0.033222086521456855,17.157217387060257,1.63,ba196511,ba,G,V
300647922553,2457118.8894417,4.838792210330304,0.38236361996424867,14.747938972434376,0.08589181190889617,15.75616498226344,1.73,ba199503,ba,B,V
300647922553,2457119.8965444,3.3797585642094887,0.10208108950703268,15.137567211497881,0.03283006873949815,17.18999315215705,1.70,ba199803,ba,G,V
300647922553,2457121.8419184,3.407857703261734,0.05995700796642625,15.128577773771548,0.01912364497223454,17.767756513360286,1.76,ba200266,ba,G,V
300647922553,2457125.8426171,4.068289665691396,0.07443157285065952,14.936251735794892,0.01988646094097042,17.532963402722018,1.70,ba201310,ba,G,V
300647922553,2457131.8325305,4.508325936787557,0.06716764780676605,14.824743138171838,0.016194107049292892,17.644456044458753,1.68,ba202578,ba,G,V
300647922553,2457134.7857025,3.2508737679967528,0.0721033456552728,15.179781139286986,0.024108349752228166,17.567467851645617,1.82,ba203401,ba,G,V
300647922553,2457137.7975477,5.743992227734835,0.11682439042081225,14.561746795553141,0.022107103915106882,17.04352258469539,1.69,ba204214,ba,B,V
300647922553,2457144.8141122,4.3323089440579965,0.1615356955847284,14.867982856243056,0.04052856803998438,16.691685128363357,1.82,ba205152,ba,G,V
300647922553,2457148.8100718,5.014664436642364,0.1314323157694793,14.709176712267682,0.028488688445236617,16.915600993653,1.69,ba205653,ba,G,V
300647922553,2457151.7900682,3.6653894812759313,0.07298054310365312,15.049481081506746,0.021642086793724757,17.554338666287542,1.70,ba206540,ba,G,V
300647922553,2457159.7727043,3.412670678493151,0.07370808964011805,15.127045451923077,0.023476478185886444,17.543568505329823,1.69,ba208229,ba,G,V
300647922553,2457298.1397862,3.404975248056508,0.2495410710274003,15.129496506458525,0.07965999011294395,16.219501306828224,1.79,ba238292,ba,B,V
300647922553,2457314.1091675,7.912580062892307,0.12410711890801925,14.213986110951433,0.01704867959870162,16.97786465923317,1.66,ba242381,ba,G,V
300647922553,2457317.1044084,2.7811288759851456,0.10484149843530094,15.349228618771223,0.04097550151565211,17.161023345117297,1.67,ba243543,ba,G,V
300647922553,2457321.1090202,5.2382287283464155,0.1222126497380432,14.661820259361768,0.025359686176537097,16.99456599292239,1.63,ba245334,ba,G,V
300647922553,2457324.0818991,4.195871238930345,0.1801395453699047,14.902726023801877,0.04666583946767066,16.57333373779847,1.74,ba246476,ba,G,V
300647922553,2457328.1220989,4.126988450537344,0.09031055694203019,14.920698270774455,0.02378578230265017,17.323010092265122,1.73,ba247440,ba,G,V
300647922553,2457334.1468743,3.997869114660687,0.10404573985875853,14.955209975153727,0.028288368692192464,17.16929563674584,2.04,ba249253,ba,G,V
300647922553,2457335.0596815,4.225253681458681,0.0686905970428582,14.895149432456405,0.017670818858884055,17.620113165725673,1.82,ba249564,ba,G,V
300647922553,2457343.0353502,3.2991272831764262,0.08257546187234169,15.16378372620622,0.02720596361209349,17.42022886486343,1.78,ba250526,ba,G,V
300647922553,2457350.0199576,3.3495683295883976,0.14273569554358667,15.147309300475122,0.04631865359651802,16.82602490449547,1.82,ba251452,ba,G,V
300647922553,2457361.1378406,3.345262827274488,0.07226746767629291,15.148705792866583,0.023481442073810786,17.564999301488292,1.68,ba254724,ba,G,V
300647922553,2457363.0889019,3.3363128298343954,0.07949988780205364,15.15161449062404,0.0259007251212293,17.461440104330844,1.71,ba255551,ba,G,V
300647922553,2457365.9799063,6.265888487655646,0.09280082131180745,14.467324750538172,0.01609834872521918,17.293476844034757,1.88,ba256775,ba,G,V
300647922553,2457366.9876279,4.3942544037683,0.049872981080114544,14.852568412931497,0.012336509692546498,17.967693072993193,2.12,ba257218,ba,G,V
300647922553,2457369.9578974,3.198731659717998,0.06110751871406099,15.197336882449736,0.02076486028196572,17.74711977006995,1.68,ba258150,ba,G,V
300647922553,2457374.948285,3.3026287785538315,0.07915700786504655,15.16263200214281,0.02605204269368222,17.466132969894705,2.06,ba259366,ba,B,V
300647922553,2457380.1013145,3.2708709562512013,0.09554026385542629,15.173122878271739,0.031749376320658926,17.26189030280543,1.77,ba260140,ba,G,V
300647922553,2457380.9314047,3.5811693029878153,0.17322792814835045,15.074719271621893,0.052578141472147996,16.615811615828534,2.11,ba260448,ba,G,V
300647922553,2457389.0705852,7.721912979725342,0.11321796705609674,14.240469146675716,0.015936855024497768,17.077568012629783,1.74,ba262966,ba,G,V
300647922553,2457389.9609877,4.2276399785631185,0.04858439378721008,14.894536414161221,0.012491395660351083,17.99611442322399,1.76,ba263248,ba,G,V
300647922553,2457392.0489559,3.6019707240234133,0.06116090869369275,15.068430957882574,0.01845635449969545,17.74617157046077,1.67,ba264030,ba,G,V
300647922553,2457394.9595895,3.065407661161461,0.06978953901401416,15.243560808343391,0.02474652736781771,17.602880569531855,1.74,ba264852,ba,G,V
300647922553,2457397.001983,5.961732663576067,0.07736789398400944,14.521350160841056,0.014105888620758298,17.490954455739093,1.72,ba265757,ba,G,V
300647922553,2457398.9685928,3.821044320804585,0.04809708676616687,15.00432621662335,0.01368197742499087,18.00705946364122,1.68,ba266579,ba,G,V
300647922553,2457401.9171931,3.184235143639251,0.06336836822287015,15.202268576408311,0.021631147828201594,17.707675083924737,1.63,ba267413,ba,G,V
300647922553,2457403.8637226,6.405017822814104,0.0986007002331405,14.443480548105608,0.016732923643820383,17.227656395717702,1.75,ba268217,ba,G,V
300647922553,2457404.9371677,4.452135789090289,0.06650202097215666,14.838360400157438,0.016235983992592497,17.655269284790645,1.71,ba268708,ba,G,V
300647922553,2457406.0739984,3.197628408626755,0.06351684293970372,15.197711420359354,0.02159101616914917,17.705134134547627,1.66,ba269247,ba,G,V
300647922553,2457406.854889,3.534017006297579,0.10994740968599512,15.089109816828225,0.03381649092054577,17.109393888614782,1.70,ba269509,ba,G,V
300647922553,2457408.1012981,6.28172697261549,0.08664982622046366,14.464583763497716,0.014993423644243508,17.367937153535355,2.00,ba270131,ba,G,V
300647922553,2457408.8734233,2.9639006562045678,0.14069414447646475,15.280122297261936,0.05159701206214981,16.84166633620376,1.73,ba270360,ba,G,V
300647922553,2457410.8448281,7.874733017268882,0.24547657945356124,14.219191808233504,0.033883354316411055,16.237331236025256,1.69,ba271203,ba,G,V
300647922553,2457415.9947314,5.316014592696046,0.11125438108135056,14.645815993442085,0.022747995322393362,17.0965635885447,1.63,ba273479,ba,G,V
300647922553,2457417.9917188,3.6797893358465816,0.0724898368938226,15.045224013334675,0.02141244886058645,17.561663587260647,1.76,ba274307,ba,G,V
300647922553,2457418.9125816,3.5290782355988495,0.05889120094863876,15.090628188829418,0.0181384969872481,17.78723036659535,1.65,ba274675,ba,G,V
300647922553,2457422.0423459,4.747030401808848,0.06535092763278198,14.768726371726492,0.014963800730049482,17.67422700214341,1.69,ba276032,ba,G,V
300647922553,2457424.0413443,3.3876590615838693,0.07913582221964126,15.135032164776609,0.025391338532340643,17.46642359610137,1.68,ba276984,ba,G,V
300647922553,2457428.0445127,5.06194862660533,0.06430793324568103,14.698987071473175,0.013808897046794858,17.69169501298777,1.66,ba278108,ba,G,V
300647922553,2457429.9049379,4.894214937923571,0.05690699222681788,14.73557380894508,0.012638477696228969,17.82444231385117,1.68,ba278829,ba,G,V
300647922553,2457430.8975828,3.7206527625497676,0.06230090493101872,15.03323355326411,0.018200670486275872,17.72612050641531,1.87,ba279247,ba,G,V
300647922553,2457431.8840066,3.4357881363641005,0.060633094676058465,15.119715465138192,0.01918207266444315,17.755582056363632,2.24,ba279656,ba,G,V
300647922553,2457432.8719912,3.1743131108467106,0.07203397285749469,15.205656997330854,0.024666059663959343,17.568512973960452,1.72,ba279950,ba,G,V
300647922553,2457433.8435066,3.474303682136978,0.07338083156259982,15.107611962998531,0.02295762855955889,17.548399821331735,1.75,ba280105,ba,G,V
300647922553,2457434.8248858,3.298276300553744,0.08323189009949582,15.164063819014387,0.027429310802473617,17.4116320010072,1.99,ba280496,ba,G,V
300647922553,2457437.7709385,4.569748453222164,0.12880834862278376,14.810050668228724,0.03063824541398135,16.937496362606137,2.02,ba281527,ba,G,V
300647922553,2457442.9504178,4.029889052258403,0.14391687235041783,14.946548680389547,0.03881778901628033,16.817077113158987,1.76,ba283732,ba,G,V
300647922553,2457445.9779586,5.500454913153359,0.09300681830526714,14.608784881644016,0.01837927395448098,17.29106942434022,1.74,ba284921,ba,G,V
300647922553,2457447.9933657,4.165220728405677,0.06575166375270589,14.910686351991579,0.01715856238873524,17.667589527408285,1.70,ba285660,ba,G,V
300647922553,2457448.9369905,4.179139782311404,0.05343138951180126,14.907064160750261,0.013897021952042607,17.892865222703062,1.80,ba286013,ba,G,V
300647922553,2457449.9144021,3.587139732025295,0.05135825533911893,15.072910668663727,0.01556231280527245,17.93583073830021,1.83,ba286388,ba,G,V
300647922553,2457450.7226114,5.629685703362366,0.12356470518676078,14.583571030668177,0.023857364200510413,16.982620300362953,1.64,ba286651,ba,G,V
300647922553,2457452.7688197,3.170312498803667,0.06889318196799545,15.207026222303053,0.023620350824005872,17.616915783762447,1.73,ba287511,ba,G,V
300647922553,2457454.7848528,6.558176175635982,0.088508275601743,14.417823706605686,0.014669421012293776,17.344896694894448,1.76,ba288346,ba,G,V
300647922553,2457458.8862692,3.2552000480180103,0.06269806914911104,15.17833719638804,0.020935756376500324,17.71922097743741,2.09,ba289669,ba,G,V
300647922553,2457461.8322383,5.181401021216072,0.07435916487083799,14.673663388592965,0.01559909740174154,17.534020134782303,1.75,ba290718,ba,G,V
300647922553,2457464.8608484,3.028880451643916,0.08376880357845472,15.256576073789642,0.030061618086797314,17.404650611904707,1.71,ba291724,ba,G,V
300647922553,2457472.9195855,6.133857901381514,0.12838067891643168,14.490447127569357,0.02274982864896226,16.941107223584837,2.15,ba294403,ba,G,V
300647922553,2457475.8386659,3.374885062613189,0.0668416902551858,15.139133937542228,0.02152784755599491,17.649737834788027,2.01,ba294884,ba,G,V
300647922553,2457478.8619856,7.052297157725601,0.0921351116059575,14.338954895575867,0.014200601336197239,17.301293478044094,1.82,ba295813,ba,G,V
300647922553,2457481.8840873,3.4416268979734954,0.06137675670649456,15.117871936323464,0.019384398124213505,17.74234655479974,1.67,ba296874,ba,G,V
300647922553,2457482.8589005,3.1971938835296108,0.06395810488442445,15.197858970864752,0.021743967289669885,17.697617426505463,1.73,ba297247,ba,G,V
300647922553,2457488.7543817,3.926924355624269,0.05367609110468316,14.974650065684834,0.014857321405780968,17.88790419029948,1.65,ba298459,ba,G,V
300647922553,2457490.8735999,4.781870325982959,0.05904364375908104,14.760786917494217,0.013421081977580115,17.784423515557503,1.82,ba299324,ba,G,V
300647922553,2457498.7991369,7.641083181249249,0.19474402656042353,14.251894085860782,0.0277026548093386,16.488696030403787,1.68,ba301563,ba,G,V
300647922553,2457501.8419711,3.4801629956090756,0.13390093307613232,15.105782442325921,0.041821171208845806,16.895397385269334,1.78,ba302733,ba,G,V
300647922553,2457503.8347457,5.048372879144598,0.0947867826585934,14.701902842128934,0.020408379898214847,17.270486937954036,1.73,ba303329,ba,G,V
300647922553,2457505.8088112,5.116575703513961,0.07022032425546847,14.687332893971945,0.014917484628576576,17.596199317252232,1.79,ba304050,ba,B,V
300647922553,2457508.81396,3.0787821810434233,0.0666219157414492,15.23883399365647,0.023520704469382432,17.653313601535004,1.83,ba305093,ba,G,V
300647922553,2457510.7760478,5.063009418903297,0.06251470126128707,14.698759566212873,0.01342102228505202,17.722400993281983,1.81,ba305593,ba,G,V
300647922553,2457512.8071043,4.3652057009057925,0.053850099155293124,14.859769620230075,0.01340892514206123,17.884390125401737,1.71,ba306359,ba,G,V
300647922553,2457524.7657321,5.920831520817151,0.5063988889017585,14.528824646348575,0.0929655864987776,15.451124533382984,2.02,ba308767,ba,B,V
300647922553,2457526.7548042,3.6835080937725593,0.10677894738769377,15.044127333348882,0.03150911313150481,17.141142305358954,1.69,ba309095,ba,G,V
300647922553,2457530.7525203,6.499138126964188,0.1272442583265073,14.42764198657197,0.02128112585698517,16.95076090698743,1.74,ba310341,ba,G,V
300647922553,2457669.1426327,7.611931154461615,0.19671598112245528,14.256044275294508,0.028090337953994255,16.477757285549075,1.81,ba343050,ba,G,V
300647922553,2457670.1231133,5.4411083606963775,0.08298793664503862,14.620562966896191,0.016578291219778933,17.41481897687097,1.70,ba343440,ba,G,V
300647922553,2457672.118025,3.5752801780225667,0.0827626767425296,15.076506201760754,0.02516150532617424,17.417770072824197,1.69,ba344248,ba,G,V
300647922553,2457677.1229106,3.9093057631718606,0.18478056687980854,14.979532305140712,0.05137701024892479,16.545715655858572,1.74,ba346143,ba,B,V
300647922553,2457679.1372139,3.031563711872177,0.12549394422503596,15.255614654828138,0.044995412954699256,16.965799470630422,2.01,ba346965,ba,G,V
300647922553,2457689.1388594,4.858074374438412,0.07932612327755306,14.743621006194692,0.017748605804493462,17.463815817343395,1.78,ba349817,ba,G,V
300647922553,2457692.0999955,3.4360498903077543,0.0717183215890634,15.119632751974002,0.022687300786670073,17.57328110044271,2.16,ba350737,ba,G,V
300647922553,2457697.1175329,3.453692422292542,0.08313275203458516,15.114072260240546,0.026163791080773983,17.41292599951197,1.71,ba352590,ba,G,V
300647922553,2457699.0563009,3.1681642645396133,0.07425849539883846,15.207762176978969,0.025477137272120576,17.5354910300579,1.64,ba353356,ba,G,V
300647922553,2457700.1240446,7.599679082465727,0.10901231735851862,14.257793271070584,0.015591664860707885,17.11866746399485,1.72,ba353829,ba,G,V
300647922553,2457704.0437948,3.1731084555098246,0.13351896692826268,15.206069113625807,0.04573726801759393,16.898498985096083,1.67,ba355313,ba,G,V
300647922553,2457706.0357522,3.2744880840868906,0.18715652569317962,15.1719228686087,0.062126048702652883,16.531843957408185,2.07,ba356155,ba,G,V
300647922553,2457708.0886273,4.786215802799049,0.1299742048925033,14.75980071361456,0.02951732965804509,16.927713470302773,2.12,ba357021,ba,G,V
300647922553,2457716.0751026,3.6469424906653494,0.0875236283979884,15.054959117279713,0.026086064953579593,17.357043109761573,2.14,ba359455,ba,G,V
300647922553,2457716.8390174,6.473307807387672,0.12112898824516478,14.43196575871955,0.02033920642464814,17.004236169420448,1.70,be255882,be,G,V
300647922553,2457718.1220952,3.7429528886501533,0.06961638789132639,15.026745502458985,0.020216654895084087,17.605577679240824,2.32,ba360063,ba,B,V
300647922553,2457720.8116593,3.0827990084044377,0.08563748377435552,15.237418377963728,0.030194709820554354,17.380696648071627,1.42,be257137,be,G,V
300647922553,2457722.0869439,3.4662042156302775,0.05742771285930614,15.110146039220929,0.018008583204505314,17.814552593108193,2.18,ba361597,ba,G,V
300647922553,2457726.7957383,3.0603452853370197,0.0814982856011915,15.245355332547666,0.028946110580792835,17.43448521114521,1.59,be258811,be,G,V
300647922553,2457728.7930935,4.729105019211407,0.07570574779431918,14.772834008272259,0.017400513620206077,17.514534259636374,1.46,be259442,be,G,V
300647922553,2457732.7812431,3.2965634944595594,0.08964594859722977,15.164627791965302,0.029558432179151557,17.331029725903704,1.65,be260280,be,G,V
300647922553,2457738.0004403,3.637814753489575,0.12477313197771253,15.057679954659317,0.037281439196675835,16.9720537021471,1.64,ba363279,ba,G,V
300647922553,2457744.9460693,3.278925705518175,0.06914367229193454,15.170452463368914,0.022920972380749433,17.61297528955705,1.68,ba363697,ba,B,V
300647922553,2457746.850734,5.082097478750654,0.09443825564926527,14.694673927230571,0.02019840790320121,17.274486501898227,1.52,be263716,be,G,V
300647922553,2457747.7376946,3.3356082425783935,0.08303957494267374,15.151843808653373,0.027059654786262925,17.414143599994375,1.61,be263892,be,G,V
300647922553,2457751.72315,3.4770672478351132,0.08232098712261825,15.106748679044617,0.025734139563922547,17.423579969996304,1.65,be264890,be,G,V
300647922553,2457754.7274503,6.116859659841158,0.10321051963612249,14.493460113218434,0.018340350060194306,17.17804648215716,1.60,be265840,be,G,V
300647922553,2457757.8981372,3.3222908133549733,0.06573917015071024,15.15618729125184,0.021507936464139427,17.667795849866707,1.63,ba367457,ba,G,V
300647922553,2457760.8877912,4.893400542133392,0.09843013681020789,14.735754490133104,0.021863993805601254,17.229536171823035,2.24,ba368532,ba,G,V
300647922553,2457762.0586721,3.2036446841271875,0.060721837806807226,15.19567054818993,0.020602159141776554,17.75399412507512,1.64,ba368866,ba,G,V
300647922553,2457762.8848249,3.113749481597363,0.11190191596689536,15.226572233917866,0.03906303897413198,17.090262587393454,1.67,ba369160,ba,G,V
300647922553,2457765.6860112,3.6942838261883506,0.18993252549360293,15.040955758096308,0.0558831987440073,16.51585803616783,1.50,be269209,be,G,V
300647922553,2457771.0625635,4.700019483866435,0.09209359796894552,14.779532258763792,0.02129815360689078,17.30178279221844,1.81,ba372418,ba,G,V
300647922553,2457772.9269205,4.292697351638054,0.06622012559192732,14.877955728360819,0.016767638500082796,17.659881393446646,2.42,ba373061,ba,G,V
300647922553,2457777.043854,5.1968011417198055,0.06497490348877005,14.670441157921701,0.013590070732072867,17.680492285954045,1.65,ba374438,ba,G,V
300647922553,2457780.0283817,3.355263228158873,0.05768114743042108,15.14546491139717,0.01868613432612738,17.809771666021962,1.77,ba375626,ba,G,V
300647922553,2457783.0411445,5.761737744877781,0.07587521940871454,14.558397687629137,0.014313921984388956,17.512106493835834,1.71,ba376900,ba,G,V
300647922553,2457785.0044279,3.817454068481661,0.04785766594028171,15.005346853669954,0.013626674002050735,18.012477608984987,1.71,ba377629,ba,G,V
300647922553,2457787.9977476,3.3546543509957223,0.053644856063059,15.14566195703128,0.017381709128450613,17.888536182793043,1.79,ba378699,ba,G,V
300647922553,2457789.8047526,3.24385112875782,0.10103410049309205,15.182129117613217,0.03385472085183723,17.20118644544656,1.64,ba379380,ba,G,V
300647922553,2457790.7760539,3.6379993447846393,0.06313359614344626,15.057624863242886,0.01886297043108062,17.71170507413752,1.58,be276648,be,G,V
300647922553,2457791.6489058,3.287619062188087,0.11880964906600694,15.167577679772482,0.03928098738175688,17.025227110962334,1.47,be276890,be,G,V
300647922553,2457798.9481017,3.3673892788428024,0.1165043468271643,15.14154809239961,0.03760633211918456,17.046501070232505,1.78,ba381795,ba,G,V
300647922553,2457800.9031543,3.2118234221043127,0.081200521692915,15.192902252379046,0.02748016469875135,17.438459344969743,1.67,ba382505,ba,G,V
300647922553,2457802.927051,6.442033308454324,0.08342741088348064,14.437223989507546,0.014076606563427917,17.409084479325603,1.67,ba383288,ba,G,V
300647922553,2457805.7317096,5.720242364772784,0.11764682595832056,14.566245329276768,0.022355168991582474,17.0359058570214,1.43,be281453,be,G,V
300647922553,2457808.0078487,6.6749807676277415,0.0875086138130906,14.398656357712042,0.014249937461062423,17.35722938262487,1.74,ba385038,ba,G,V
300647922553,2457816.8656698,5.0900484431915105,0.06552358672450737,14.692976615418392,0.013992261706901621,17.67136223757644,1.69,ba386204,ba,G,V
300647922553,2457817.7316808,6.854694101513256,0.1267329569044582,14.369811207829734,0.020096186932130836,16.955132474058367,1.57,be283833,be,G,V
300647922553,2457818.5368704,3.382531823985923,0.10138935540000611,15.136676676326976,0.03258086747491361,17.197375488770028,1.82,be284053,be,G,V
300647922553,2457825.9132339,3.332609881033574,0.13383427258013392,15.152820210397653,0.04365108446719015,16.895938036733163,1.73,ba388451,ba,G,V
300647922553,2457827.9176896,7.099796803479979,0.13556693045074117,14.331666606096132,0.020754869929990347,16.881971986853557,1.75,ba389225,ba,G,V
300647922553,2457829.6267606,3.035006957480576,0.13559317610482943,15.254382177033314,0.04856130122113897,16.88176180949884,1.41,be287848,be,G,V
300647922553,2457830.8610579,3.639154915613512,0.053134928335389686,15.05728004573546,0.015870540888077683,17.898906145752708,1.75,ba390253,ba,G,V
300647922553,2457831.4895486,3.196192023144552,0.21503466952450564,15.198199246304702,0.0731286902498815,16.38108517912824,1.88,be288500,be,G,V
300647922553,2457832.9418984,4.832795131624704,0.06657867404230293,14.749285441442563,0.014974382730495754,17.65401853955433,1.70,ba391101,ba,G,V
300647922553,2457833.6923918,3.2052227524356693,0.09133930786993384,15.195135862163829,0.03097502546583321,17.310712102711207,1.44,be289340,be,G,V
300647922553,2457837.9276655,3.189020114134677,0.06463898155802515,15.200638258314461,0.022031771531217013,17.686120130820576,2.22,ba392838,ba,G,V
300647922553,2457840.9125893,5.900738574433186,0.07620322713525172,14.532515469171862,0.014037157157091404,17.50742298444359,1.63,ba393978,ba,G,V
300647922553,2457841.9090438,4.324210561605592,0.047655299480369374,14.870014321565336,0.011978889054464932,18.01707838585251,1.74,ba394251,ba,G,V
300647922553,2457842.9053628,3.535081637954512,0.05860104640390695,15.088782785278214,0.018018477674060354,17.792592966115283,1.72,ba394549,ba,G,V
300647922553,2457845.8108897,3.161624932841163,0.07665133890811088,15.210005535007012,0.026352484717830135,17.501057030426146,1.71,ba395361,ba,G,V
300647922553,2457854.8452216,3.9808650906564846,0.11231651151917076,14.959837754940214,0.030667496113167218,17.0862473784786,1.76,ba398506,ba,G,V
300647922553,2457859.8602375,6.90290770034091,0.09694042777650055,14.362201238466412,0.015264586282479857,17.24609406408765,1.66,ba399703,ba,G,V
300647922553,2457868.8395389,3.441668001698901,0.06318969231689864,15.117858969334987,0.019956732647262165,17.71074079191828,1.85,ba401129,ba,G,V
300647922553,2457870.794048,3.4015284070832132,0.06471505039072949,15.130596148961127,0.020679658570659426,17.684843159488533,1.77,ba401808,ba,G,V
300647922553,2457873.5799265,3.273617370750636,0.09699170712568958,15.172211613194513,0.032204670453195326,17.245519885421526,1.43,be302405,be,G,V
300647922553,2457880.7894982,4.078876810963713,0.11632858870792165,14.933429931814217,0.030999739394166583,17.048140245456143,2.10,ba403850,ba,G,V
300647922553,2457883.7790489,3.0373387852916576,0.1433853168982737,15.253548314763464,0.051312552316828505,16.821094692414217,1.68,ba404707,ba,G,V
300647922553,2457889.7695784,3.289263969991608,0.06753299203837454,15.167034584818754,0.02231667230065918,17.638566414942538,1.66,ba405924,ba,G,V
300647922553,2457893.7594994,4.096717182857596,0.053214407238493217,14.92869144591793,0.014119048110129892,17.89728332153451,2.27,ba407173,ba,G,V
300647922553,2457894.4969444,4.6775565097853375,0.09157834302621357,14.78473379717629,0.021280700082226097,17.307874440300342,1.44,be308438,be,G,V
300647922553,2457896.752889,3.587200484234823,0.07115388435522974,15.072892280666668,0.021560316739165,17.581859859681877,2.15,ba408225,ba,G,V
300647922553,2457901.5482851,5.570516612663572,0.11005816554742044,14.595042720162102,0.021475286608150432,17.108300719419688,1.85,be309838,be,G,V
300647922553,2457907.5366163,6.737392339412736,0.4125166203766909,14.388551808481779,0.06655210328500966,15.673752766053163,1.41,be312232,be,B,V
300647922553,2457910.5192002,2.815383157606301,0.14813453019878411,15.335937633981672,0.05719143174502387,16.7857156324712,1.45,be313415,be,G,V
300647922553,2457911.5180503,3.384234498025493,0.09022259223769336,15.136130283914204,0.028977907736059107,17.32406814140714,1.42,be313827,be,G,V
300647922553,2457913.4731467,3.8154389617283364,0.14720285354131982,15.005920128940733,0.04193569947790978,16.79256582136962,1.49,be314255,be,G,V
300647922553,2457917.4808282,3.304584464015906,0.09371239961848919,15.161989262610922,0.030824239792422548,17.282863747044313,1.54,be316032,be,G,V
300647922553,2457923.4775923,3.04175335389873,0.09808193079367643,15.251971415549605,0.03504912526990578,17.23338387725043,1.45,be317857,be,G,V
300647922553,2458033.1281944,3.2820078073896566,0.201023972187561,15.169432379922496,0.06657641615086902,16.45423676793673,2.00,ba443883,ba,G,V
300647922553,2458044.1260436,5.429437838661586,0.08638731246265775,14.622894241321129,0.017294470526611476,17.37123148574556,2.12,ba445729,ba,G,V
300647922553,2458061.9920459,2.7951465399364555,0.08544268906001078,15.284054168812439,0.033226339578896896,17.323453341305573,1.82,bq012019,bq,G,g
300647922553,2458062.97619,3.6819940667095916,0.07892312722793493,14.984857911453062,0.023298790357126658,17.40962989823153,2.17,bq012221,bq,G,g
300647922553,2458063.9568986,7.713243113597183,0.10524506424269692,14.181973072033001,0.01483122044445745,17.09713626757017,1.52,bq012641,bq,G,g
300647922553,2458064.9635591,4.8147769242043275,0.13723720324424044,14.693625196243197,0.030981886687557622,16.808960963964974,1.47,bq012940,bq,B,g
300647922553,2458073.0050367,2.8870963062065202,0.06250213683086069,15.248912444571713,0.023531291666609142,17.66290344816248,1.53,bq015666,bq,B,g
300647922553,2458075.0468168,6.9178315144881575,0.10429740644831896,14.359856453375171,0.01638761306950752,17.166672621152998,1.79,ba453972,ba,G,V
300647922553,2458077.8355536,7.439673678064786,0.14475959949948775,14.280896687602505,0.021149770483111043,16.8107379614447,1.62,be363884,be,G,V
300647922553,2458077.9900489,3.5813270164676694,0.05603515468601815,15.014955674986275,0.017007041399057413,17.78148917357045,2.18,bq017495,bq,G,g
300647922553,2458079.9860249,2.8430871194336684,0.04625527052131351,15.265590202822557,0.01768411091390141,17.98973754832691,1.67,bq018069,bq,G,g
300647922553,2458081.9554758,3.7969662419551446,0.03398338094016923,14.951473782446811,0.009728413472710189,18.32447415196244,1.59,bq018996,bq,G,g
300647922553,2458082.1077142,4.499225978503127,0.051748136415025896,14.826936887955446,0.012501700210859832,17.927619607834938,1.75,ba455896,ba,G,V
300647922553,2458082.9516199,7.0973532177653995,0.0805302136694389,14.272324573452238,0.012333166781940434,17.38774348294199,1.50,bq019328,bq,G,g
300647922553,2458083.9364374,4.888489137052355,0.05334229236577074,14.677128986144307,0.01186066920595654,17.834961422933223,1.70,bq019793,bq,G,g
300647922553,2458084.9326993,3.4640177891196324,0.03446288827042421,15.051115338214096,0.010813934409102676,18.30926143132153,1.49,bq020247,bq,G,g
300647922553,2458085.825603,4.648839484399938,0.10840425540064476,14.791420026821614,0.025346263898206954,17.124740566843894,1.42,be366125,be,G,V
300647922553,2458085.9289678,2.8871883301692325,0.0449058167047538,15.248877838121107,0.016905953041308215,18.021884113100807,1.55,bq020718,bq,G,g
300647922553,2458088.5580369,4.518472521114528,0.09069092395437586,14.762586508575843,0.02181646359341836,17.25873104521864,1.99,bm007361,bm,G,g
300647922553,2458088.852963,3.2415486707612216,0.2830312816987367,15.123184255349207,0.09490608617836432,16.02305451628553,1.60,bq021937,bq,B,g
300647922553,2458089.8361965,4.015990840295364,0.13693096073490998,14.890583838292983,0.037061339708600684,16.81138647328212,1.44,bi026131,bi,B,g
300647922553,2458090.5478152,2.804222778786433,0.12550588385354314,15.28053434034885,0.04864786064903159,16.905980395201794,1.74,bm008077,bm,G,g
300647922553,2458100.1677309,4.938382923473648,0.18199736067110153,14.725819499000325,0.04005829867514893,16.562193668965463,1.87,ba458905,ba,G,V
300647922553,2458101.1563814,3.8432606585416433,0.05554689575876487,14.998031803798881,0.015709853161576526,17.85070691021511,1.66,ba459165,ba,G,V
300647922553,2458104.8471515,3.3929306255812266,0.04722999109974596,15.07362817272387,0.015130561898463712,17.967095952101936,1.47,bi030102,bi,G,g
300647922553,2458106.7870798,2.764100856849274,0.05455749952617976,15.296180908328951,0.021454220736126458,17.810504467533153,1.56,bi030641,bi,G,g
300647922553,2458106.8449073,3.22073717986455,0.10637529949855298,15.18989318761798,0.03590026726327545,17.145254404062,1.44,be371804,be,G,V
300647922553,2458107.7725808,2.7782059507788857,0.051290106844895496,15.29065452924307,0.02006694864364757,17.877556602025987,1.45,bi030961,bi,G,g
300647922553,2458108.7923672,3.183435224577345,0.04153099188381538,15.142825578737053,0.014180399253577222,18.106709852742636,2.06,bi031328,bi,G,g
300647922553,2458109.7509917,5.304094609118461,0.06391879618456041,14.588537467344532,0.013098739274952193,17.638569143711052,1.78,bi031648,bi,G,g
300647922553,2458110.7513085,6.041743141031725,0.07358664627620513,14.44715997800089,0.013238809266752914,17.485643085609862,1.82,bi032001,bi,G,g
300647922553,2458110.8916657,3.2111665010497923,0.038705986047893756,15.13340856078543,0.013101694960802514,18.18319527211646,1.55,bq028317,bq,G,g
300647922553,2458114.7729138,3.0713029814561463,0.12563373190891672,15.181758968927712,0.04446269387075524,16.904874960091554,1.51,bq029913,bq,B,g
300647922553,2458115.7445389,3.4655061701237915,0.042209393214382544,15.050648931235191,0.013238982411445435,18.08911783906016,1.45,bi033756,bi,G,g
300647922553,2458116.4810807,2.8227816917830246,0.07463213416572718,15.27337239230645,0.028738277989717963,17.4703259594498,1.59,bm013970,bm,G,g
300647922553,2458116.7762586,5.939859854894314,0.08854713995722524,14.46562512639662,0.016203562644419665,17.284704265974057,1.57,bq030577,bq,G,g
300647922553,2458117.7298413,5.051810311927982,0.09049195197138822,14.641448034611596,0.019470409870291822,17.26111572060701,1.52,bi034293,bi,G,g
300647922553,2458117.7774559,3.9844922487055494,0.06914260222184643,14.899133156530944,0.01886187692784852,17.55327631034689,1.56,bq031047,bq,G,g
300647922553,2458118.0151743,3.3744914153968053,0.11736308428243832,15.139260585399734,0.037803791495855624,17.038527608246113,1.69,ba462128,ba,G,V
300647922553,2458118.5733473,7.4252181536670605,0.08844434419108098,14.22329257780001,0.012947115457066805,17.285965446398475,1.55,bm014764,bm,G,g
300647922553,2458118.722662,3.8547647123861037,0.09802999770817027,14.935070935595514,0.027642243634893714,17.174243130230586,2.09,bi034632,bi,G,g
300647922553,2458121.7971844,6.542168575860121,0.15406783378322128,14.360761295653532,0.02559778684682938,16.68336067052923,2.20,bq032560,bq,B,g
300647922553,2458125.7611291,2.749839667840459,0.07009638426837031,15.301797190799377,0.0277076961693091,17.53840156983487,1.43,bi036674,bi,G,g
300647922553,2458126.1232937,4.104833971648574,0.08068656313340992,14.926542414797382,0.021365732845792303,17.44535335126116,2.00,ba465335,ba,G,V
300647922553,2458127.1235885,3.317790632957,0.06676938270767875,15.157658962819003,0.02187462200468149,17.650912990830548,2.03,ba465761,ba,G,V
300647922553,2458127.5458935,3.2529912072482676,0.062332355742890776,15.119358398790723,0.020827772432687,17.665856759926726,1.58,bm017240,bm,G,g
300647922553,2458127.7454842,2.650683063503836,0.05781706284814607,15.341671114341382,0.02370884486186804,17.74750054795004,1.37,bi037204,bi,G,g
300647922553,2458128.0930352,3.2254188180491683,0.07135649617429055,15.188316115958537,0.02404692638706992,17.57877260196959,1.65,ba466148,ba,G,V
300647922553,2458128.5494089,2.7213192801425885,0.06638141048842996,15.313116875817476,0.02651423799447033,17.597524421027448,1.48,bm017626,bm,G,g
300647922553,2458128.7268358,5.433896467526555,0.06324558654835356,14.562287223501116,0.012651180084268614,17.65006504984912,1.38,bi037547,bi,G,g
300647922553,2458128.8544893,4.456434424901167,0.04516354405759886,14.777596821299637,0.01101571437559038,18.015670575460724,1.60,bq035340,bq,B,g
300647922553,2458129.086708,3.2629153527834207,0.06692851881765864,15.175766886072362,0.022295518624820092,17.6483283591241,1.66,ba466546,ba,G,V
300647922553,2458129.7059174,7.029292813299387,0.08784697472003981,14.282786535454793,0.013583989829864685,17.29332358687574,1.38,bi037888,bi,G,g
300647922553,2458130.0831603,3.633279567171613,0.05831012867383938,15.059034363336231,0.01744445300002533,17.79799639421125,1.62,ba466909,ba,G,V
300647922553,2458130.5295758,2.7199768896983105,0.06209404063012351,15.31365258712241,0.024814005839414843,17.670015807685285,1.53,bm018374,bm,G,g
300647922553,2458131.0526256,6.720664622435632,0.08595207543488809,14.39125084554923,0.013901328841656554,17.37671547416065,1.63,ba467271,ba,G,V
300647922553,2458131.5440696,7.7679503473488545,0.09328637460655533,14.174299520023775,0.013053409037636472,17.228095072957913,1.55,bm018615,bm,G,g
300647922553,2458132.0762987,5.364861627603004,0.0655927468702733,14.63588509209079,0.013289525236326077,17.670216847386072,1.65,ba467694,ba,G,V
300647922553,2458132.719297,2.8749922639830188,0.05847501078824919,15.253473921208549,0.022107814038775056,17.735214834928104,1.82,bi038537,bi,G,g
300647922553,2458132.8446202,3.022813144543113,0.040020337881804924,15.199037367141148,0.014390690122993481,18.146938734051027,1.99,bq036391,bq,G,g
300647922553,2458132.9896138,5.731416294517895,0.08223905265748095,14.564126519367244,0.015596541942555903,17.42466114647982,1.67,ba468041,ba,G,V
300647922553,2458133.7120484,2.818348982861954,0.05885336509080187,15.275078700431148,0.02269805811868634,17.728212361990373,1.80,bi038892,bi,G,g
300647922553,2458133.8413507,7.526792717559285,0.08477784608022178,14.208540732176537,0.01224290825505484,17.331934665414554,1.72,bq036864,bq,G,g
300647922553,2458133.9637156,4.572164539235288,0.061260008796930804,14.809476776938904,0.014563554201126224,17.744413756588944,1.72,ba468427,ba,G,V
300647922553,2458134.7414172,5.066885513906779,0.05489794725576431,14.638212893448317,0.011776796936888842,17.80375034740992,1.36,bi039275,bi,G,g
300647922553,2458134.9826204,3.5616138668591537,0.06524359457896406,15.08066432064502,0.01991146521783048,17.67601169275314,1.82,ba468777,ba,G,V
300647922553,2458135.7293,6.59484849633637,0.07961652748513105,14.35205356494203,0.01312231870622369,17.400132532219676,1.45,bi039603,bi,G,g
300647922553,2458135.9870407,3.244085329654774,0.061788262556516434,15.182050732014114,0.020702647473173078,17.73509143536725,2.00,ba469194,ba,G,V
300647922553,2458136.7278104,4.287653847038411,0.041837993877258235,14.819516331217192,0.010606285377439949,18.09871348136181,1.44,bi039960,bi,G,g
300647922553,2458137.0069342,3.2276226100959127,0.07666042101649997,15.18757453172029,0.02581669378647586,17.500928393537365,2.09,ba469622,ba,G,V
300647922553,2458137.824773,2.8563440032133336,0.044334560110606595,15.260539346226594,0.016871125885553975,18.035784602107707,1.68,bq037518,bq,G,g
300647922553,2458138.8218495,2.628461770502165,0.05268341882527554,15.35081146020361,0.021786349081541704,17.84845573592405,1.59,bq037981,bq,G,g
300647922553,2458138.9843807,6.331363334557022,0.08179863978932808,14.456038312363333,0.014043036276739099,17.43049118880489,1.61,ba470235,ba,G,V
300647922553,2458139.6911549,2.655207536999905,0.05762699374517771,15.339819441835225,0.02359063681715635,17.751075701129036,1.46,bi041011,bi,G,g
300647922553,2458139.8819232,7.679907348211689,0.08676621571018053,14.186675670641966,0.012280239820180358,17.306763970930866,1.49,bq038485,bq,G,g
300647922553,2458140.724266,2.9808076520407893,0.05004998705188061,15.214230741201376,0.018250811923994692,17.904130687787834,1.44,bi041399,bi,G,g
300647922553,2458141.86516,3.5380997956775997,0.033720139064112,15.028140426130008,0.010359324831499695,18.33291721890236,1.51,bq039089,bq,G,g
300647922553,2458141.9400923,3.2237430507826343,0.06270193337629874,15.1888803571018,0.021141348530390607,17.719154063062962,1.69,ba470881,ba,B,V
300647922553,2458146.6384589,2.2396818708358577,0.09629560135473458,15.524599785768753,0.04673392827359776,17.19362448737425,1.44,bi043508,bi,G,g
300647922553,2458147.391588,3.769389216758443,0.10839583152003032,14.959388162736802,0.03125746619006774,17.065109158303834,1.65,bm022160,bm,G,g
300647922553,2458147.6371983,2.5987691638730057,0.1130223974961438,15.363146359955678,0.047272544929669334,17.019729322531955,1.51,bi043874,bi,G,g
300647922553,2458147.9423958,3.0989394931512377,0.12848101677247975,15.231748662730553,0.04506486151445035,16.940258981512248,1.71,ba471631,ba,G,V
300647922553,2458148.4059075,3.2015165034754007,0.12349441376137613,15.136676260013246,0.04192796079313098,16.92352232934527,1.62,bm022486,bm,G,g
300647922553,2458148.6939633,6.610093126639997,0.15392486431024324,14.349546677009519,0.02531123721170256,16.684368662894617,1.71,bq042232,bq,G,g
300647922553,2458148.7000646,6.1537301404050915,0.13084683528963736,14.427219504261299,0.023111969118235445,16.860732553705688,1.69,bi044293,bi,G,g
300647922553,2458148.9921365,3.0953406587318004,0.1414483292600634,15.233010273496602,0.04967084432035417,16.835861838468375,1.82,ba472092,ba,G,V
300647922553,2458153.4486947,3.463751750712597,0.08227962734218064,15.051198726533773,0.025820088731084493,17.364409821350254,1.53,bm023863,bm,G,g
300647922553,2458153.7265068,6.627949510696188,0.09769266258620209,14.346617643625192,0.01602119577899122,17.177985745594306,1.59,bq043319,bq,G,g
300647922553,2458153.7406635,7.35839604890659,0.1198235848175619,14.233107724693614,0.017699920758541397,16.956284840348616,1.55,bi045883,bi,G,g
300647922553,2458153.7646274,7.288034585662162,0.21918651261185815,14.303255342187446,0.03269004922526301,16.36032182661029,1.40,be384171,be,G,V
300647922553,2458157.7980212,2.747283722385593,0.06108326752634096,15.302806839854245,0.024167455099700672,17.68783495965675,1.43,bq044972,bq,B,g
300647922553,2458158.6627637,3.27744912763273,0.11428002534854358,15.170941506212642,0.037900639802404386,17.06743057357214,1.39,be384902,be,G,V
300647922553,2458158.8059581,5.171612233992732,0.05675727386583783,14.616000736899842,0.011929101833873693,17.767586792710464,1.49,bq045434,bq,G,g
300647922553,2458159.7916195,6.71956089364949,0.07576545404839362,14.331713387451162,0.01225582381108542,17.453962535885765,1.60,bq045882,bq,G,g
300647922553,2458160.7885662,4.475495439982162,0.060928982905185926,14.772962824861688,0.014797726021588303,17.69058079030433,1.66,bq046315,bq,B,g
300647922553,2458161.7795681,3.3821623045011098,0.041384880044373115,15.077079510152544,0.013300238491144294,18.110536359647565,1.57,bq046667,bq,G,g
300647922553,2458162.0385442,4.787800780518259,0.06062029123958187,14.759441226518579,0.013762398214375264,17.75581134735579,1.70,ba474517,ba,G,V
300647922553,2458162.7743537,2.8437414743271985,0.04945678670784878,15.265340342363396,0.018903749634651947,17.91707587122854,1.49,bq047041,bq,G,g
300647922553,2458164.7804437,3.0373179547543936,0.04570812527942432,15.193839978700376,0.0163574395598491,18.00265708881926,1.54,bq047659,bq,G,g
300647922553,2458165.7677748,7.129451243873823,0.0805139644034297,14.267425363896999,0.012275163361917921,17.387962583274305,1.51,bq048023,bq,B,g
300647922553,2458166.6439959,3.343519735624324,0.041841220586309305,15.089555894703503,0.013602308701588154,18.09862974838551,1.41,bi049261,bi,B,g
300647922553,2458169.5981881,4.665790080366542,0.10293187296548699,14.787468415880841,0.02397931940518643,17.180981705320974,1.43,be388178,be,G,V
300647922553,2458170.7475377,2.9452620722911638,0.04863385836877234,15.227255760309736,0.017948450166321343,17.93529379718678,1.46,bq049097,bq,G,g
300647922553,2458171.7879148,7.279401065181286,0.09120757067694556,14.244826502566717,0.013619068779365256,17.252563390435785,1.47,bq049563,bq,G,g
300647922553,2458173.3472763,3.4448388891887665,0.06488014275993556,15.057143334011627,0.020471753998598508,17.622361119416862,1.67,bm029461,bm,G,g
300647922553,2458174.7721692,3.02475794401949,0.0507944407601887,15.198339057276124,0.018253146094398112,17.888100153532037,1.49,bi051652,bi,G,g
300647922553,2458175.570824,5.095046086170023,0.08326515597023003,14.632195330582736,0.017763451553683793,17.35148236169723,1.46,bi051867,bi,G,g
300647922553,2458176.3512113,3.2805754539076344,0.08901600917659468,15.11019054460657,0.02949376811267639,17.278970311913895,1.73,bm030291,bm,G,g
300647922553,2458176.6900977,3.019051877299633,0.08871485270748475,15.200389183024093,0.03194022217722778,17.28264977187126,1.56,bq051590,bq,G,g
300647922553,2458176.7401238,2.6945446226356538,0.09427124539651288,15.323852172118137,0.03802822344652078,17.216692500223704,1.77,bi052381,bi,G,g
300647922553,2458181.4095235,3.02093441136644,0.09667079522833576,15.199712381666764,0.034782930387296546,17.189402383495768,1.48,bm031969,bm,G,g
300647922553,2458181.7813458,2.479914653390499,0.11802273109230196,15.41397378533701,0.05172983558077344,16.972726461032284,1.56,bi054125,bi,G,g
300647922553,2458182.7805834,2.7803041486477844,0.0962147034252522,15.289834852941881,0.0376150211573571,17.194536997654673,1.52,bi054509,bi,G,g
300647922553,2458183.3368325,4.7902414430349385,0.08143398080097221,14.699172112892402,0.018478232793776583,17.375626448270758,1.51,bm032788,bm,B,g
300647922553,2458183.7564275,2.820026116362237,0.08613365030006755,15.274432796395631,0.0331995269092146,17.31470847948141,1.51,bi054875,bi,G,g
300647922553,2458184.350925,5.578636870314762,0.06179600490089152,14.533745390180911,0.012040498800320269,17.675239614075387,1.48,bm033141,bm,G,g
300647922553,2458186.6345858,6.692826252025444,0.07881500610239937,14.336041745477214,0.012800046149111757,17.41111832764805,1.53,bi055904,bi,G,g
300647922553,2458188.6546505,3.656734681564399,0.09001292979561169,15.052047777607221,0.026756149844683108,17.326594149646333,1.41,be394514,be,G,V
300647922553,2458190.6518475,2.6941944230628248,0.0532585700889646,15.323993290235908,0.021486849501711237,17.836666856147733,1.41,bi057438,bi,G,g
300647922553,2458191.5135826,3.199681976144914,0.1064379750439987,15.19701436720862,0.03615779693023512,17.144614884643325,1.43,be395488,be,G,V
300647922553,2458192.7565855,3.75039574979954,0.0358923494101095,14.964872877705808,0.010402481731146222,18.265135894109264,1.42,bi058327,bi,G,g
300647922553,2458193.6595869,4.364603266666426,0.04374025967851239,14.800203688849585,0.0108930314201123,18.050437218837075,1.44,bi058653,bi,G,g
300647922553,2458194.4988444,7.127088106214957,0.09889074873836495,14.267785303160457,0.015081887957453223,17.164751448672813,1.44,bi058927,bi,G,g
300647922553,2458194.7164602,3.383073718506343,0.10856665412673919,15.136502751170525,0.03488166163832719,17.12311525947123,1.41,be396815,be,G,V
300647922553,2458194.8689623,3.4113153847779927,0.06417949383043431,15.127476722286275,0.020449683336871194,17.693865674707343,1.63,ba478767,ba,G,V
300647922553,2458195.5023355,5.1894310890329285,0.12137405795169798,14.67198203130069,0.025422502312315444,17.002041713327408,1.41,be397040,be,G,V
300647922553,2458195.8421606,5.34275121100449,0.07634283784980016,14.64036902595825,0.01553157581397317,17.505435644426743,1.67,ba479113,ba,B,V
300647922553,2458196.501313,3.7388310668710885,0.10431719224635486,15.027941797784926,0.030327193289474072,17.166466670491186,1.85,be397430,be,G,V
300647922553,2458196.8778393,4.8892971707768345,0.06888985877333713,14.736665318461936,0.01531514216867884,17.61696815759216,1.74,ba479379,ba,G,V
300647922553,2458197.2466358,6.309584722705848,0.07622471583045781,14.400063681609417,0.013131284487150334,17.447401076519814,2.17,bm035966,bm,G,g
300647922553,2458198.7431804,4.348865845284661,0.046990551291280325,14.804125595617874,0.011744829112527147,17.972614260996078,1.39,bi060742,bi,G,g
300647922553,2458199.2412968,4.113743155134642,0.04661262274002933,14.864472690583268,0.012316251251466933,17.981381761562098,1.71,bm036888,bm,G,g
300647922553,2458199.7178253,3.570961572517886,0.036966571893649866,15.018102680455577,0.011252167123660612,18.233117666420128,1.37,bi061126,bi,G,g
300647922553,2458200.4939858,7.168687499591128,0.16496547058209618,14.321182282384807,0.025012987959260494,16.66887376806599,1.91,be398961,be,G,V
300647922553,2458201.6124684,3.2623829298764737,0.06430056629418987,15.11622828219867,0.02142357944707471,17.63210361702592,1.57,bq058492,bq,B,g
300647922553,2458202.3122513,4.106273619662105,0.10827658053155807,14.866445909750496,0.02866149367076853,17.066304281646808,1.47,bm037874,bm,B,g
300647922553,2458203.3003543,6.995536300807103,0.09151138792608099,14.28801308591561,0.014218909836573519,17.248952755901325,1.59,bm038128,bm,G,g
300647922553,2458203.6399329,2.8311297770019745,0.08194371517952095,15.27016617834313,0.03146067564738554,17.368851485971852,1.52,bq058919,bq,B,g
300647922553,2458210.5091008,3.711964351112789,0.1380070192211632,15.035771912770986,0.04041192624688082,16.86260345427722,1.39,be402593,be,G,V
300647922553,2458210.707482,7.289205387052186,0.12765801319950867,14.243365153622978,0.01903619155058287,16.88752040888915,1.45,bi065559,bi,B,g
300647922553,2458211.2523461,4.361528120140297,0.034569314814868,14.800968930148064,0.008615178248321195,18.30591368233385,1.50,bm039826,bm,G,g
300647922553,2458211.5272229,3.286622839240711,0.13223903250461339,15.167906732261415,0.04373427857106029,16.908957235769766,1.46,be403021,be,G,V
300647922553,2458211.7072276,4.759884660415083,0.10461932924919644,14.706074549279403,0.023890633983864398,17.10361078322269,1.61,bi065987,bi,G,g
300647922553,2458212.7011368,3.482148523699371,0.08409983995953851,15.045447394553943,0.02625185827057203,17.340652688081633,1.57,bi066401,bi,G,g
300647922553,2458213.700298,2.818599821742278,0.07861605744663415,15.274982071966512,0.03031726451405791,17.413862460458553,1.90,bi066689,bi,G,g
300647922553,2458214.6905396,2.835218366246257,0.07112738382054103,15.268599338457165,0.027268578194327448,17.522548524085227,2.20,bi067301,bi,G,g
300647922553,2458215.6592337,2.895537979272668,0.05948682710975175,15.245742457975634,0.022330770705606375,17.71658859825209,1.41,bi067700,bi,G,g
300647922553,2458216.6768191,5.705418445282458,0.07227710160657519,14.509346867700394,0.013769729199902587,17.505138790095337,1.38,bi068136,bi,G,g
300647922553,2458217.6475814,7.220488896591867,0.08577259397068228,14.253649111078467,0.012912017695494467,17.319269250462856,1.35,bi068534,bi,G,g
300647922553,2458218.4714924,2.9627695836437566,0.20392369913536318,15.280536710885332,0.07481384848016019,16.438687142306367,1.48,be406009,be,B,V
300647922553,2458220.6835536,2.6062170914047798,0.05555877977068338,15.360039150947163,0.02317150716675774,17.790758864381115,1.37,bi069349,bi,G,g
300647922553,2458221.6603739,2.7459845905105356,0.05490742890301415,15.303320382778951,0.02173427634820148,17.80356284169598,1.38,bi069754,bi,G,g
300647922553,2458223.6694266,7.023068709542468,0.08548088712066967,14.28374832898992,0.01322983037509132,17.32296805988301,1.39,bi070613,bi,G,g
300647922553,2458224.5761427,7.434062028344247,0.09083207966720444,14.22200017117687,0.013280830991315513,17.257042466958474,1.55,bi070978,bi,G,g
300647922553,2458225.6158876,4.022060278823385,0.0422856862330299,14.888944184524382,0.011427651313235006,18.087157154116888,1.42,bi071448,bi,B,g
300647922553,2458228.2755163,7.8072488404556495,0.08860322308646268,14.168820567647096,0.012335696370005408,17.28401681058444,1.62,bm043106,bm,G,g
300647922553,2458228.6137815,2.715360875188464,0.0613600885723129,15.315496732048349,0.02456238839470539,17.682925666845783,1.50,bi072756,bi,G,g
300647922553,2458230.6542466,5.778016104302287,0.11667572938530481,14.555334534612992,0.02194896010926592,17.044905082403996,1.62,be410270,be,G,V
300647922553,2458231.2474646,3.1437450289369644,0.07102173530784414,15.15644733310684,0.024555915847983154,17.524162412894917,1.60,bm044330,bm,G,g
300647922553,2458235.6279623,3.2450240435630944,0.150873748661694,15.122020824797122,0.05053682279869681,16.70610640867577,1.41,bi075491,bi,G,g
300647922553,2458238.6215058,3.049584373500757,0.12959425215873804,15.189463988337415,0.046190988774690724,16.87117626175505,1.51,bi076819,bi,G,g
300647922553,2458241.6163371,2.6941719263022574,0.08695307936640317,15.324002356266632,0.035080989368162785,17.304428194527045,1.49,bi077956,bi,G,g
300647922553,2458242.5529094,2.962726922666549,0.057681183679712825,15.220836562299986,0.02116190267237566,17.75005520146451,1.39,bi078350,bi,G,g
300647922553,2458243.3502385,2.964222975567144,0.07855588498214297,15.220288449405226,0.028805805840565107,17.4146937974696,1.51,bm047110,bm,G,g
300647922553,2458243.5517228,7.784147242640438,0.0918128683691436,14.172038016470443,0.012820491820445732,17.245381722435752,1.39,bi078792,bi,G,g
300647922553,2458245.5352999,3.7910081805413025,0.05254090763092794,14.953178818325013,0.015064510411944274,17.85139668433595,1.43,bi079638,bi,B,g
300647922553,2458246.5587958,2.8272185181885687,0.069472195458585,15.271667180315687,0.02670938077387339,17.548113052305716,1.56,bi080087,bi,B,g
300647922553,2458247.5986896,2.8667470137621436,0.054996094885928166,15.256592200323166,0.02085233322629128,17.801810979965854,1.69,bi080565,bi,G,g
300647922553,2458249.5940232,6.673628402382535,0.08251113548838063,14.339160570219072,0.013438868847294188,17.36135920204283,1.45,bi081204,bi,G,g
300647922553,2458250.5859702,4.324836305430838,0.04744510148994315,14.810141436996041,0.011924327037374697,17.96216216150998,1.42,bi081645,bi,G,g
300647922553,2458251.5409939,3.900948147812954,0.033104795863462724,14.922140178230753,0.009224289173084071,18.35291332593321,1.42,bi082055,bi,G,g
300647922553,2458253.5736829,2.7197134359391986,0.05448880251338398,15.313757755346206,0.021776911666881327,17.811872452369382,1.39,bi082713,bi,G,g
300647922553,2458254.5772089,2.7850858351063383,0.07190012820635586,15.287969161085432,0.028061007055028214,17.510816449488342,1.35,bi083108,bi,B,g
300647922553,2458255.5733688,7.009100095960297,0.08510597320562156,14.285909966968536,0.01319805557750877,17.32774050561369,1.41,bi083555,bi,G,g
300647922553,2458256.5575002,5.974189118508584,0.07207331348245498,14.459368206079361,0.013113170102097541,17.508204389751786,1.61,bi083882,bi,G,g
300647922553,2458258.5493134,3.175191474140507,0.05588620641511886,15.145640822893105,0.019131405785415185,17.78437903524179,1.39,bi084783,bi,G,g
300647922553,2458262.5556025,6.384708130608406,0.1081435509106442,14.387213000297523,0.018410761391398356,17.0676390474374,1.51,bi086605,bi,G,g
300647922553,2458263.5296281,4.7429037305929675,0.0836747981390572,14.709954848232439,0.01917619937250605,17.34615392814459,1.38,bi087039,bi,G,g
300647922553,2458264.4973703,4.666903481129809,0.26701726227231637,14.787209356796378,0.062190305802844445,16.146008046751696,1.56,be416692,be,B,V
300647922553,2458266.540345,2.436191449336169,0.1276198980080593,15.433287085899055,0.05694022137765133,16.887844628430273,1.48,bi088415,bi,B,g
300647922553,2458268.2872576,2.9189635794104722,0.12883260150282086,15.236993931711593,0.04797436919181837,16.877576170086513,2.00,bm053047,bm,G,g
300647922553,2458270.5249481,3.802890894483684,0.07448888746938799,14.949780958242759,0.021290692864575644,17.47241189167533,1.82,bi088979,bi,G,g
300647922553,2458271.465132,3.759548528715346,0.03429513815826919,14.962226384471036,0.009915372497615565,18.31455921954915,1.65,bi089390,bi,G,g
300647922553,2458276.5055655,4.638783473443934,0.053852175041555095,14.734055369193532,0.012618604253972194,17.82463248954989,1.38,bi090793,bi,G,g
300647922553,2458277.5056077,3.2840971672081887,0.045378796565259276,15.10902562680467,0.015019281210005371,18.0105081756504,1.44,bi091254,bi,G,g
300647922553,2458278.5095583,2.7837791482633945,0.0691786867909468,15.288478678642036,0.02701156261612085,17.552709827424792,1.41,bi091718,bi,B,g
300647922553,2458282.4868394,5.766172821924171,0.06884799901498208,14.49784648531893,0.012978241174715893,17.55791230512976,1.67,bi092292,bi,G,g
300647922553,2458283.4910033,3.7044784966784547,0.03270293474468735,14.978247926821826,0.009595593072714367,18.366173792006045,1.69,bi092771,bi,G,g
300647922553,2458284.4912657,3.160249313244792,0.04430436988050725,15.150762258224017,0.01523833059035296,18.03652420099771,1.40,bi093243,bi,G,g
300647922553,2458290.2159144,2.90739222266136,0.07688210721157165,15.241306561391513,0.02874311459847308,17.43807741614709,1.47,bm057156,bm,G,g
300647922553,2458290.4695293,3.6856089263121237,0.07131838933533521,14.98379249458295,0.02103315624578236,17.519636795328132,1.44,bi096027,bi,B,g
300647922553,2458292.2024709,6.207994525848806,0.09462705751013568,14.417687309048455,0.016568232601584413,17.212602272362513,1.54,bm057697,bm,G,g
300647922553,2458292.4661183,2.6552403447757316,0.1632127841517069,15.339806026548677,0.06681323614035509,16.62075517838327,1.44,bi096965,bi,B,g
300647922553,2458394.138707,3.952182278703481,0.1706631120745246,14.967688988304982,0.04693695017289417,16.6320072416473,1.83,ba522593,ba,G,V
300647922553,2458400.9843775,5.943377818930107,0.10137719219629225,14.464982274484182,0.018540399680193543,17.13778996501045,1.58,bq103268,bq,G,g
300647922553,2458401.9836063,3.8447642352459264,0.04304941319403983,14.937891338317687,0.012170535711745952,18.067722521522434,1.69,bq103686,bq,G,g
300647922553,2458402.9765999,3.289466329160711,0.13510738692074303,15.107252008942567,0.044644279847698934,16.825942875245087,1.72,bq104003,bq,B,g
300647922553,2458404.9788842,2.7677323977013626,0.06877541900164048,15.294755378755966,0.027009797002506514,17.559057499118815,1.71,bq104165,bq,G,g
300647922553,2458415.1026052,3.397754091374545,0.150298707837951,15.131801544275978,0.04808121962332335,16.769968276561965,1.59,ba526891,ba,G,V
300647922553,2458418.1337401,5.1988312592344785,0.14807460688926172,14.670017100581347,0.030959008214846498,16.7861549228198,1.62,ba527766,ba,G,V
300647922553,2458426.9842741,3.853438397818407,0.035124135297704875,14.93544457073166,0.009907621191998893,18.28862650798908,1.55,bq108940,bq,B,g
300647922553,2458427.9539214,3.10362166191534,0.05168853826388556,15.170393686304074,0.01810246218297775,17.869154984877895,1.52,bq109350,bq,G,g
300647922553,2458431.087288,5.5147434263139825,0.085210114197715,14.605968125327195,0.01679492266193221,17.386128525317844,1.71,ba529981,ba,G,V
300647922553,2458436.1102108,7.532131207567112,0.10622390965206809,14.26748671277715,0.015329097194290318,17.146800688884042,1.74,ba531996,ba,B,V
300647922553,2458438.907702,6.6091100662265205,0.07902303905819215,14.349708160915739,0.01299639540138414,17.408256292167977,1.70,bq112375,bq,G,g
300647922553,2458441.8881619,2.802157169907589,0.09001796171214094,15.281334395452726,0.03491795949472089,17.266817674117096,1.58,bq113713,bq,B,g
300647922553,2458442.1446585,6.5826848365206585,0.17291485621523028,14.413773748040219,0.028552321026517783,16.61777562398081,1.70,ba533346,ba,G,V
300647922553,2458443.0916173,6.17996566658823,0.09527517333942287,14.48231624869329,0.016757369960970044,17.26490702472436,1.63,ba533734,ba,G,V
300647922553,2458444.0235591,5.873379754127531,0.1773388471631856,14.537561199876743,0.03281919857919305,16.59034669143982,1.70,ba533873,ba,G,V
300647922553,2458444.8356779,2.896220207254208,0.09951404510221669,15.24548667394632,0.037347795605309195,17.157929661338596,1.44,bi152576,bi,G,g
300647922553,2458445.0104267,4.259679212684489,0.06431208411688727,14.826623385914319,0.01641072854719305,17.63190915221867,1.55,bq115099,bq,G,g
300647922553,2458449.0785966,7.045316299746009,0.13966207213700887,14.3400301656407,0.021547166044822638,16.84966019045353,1.74,ba535649,ba,G,V
300647922553,2458454.5384863,2.9948103583135532,0.06474452129119708,15.209142305840839,0.023498810022806967,17.62463305112923,1.46,bm093384,bm,B,g
300647922553,2458455.9582252,3.869521194046996,0.07999030859669368,14.930922548008823,0.022469443438858146,17.395047180772895,1.51,bq118606,bq,B,g
300647922553,2458456.9739494,6.22378434132547,0.07293126351341873,14.414929283229093,0.012737123937315426,17.495356267300487,1.47,bq119078,bq,G,g
300647922553,2458457.8121655,3.774387817549177,0.03266022424199701,14.95794931781304,0.009405563354205733,18.36759270585333,1.40,bi156794,bi,G,g
300647922553,2458459.813307,4.389061865479802,0.04871745986332527,14.794136366201274,0.012064938327137693,17.933429021375428,1.43,bE022845,bE,G,g
300647922553,2458460.8216207,3.174096867979458,0.054920350486212556,15.146015180927181,0.01880724994230828,17.80330736114554,1.47,bE023172,bE,G,g
300647922553,2458462.7798341,2.592341089486944,0.06286248565946045,15.365835263220829,0.026357946891088398,17.656661737553875,1.50,bi158425,bi,G,g
300647922553,2458464.8106603,7.117297161279286,0.0883224952559049,14.269277875127582,0.01348864745411633,17.287462286210737,1.67,bE024443,bE,G,g
300647922553,2458469.7828606,2.760980693724651,0.06608407429428409,15.297407197714284,0.026016304895042076,17.6023985844924,1.46,bE025892,bE,G,g
300647922553,2458469.9489084,6.137444465572717,0.12689857835162988,14.430096683651996,0.02247405057796427,16.893998719670765,1.67,bA005598,bA,G,g
300647922553,2458471.7646081,7.168323642543462,0.10155942630458112,14.261521609651766,0.015399790281606238,17.13584001409715,1.42,bE026278,bE,G,g
300647922553,2458472.8035993,3.8817917206178967,0.07477666853462873,14.927485048781325,0.02093852359618668,17.468225330259774,1.47,bi161440,bi,G,g
300647922553,2458473.0127859,2.8200222130451422,0.04882259898132516,15.274434299209947,0.018818306510323967,17.931088375029468,1.50,bq120852,bq,G,g
300647922553,2458474.4828192,4.537072465428056,0.13184048189500217,14.758126332765965,0.03158531690136495,16.852518657037933,1.59,bm097793,bm,G,g
300647922553,2458481.1242373,4.306022820011532,0.05761116447162309,14.814874804627875,0.014542614743330295,17.751373977598693,1.79,bA008680,bA,G,g
300647922553,2458481.5913111,4.265382792813991,0.17344414955816237,14.825170590764372,0.044199139602981725,16.554741473329912,1.62,bm099650,bm,B,g
300647922553,2458482.5842621,3.2072565549047742,0.0680647568416494,15.13473136876378,0.023067512711597068,17.570334868045162,1.48,bm099969,bm,G,g
300647922553,2458483.4586461,3.7962378656948266,0.04678645323853172,14.951682080411077,0.013396115384713105,17.977340302229493,1.61,bm100192,bm,G,g
300647922553,2458483.8539465,5.050019206287482,0.06455854629807203,14.641833047694089,0.013895458624260188,17.62775625502865,1.73,bq124392,bq,G,g
300647922553,2458486.9853901,4.662354634528468,0.04765545900124157,14.728552361396567,0.011110139836694352,17.957358969241334,1.73,bA010368,bA,G,g
300647922553,2458491.7344187,4.808748973676343,0.0685798062201974,14.69498535572198,0.0155015926260048,17.562149977357873,1.45,bE032564,bE,G,g
300647922553,2458493.0317184,7.8784971322143535,0.07991523521356925,14.158957169114895,0.011025502027096802,17.39606665632225,2.01,bA012216,bA,G,g
300647922553,2458494.7199501,2.645236597770522,0.057214029421797714,15.343904315559548,0.023509867687227765,17.75888427401419,1.38,bi168570,bi,G,g
300647922553,2458495.7837997,4.903418867131803,0.059856032692647325,14.673818137833925,0.013268477946441525,17.7098707912906,1.45,bi168963,bi,G,g
300647922553,2458497.5554085,2.658542157065667,0.0657933904873326,15.338456743771436,0.02689991380707265,17.607184943480874,1.47,bm102733,bm,G,g
300647922553,2458498.0012875,2.714427331079583,0.04034620671478483,15.315870073552373,0.016156104830637927,18.13813383816362,1.70,bA014443,bA,G,g
300647922553,2458499.8683973,4.612734509932172,0.05117811561311767,14.740169474483391,0.012059741660010573,17.8799298838192,1.69,bA015131,bA,G,g
300647922553,2458500.8345116,2.9160850429622664,0.08485865038739519,15.23806515894356,0.03163064934857372,17.33090031054092,1.44,bq128245,bq,G,g
300647922553,2458501.4349856,5.5474422253045725,0.08874308386446043,14.539833652530938,0.01738817095304168,17.28230431998467,1.54,bm103655,bm,G,g
300647922553,2458502.720491,4.278708595073006,0.06072128684903599,14.821783848501283,0.01542554190882588,17.694288194279896,1.49,bE036058,bE,B,g
300647922553,2458503.6741565,7.24700146422816,0.14033874179678876,14.249669749617782,0.021048996802559623,16.78469666505527,1.53,bi171514,bi,G,g
300647922553,2458504.6912838,4.967907628384848,0.055977179451576674,14.659631841989595,0.012247562721538482,17.78261308223851,1.50,bE036700,bE,B,g
300647922553,2458509.7166693,7.277962630958738,0.11378195130754715,14.245041068905962,0.016993221908539875,17.01245716783218,1.39,bi173627,bi,G,g
300647922553,2458510.4997645,2.6910620694905543,0.07217027643496239,15.325256335020407,0.02915055491884246,17.50674468947706,1.51,bm106364,bm,G,g
300647922553,2458514.4823777,3.556932524911118,0.04678546532069783,15.022376555562309,0.014297085001409514,17.97736322829911,1.56,bm107586,bm,G,g
300647922553,2458515.7814489,5.203119024150709,0.0645497285873082,14.609406220457464,0.013484747925004061,17.627904560129043,1.41,bi175762,bi,G,g
300647922553,2458516.7805574,3.6635376621945026,0.044734812613942965,14.990313970864648,0.013272634486955537,18.026026555187386,1.45,bE040783,bE,G,g
300647922553,2458517.6277816,5.345357979877774,0.06785039582785383,14.580123633977047,0.013797098440421677,17.573759647431007,1.42,bi176980,bi,G,g
300647922553,2458518.8017523,2.6351294983001496,0.06519157366141905,15.348060715711354,0.026890673190606562,17.61716194990546,1.54,bE041484,bE,G,g
300647922553,2458519.7236242,2.748204833305511,0.05398859754389379,15.302442874585795,0.021353305797552565,17.821885496452676,1.37,bi176349,bi,G,g
300647922553,2458520.4863359,3.7908765305088927,0.041315957167816476,14.953216523252483,0.011846507986748935,18.112346065141757,1.52,bm108635,bm,G,g
300647922553,2458520.7927794,7.12653794045098,0.09260702370700448,14.267869118308534,0.014124643581257472,17.23603079480442,1.53,bE042163,bE,G,g
300647922553,2458522.7688122,4.203689083238583,0.04796471430953502,14.840989155049707,0.0124023347111907,17.9503359563386,1.45,bq134478,bq,G,g
300647922553,2458523.77305,3.316877415249441,0.046786453896579226,15.098242069248148,0.015332143707852247,17.977340286958704,1.48,bq134866,bq,B,g
300647922553,2458524.4965497,6.8573765083120914,0.08055610585673256,14.309670633993852,0.012768875169789374,17.387394451621514,1.51,bm109633,bm,G,g
300647922553,2458525.5937402,3.125172926587462,0.05577161902949967,15.1628804888941,0.019397750606479372,17.78660748123481,1.49,bi179164,bi,G,g
300647922553,2458526.5926293,2.955449116056461,0.0793199953560311,15.223506906020507,0.02917234669619277,17.404183911175906,1.54,bi179496,bi,G,g
300647922553,2458526.8256841,7.8791850696793215,0.09000568806403439,14.158862368546739,0.012416546732897302,17.26696572071154,1.44,bq135187,bq,G,g
300647922553,2458527.6806799,3.1215773641773232,0.06475527539671652,15.16413036524086,0.02254826989624344,17.624452724641657,1.48,bE044480,bE,G,g
300647922553,2458528.6099733,3.4435767028689157,0.038856403188143145,15.057541219819075,0.01226492815492981,18.178984119228335,1.35,bi180209,bi,G,g
300647922553,2458529.6393133,6.039084773824705,0.09565290892351773,14.447637807101533,0.017216276484207968,17.200895156448112,1.40,bi180598,bi,G,g
300647922553,2458530.4662739,3.0319803324465187,0.08207645806019541,15.195749672706773,0.029424182081613574,17.367094095035217,1.48,bm110335,bm,G,g
300647922553,2458530.6528454,3.782767448419841,0.07516797357136377,14.955541514340085,0.02159908591088211,17.462558505437073,1.64,bi180976,bi,G,g
300647922553,2458530.8355856,2.560454925291171,0.06778614730707487,15.379272785183302,0.028776368672303647,17.574788233809233,1.52,bE045658,bE,G,g
300647922553,2458531.779462,2.931455421737952,0.08985689289757318,15.232357386504173,0.0333181037084734,17.26876211810905,2.08,bq136803,bq,G,g
300647922553,2458535.7905708,3.41475516554128,0.15930136256982458,15.066666695625026,0.05070748752780748,16.64709188515302,1.55,bi182966,bi,G,g
300647922553,2458536.6852283,3.5595962465739484,0.10278014080513816,15.021563771893005,0.03138489216605319,17.122867590648287,1.44,bi183259,bi,G,g
300647922553,2458537.5418791,4.792418188837987,0.1133192100698699,14.698678852804207,0.02570164989162544,17.01688176528863,1.44,bm112373,bm,G,g
300647922553,2458538.5357669,3.913492860380644,0.09721459903135642,14.918654257664238,0.02700095444025153,17.183311888358357,1.61,bm112750,bm,G,g
300647922553,2458539.5228674,2.777416066687648,0.07752697386793991,15.29096326362367,0.030340592778724414,17.42900853053635,1.54,bm113101,bm,G,g
300647922553,2458540.4903664,2.5855601640833927,0.10538902299116251,15.368679002435115,0.0443050165496998,17.095652165432764,1.55,bm113333,bm,G,g
300647922553,2458540.8997114,3.1096518455926447,0.05063983109962245,15.168286201163575,0.017700790122700177,17.891409990197783,1.46,bq138975,bq,G,g
300647922553,2458541.4376738,2.8496879560864325,0.08111316081858105,15.26307235504099,0.030938994201917258,17.379912298134673,1.55,bm113528,bm,B,g
300647922553,2458542.4185601,2.7867791672954993,0.06267753350092821,15.287309234069875,0.024446771601021065,17.65986086722254,1.47,bm113772,bm,G,g
300647922553,2458543.5050164,6.796912467567715,0.08302541822876651,14.319286429783887,0.013277355011483758,17.35461293151024,1.50,bm114200,bm,G,g
300647922553,2458543.5427325,5.544572418890279,0.07254401665979442,14.540395471622261,0.014221509985669477,17.501136615985864,1.50,bi185793,bi,G,g
300647922553,2458543.8311814,2.908899363718888,0.052263097182345654,15.240743880644112,0.01952893765840378,17.857152753850567,1.48,bq139787,bq,G,g
300647922553,2458544.422158,7.082696825056668,0.08143817936705022,14.27456899174606,0.01249803039266305,17.37557047142124,1.45,bm114495,bm,G,g
300647922553,2458544.7626563,2.769722984788017,0.05873666238882743,15.293974784633752,0.02305075222301043,17.730367449339933,1.45,bi186321,bi,G,g
300647922553,2458545.4359898,4.232032941288196,0.031524941290694726,14.833693023530563,0.008096874719253359,18.406004895308058,1.48,bm114857,bm,G,g
300647922553,2458547.5389081,2.8703523071160384,0.06375292923189703,15.2552276089785,0.024142214890063077,17.64139025161747,1.49,bi187132,bi,G,g
300647922553,2458548.5763218,7.879278451929306,0.3099139569401883,14.15884950073262,0.04275302601999477,15.924537773735084,1.54,bq141078,bq,B,g
300647922553,2458549.5337945,6.628827978443046,0.08233108968637429,14.346473749795843,0.013500171548804157,17.363730952645938,1.38,bi187900,bi,G,g
300647922553,2458554.3583789,2.8840193062429273,0.06638842111302407,15.250070213988732,0.02502109716830272,17.59740976111028,1.49,bm116343,bm,B,g
300647922553,2458554.5136853,2.9932483606344387,0.05884323143276314,15.209708738987215,0.021368101293302015,17.728399325416188,1.52,bi189832,bi,G,g
300647922553,2458555.2828349,2.8968945115713485,0.06949439580241455,15.245233919892936,0.02607529768171695,17.547766152852546,1.48,bm116677,bm,G,g
300647922553,2458556.3700066,2.905478267535729,0.09210884955246565,15.242021543929926,0.03445846277688937,17.241887216537194,1.50,bm117144,bm,B,g
300647922553,2458556.5382747,4.802902403552627,0.0635127063948707,14.696306217952777,0.014373715022429526,17.64548906336416,1.36,bi190639,bi,G,g
300647922553,2458556.8787377,4.82019071770072,0.120819490486199,14.692405067138218,0.027244883206574953,16.947298111660327,1.78,bq142547,bq,B,g
300647922553,2458557.30734,3.815587482238766,0.04342098578558113,14.946162083952325,0.012369451336046207,18.058391413923797,1.55,bm117490,bm,B,g
300647922553,2458557.8594471,7.197891943817252,0.08777278744444064,14.257052315655097,0.013254603499001826,17.294240884733895,1.54,bq142910,bq,G,g
300647922553,2458559.5990867,2.7130937641423065,0.09718710455241812,15.31640361433794,0.03893641956587119,17.183619002451113,1.43,bi191877,bi,G,g
300647922553,2458565.8048372,4.431722934766545,0.10434083927680664,14.78363411959643,0.02559139129523083,17.106504797204778,1.48,bq144875,bq,G,g
300647922553,2458566.3276671,3.4390404482131123,0.12354258657640318,15.058972412785023,0.03904735120562941,16.923098886946345,1.40,bm120505,bm,B,g
300647922553,2458566.8304947,2.974744546470466,0.09650267180580326,15.216441429744043,0.03526158527091871,17.19129226760462,1.48,bq145295,bq,G,g
300647922553,2458567.6162562,5.743858178532809,0.08168216698011997,14.502056351752765,0.015457374007013691,17.372322484416422,1.44,bE059201,bE,G,g
300647922553,2458568.546169,5.687332401172183,0.06690150373837286,14.51279409298461,0.012786139559486888,17.58905091276485,1.42,bE059544,bE,G,g
300647922553,2458568.7287995,2.9961397567863353,0.07451160368347595,15.20866045369772,0.027031740887770387,17.472080834830205,1.44,bi195640,bi,G,g
300647922553,2458569.5381558,3.927984225353981,0.04578799713273589,14.914641284764475,0.012670509667414653,18.00076149406347,1.35,bi195866,bi,G,g
300647922553,2458570.9130236,4.245321890914887,0.04050794543905279,14.830289059478854,0.010371504589901081,18.133790070572207,1.73,bA021025,bA,G,g
300647922553,2458571.7030584,5.817201485659721,0.08027440747267008,14.488280356376315,0.014999444483100567,17.39119783993177,1.47,bE060790,bE,B,g
300647922553,2458572.7137192,5.757155565116024,0.07242819646965115,14.499545710378516,0.013674513328684702,17.502871433958493,1.47,bE061195,bE,G,g
300647922553,2458573.6573949,5.077339232624712,0.05574900645142487,14.635975169977531,0.011934744433360987,17.78704778176091,1.55,bE061366,bE,G,g
300647922553,2458575.5796399,3.5838449761199644,0.046647497312405514,15.014192583724268,0.014147877981436015,17.980569740569674,1.61,bE062096,bE,G,g
300647922553,2458576.6637791,2.696353924604269,0.05814970712285126,15.32312337905731,0.02344136013364047,17.74127178219245,1.43,bi198208,bi,G,g
300647922553,2458577.6775525,2.9519102093464475,0.04932602031325701,15.22480776462359,0.01816289645300625,17.919950417846294,1.46,bq148588,bq,G,g
300647922553,2458579.3168341,3.2130149569609214,0.054075481743974745,15.13278375416248,0.018293627118186342,17.820139618588403,1.47,bm124434,bm,G,g
300647922553,2458580.841428,2.8201962187795577,0.041400864472622395,15.274367307362722,0.01595666973258654,18.11011708763933,1.71,bA024234,bA,G,g
300647922553,2458581.7707698,2.6656647495383954,0.05411246455415477,15.33555179989217,0.02206500133398296,17.819397325589893,1.44,bq149908,bq,G,g
300647922553,2458582.8823339,6.668675277097779,0.0689842200748757,14.339966696031315,0.011244039451881405,17.555766214967274,1.68,bA025069,bA,G,g
300647922553,2458583.7803667,7.484363218884358,0.08714790980774423,14.214678482758583,0.012656519486180316,17.30199817327032,1.45,bq150676,bq,G,g
300647922553,2458586.3653823,2.577297686360859,0.08510080686290758,15.372154162558797,0.03589064527330976,17.32780641703426,1.46,bm126904,bm,G,g
300647922553,2458590.7408411,5.406134543795286,0.08266234726168306,14.56784849755621,0.016620077937474564,17.35937127831571,2.05,bA026827,bA,G,g
300647922553,2458591.3665879,2.675380514900579,0.1572200038965938,15.331601722960105,0.06387551513942483,16.661371104683692,1.59,bm127728,bm,G,g
300647922553,2458593.7167105,2.3632680655588754,0.10628527233769551,15.466283156129757,0.04888462363449968,17.08645788723643,1.48,bq153438,bq,B,g
300647922553,2458594.6311451,3.188510681234305,0.10350110583534813,15.141095931845815,0.035283307237156024,17.115278136582454,1.44,bi205647,bi,G,g
300647922553,2458595.8424622,6.2502206245940055,0.08808867056990466,14.410327253180988,0.015319228027011796,17.29034047223301,2.34,bA028825,bA,G,g
300647922553,2458598.7586639,3.3468578797673207,0.03195788594245192,15.088472444870964,0.01037893863260138,18.391195505385987,1.75,bA029932,bA,G,g
300647922553,2458599.6488533,3.4009037225870635,0.056577913752958564,15.071079778514092,0.01808276192346636,17.771023288205082,1.51,bi207324,bi,G,g
300647922553,2458600.6020138,3.2217370842809943,0.055140034748978405,15.129840381938365,0.018603262405163083,17.79897302279197,1.36,bi207728,bi,G,g
300647922553,2458601.6275824,2.808210255293341,0.05821567130378235,15.278991569749603,0.022533178728975856,17.740040836904527,1.39,bi208192,bi,G,g
300647922553,2458602.6349387,2.951082307357367,0.058020856865942785,15.225112316312206,0.021370515017523704,17.743680265744253,1.47,bi208642,bi,G,g
300647922553,2458604.4873766,2.7924561488141553,0.058998828720383555,15.28509971747969,0.022965145461576512,17.725532136799682,1.42,bi209411,bi,G,g
300647922553,2458605.6126378,4.605583689385884,0.05379789327717147,14.74185392627823,0.012696755698569128,17.82572743881959,1.49,bE073432,bE,G,g
300647922553,2458606.5307077,4.874284624832284,0.06007004508847543,14.680288408752492,0.013395509761051066,17.70599571662171,1.48,bi210335,bi,G,g
300647922553,2458606.6539771,2.9321325279432964,0.05424419497783975,15.232106632620653,0.02010860045913727,17.8167574405779,1.53,bq156433,bq,G,g
300647922553,2458607.6708436,2.91198776940475,0.05665784157570464,15.239591755854168,0.021148650092360565,17.769490547153755,1.43,bq156577,bq,G,g
300647922553,2458608.7427384,7.349558300665345,0.09014612541097444,14.234412524009802,0.013332082679866866,17.265272949042817,1.53,bq156991,bq,G,g
300647922553,2458610.8016123,3.0464548054465497,0.03393581854070451,15.190578773049413,0.012108093386918832,18.325994789070066,1.73,bA032632,bA,G,g
300647922553,2458611.6998945,3.481239004090017,0.04544831440935615,15.045731020410035,0.014190448197110564,18.008846159669893,1.49,bq157878,bq,G,g
300647922553,2458618.3417772,2.4640474086316058,0.2145296907320476,15.420942973627326,0.0946347240036974,16.32392209474691,1.47,bm134976,bm,B,g
300647922553,2458619.5358177,3.711494973837151,0.08991668706326994,14.97619343037993,0.026333197298002348,17.268039868566724,1.45,bi215669,bi,G,g
300647922553,2458624.572543,4.568596481282277,0.11322762178024118,14.750608619948547,0.0269390178010428,17.017759647593028,1.48,bE078073,bE,G,g
300647922553,2458625.4950453,4.932235983721978,0.058432625120855765,14.667456003985315,0.012877267666646194,17.736002117218273,1.45,bE078449,bE,G,g
300647922553,2458627.7415737,7.467907867410559,0.10329683602859663,14.217068243881412,0.01503488950182143,17.117423063121482,2.28,bA038600,bA,B,g
300647922553,2458629.7498829,3.54912677588969,0.04565875676957516,15.024761840392557,0.013983463138689782,18.003830406383184,2.06,bA039352,bA,B,g
300647922553,2458630.6548538,3.6609272178775134,0.06257514345949307,14.99108788515651,0.018579025540281405,17.66163597658473,1.49,bq162057,bq,G,g
300647922553,2458632.6218342,2.9725945475039968,0.07616713722438234,15.217226430156124,0.02785121388914556,17.448221529568414,1.71,bq162528,bq,G,g
300647922553,2458633.6465243,2.8077295434430476,0.06118560995027165,15.279177442917726,0.02368678918072702,17.686017376913085,1.47,bq162795,bq,G,g
300647922553,2458636.4689285,3.1336348956018014,0.05044682495345631,15.15994463529979,0.01749837080929656,17.89555601744722,1.54,bi220620,bi,G,g
300647922553,2458638.2678192,2.8935230060038912,0.06586984468530632,15.246498272959599,0.024744111976326557,17.60592401289586,1.56,bm140653,bm,G,g
300647922553,2458640.5140096,2.7891517496328464,0.0617220304508608,15.286385263261675,0.024053608249309386,17.676540100243244,1.47,bi222499,bi,G,g
300647922553,2458645.4697728,3.521027897334439,0.07676819888748179,15.033391957213693,0.023698674613196122,17.4396872328443,1.53,bE084997,bE,G,g
300647922553,2458649.2375792,3.0575400862951616,0.12255413497264675,15.186635223225924,0.043568035909556484,16.931820689148648,1.53,bm143311,bm,G,g
300647922553,2458650.5049633,4.421512788854549,0.13663969954322183,14.786138408498989,0.0335906328081563,16.81369836550053,1.52,bE086906,bE,G,g
300647922553,2458651.4876412,3.538138648871969,0.11761560529829447,15.028128503320984,0.0361328545669163,16.976478241502804,1.53,bi227202,bi,G,g
300647922553,2458655.2194299,3.3678121408884056,0.081787568701627,15.081695976711842,0.026396820095187838,17.37092236615642,1.63,bm145748,bm,G,g
300647922553,2458657.4658793,4.594682511285081,0.06446299315993231,14.74442685384778,0.015249904787527099,17.629364444187765,1.39,bi229805,bi,G,g
300647922553,2458658.4800139,3.2099894223306267,0.061153712441439606,15.133806619020058,0.020707677758800936,17.686583544524417,1.49,bE090299,bE,G,g
300647922553,2458766.9985038,2.7742649105525743,0.14406371293453515,15.292195800105553,0.05644413831012169,16.75625410244795,1.50,bq191707,bq,B,g
300647922553,2458770.1326094,3.3431528217278164,0.20335081327123147,15.08967504864695,0.0661152823315705,16.38202582734206,1.98,bA079053,bA,B,g
300647922553,2458771.1282038,2.4525509385788844,0.15833068453315718,15.426020531577354,0.07017125207782943,16.653727887899002,1.61,bA079468,bA,G,g
300647922553,2458776.1436373,2.7997569406098703,0.11482407778921863,15.282264797439018,0.044578434075954236,17.002558196283942,1.66,bA081092,bA,B,g
300647922553,2458783.0950678,2.8508410785720453,0.054389260057056445,15.262633102178452,0.02073730499253049,17.81385773528692,2.02,bA083501,bA,G,g
300647922553,2458785.9385496,3.024614912610093,0.08886452445711787,15.198390399583273,0.03193526356271143,17.280819558493093,1.49,bq197966,bq,G,g
300647922553,2458787.9759745,4.895554777658026,0.05709721395526474,14.675560836365783,0.012677253529067711,17.7611033177704,1.53,bq198598,bq,G,g
300647922553,2458788.9797875,3.698292495264217,0.05848718276561792,14.98006248174153,0.017189831476727212,17.73498885495699,1.64,bq199042,bq,B,g
300647922553,2458789.9866958,2.830295618830746,0.050022837161004204,15.270486124529903,0.019210943452793994,17.90471981116743,1.62,bq199489,bq,G,g
300647922553,2458790.9688149,2.8050331734212133,0.05847162068975903,15.280220617884146,0.022657881570745487,17.735277782490137,1.59,bq199895,bq,G,g
300647922553,2458793.0693939,5.0771912901827845,0.05270949424291529,14.63600680639146,0.011284374617850042,17.847918488689125,1.69,bA085756,bA,G,g
300647922553,2458796.060807,2.8331471480379933,0.09358458389873738,15.269392793533793,0.03590437364801896,17.224629827180298,1.75,bA086627,bA,B,g
300647922553,2458796.9331201,2.8293215190346936,0.0964206097513146,15.270859865509303,0.0370424534271426,17.19221592749937,1.44,bq201619,bq,G,g
300647922553,2458797.0565575,2.6141173565627804,0.09137244359460128,15.356752920709205,0.037992890113771556,17.250602512677567,1.72,bA087037,bA,G,g
300647922553,2458797.057844,1.767950635560712,0.11492304883017769,15.78139028592173,0.070656021108015,17.00162276391863,1.70,bA087038,bA,G,g
300647922553,2458797.9438684,3.0313869134329283,0.22955967397085528,15.195962193731338,0.08231261527363273,16.25040161325653,2.17,bq202068,bq,B,g
300647922553,2458800.8609894,7.99937562571668,0.21398910518280956,14.142425396329907,0.029076876039151715,16.326661454698108,1.48,bi280570,bi,G,g
300647922553,2458801.0441122,2.5971644648008074,0.1490917825728003,15.363816992053902,0.062397390539396136,16.719006343212715,1.73,bA088589,bA,G,g
300647922553,2458805.1205859,4.406328591013935,0.08240933184458701,14.789873421144657,0.020328797285639102,17.36269962894884,1.68,bA090011,bA,G,g
300647922553,2458810.9831928,3.780032168914168,0.03335974703841566,14.956326882793359,0.009592668259590386,18.344583739459342,1.54,bq206436,bq,G,g
300647922553,2458811.975618,7.185762438473768,0.09372325042682626,14.258883483989504,0.014177075733061118,17.223022256434728,1.53,bq206881,bq,B,g
300647922553,2458812.816823,3.0224282777853277,0.06453955547391362,15.199175612661653,0.023210374005605244,17.62807568692134,1.46,bE141620,bE,G,g
300647922553,2458814.0588532,2.889240632039723,0.0471729399031573,15.248106337752203,0.017746855041681393,17.9684082536702,1.72,bA092027,bA,G,g
300647922553,2458817.0005022,3.758701353929269,0.03220363777619228,14.962471071294498,0.009312778752151833,18.382878278717264,2.32,bq208131,bq,G,g
300647922553,2458818.944645,6.155948079218307,0.08055104164541094,14.42682825171147,0.014222907490876313,17.387462709270757,1.69,bq208606,bq,B,g
300647922553,2458824.8169033,2.9675007078093776,0.06385593322028359,15.219088544245423,0.023389589388426262,17.639637470790724,1.45,bE144941,bE,G,g
300647922553,2458825.5520364,3.2842524070731525,0.06378917971370546,15.108974305071579,0.021111673620722787,17.640773067819516,1.55,bm186816,bm,G,g
300647922553,2458825.977134,3.6736762563128242,0.045764524775773904,14.987313418930919,0.013540672938678135,18.001318219051306,1.71,bA095412,bA,G,g
300647922553,2458826.9730951,3.0536042812389717,0.0560212387752746,15.188033732695903,0.019941238364383992,17.78175884150688,1.70,bA095857,bA,G,g
300647922553,2458827.9850581,5.378291261486608,0.07614418005753093,14.573454827902792,0.015388793407059693,17.44854882537076,1.66,bA096314,bA,G,g
300647922553,2458828.5307043,3.133083027874407,0.17841487159066427,15.160135862280399,0.06189724514970495,16.524062982129788,1.49,bm187054,bm,G,g
300647922553,2458828.531921,2.854900641992452,0.190431214295139,15.261088126629033,0.07250355661286462,16.453295269637074,1.48,bm187055,bm,G,g
300647922553,2458829.5470423,7.624924950816787,0.20679360172517902,14.194476688663546,0.029479064449680847,16.363797867970057,1.62,bm187375,bm,B,g
300647922553,2458830.7888279,2.574376676282033,0.333644410831195,15.373385392063483,0.14087175805932708,15.844430976437906,1.44,bi289947,bi,G,g
300647922553,2458837.1307226,3.3016526131780664,0.042472272071721946,15.10323718082269,0.01398254708480655,18.08237687550554,2.03,bA098812,bA,G,g
300647922553,2458837.5766662,3.412229502106685,0.060178076539130446,15.067470038386311,0.01916956427448393,17.70404485556545,1.51,bm189037,bm,G,g
300647922553,2458840.5921789,3.366215718387912,0.13395876365879314,15.08221076333749,0.04325550231604518,16.835212784775777,1.47,bm189900,bm,G,g
300647922553,2458841.9038272,2.6451681945962697,0.08237499121099683,15.343932391975523,0.03384965617986446,17.363152158279682,1.47,bq217448,bq,B,g
300647922553,2458843.0216078,6.102903565508741,0.0801529910244367,14.436224353419876,0.014275633785743237,17.392841278148744,1.48,bq217887,bq,G,g
300647922553,2458844.5187844,3.5352415040769007,0.062290487891737245,15.029017904173845,0.019152030201658135,17.666586280168715,1.58,bm190651,bm,G,g
300647922553,2458845.5338835,4.2172740685421495,99.99,14.837486058571345,99.99,99.99,1.71,bm190979,bm,G,g
300647922553,2458847.0589088,2.9416856953127906,0.03804384255868192,15.228574950694387,0.014057247124349572,18.201929672156783,1.74,bA100991,bA,G,g
300647922553,2458847.5000492,3.00034832393997,0.062313507989504274,15.20713643016341,0.022574736860116056,17.666185109183946,1.58,bm191465,bm,G,g
300647922553,2458848.0671938,7.984131828875689,0.08106294337720797,14.144496374454496,0.011035876769538988,17.38058468937532,1.74,bA101394,bA,G,g
300647922553,2458850.9666317,3.9267141788487687,0.07475535799319877,14.914992395759066,0.020693083378295018,17.468534797429683,1.54,bq220859,bq,G,g
300647922553,2458854.7970804,2.632447392259837,0.07557599732783687,15.349166370149865,0.03120587458802403,17.45668089396051,1.46,bE153224,bE,G,g
300647922553,2458855.8608135,2.904905489779991,0.0774222573493576,15.242235603990215,0.028969833218230857,17.430476037433635,1.47,bq222493,bq,G,g
300647922553,2458856.8023588,2.7435841861580172,0.19188863034951525,15.304269894911407,0.076022671095095,16.44501750397751,1.37,bi297342,bi,G,g
300647922553,2458856.8308286,5.500112652561194,0.09351790096780072,14.549136660417227,0.018481420068545435,17.22540373539936,1.57,bq222924,bq,G,g
300647922553,2458866.8981335,2.9162573756599657,0.047298528743915894,15.238000996781675,0.017629254782503687,17.965521531708454,1.67,bq226387,bq,G,g
300647922553,2458867.8600102,2.671095861197513,0.0531258313803044,15.33334193625908,0.02161864339295805,17.83937626268787,1.46,bq226813,bq,G,g
300647922553,2458871.7875272,4.242881443771308,0.11731682212056227,14.830913380501363,0.030054642488504067,16.97923988570747,1.49,bq227519,bq,B,g
300647922553,2458872.7731962,3.273927862335053,0.03995554845970404,15.112392857419986,0.01326539429215272,18.14869787020735,1.48,bq227958,bq,G,g
300647922553,2458874.7736264,2.760270306998029,0.055281159017260335,15.297686588233798,0.021768960877044993,17.796197761890618,1.55,bq228687,bq,G,g
300647922553,2458877.7676513,4.958021051033334,0.05593394602784905,14.66179470631557,0.012262506914710211,17.7834519639052,1.51,bq229408,bq,G,g
300647922553,2458879.7978442,2.775644930421441,0.05205346134381645,15.291655849868981,0.020384397394145867,17.861516577376296,1.45,bq230099,bq,G,g
300647922553,2458880.7904238,2.573089486631581,0.07565069097774747,15.373928396481883,0.031957307493405446,17.455608363609194,1.49,bi304028,bi,G,g
300647922553,2458881.7930039,3.2031862555172994,0.04586224292647245,15.136110141536198,0.015562711648331218,17.99900238543718,1.39,bi304383,bi,G,g
300647922553,2458882.7970969,7.284863512262721,0.08906972144148745,14.244012073961764,0.013289873509276108,17.278315376201757,1.56,bi304739,bi,G,g
300647922553,2458886.7787344,2.8181152095642314,0.1452032329744594,15.27516876261358,0.05600537569349422,16.747699896163248,1.62,bE162027,bE,B,g
300647922553,2458892.9060002,3.4878375636598546,0.06634071777882787,15.04367499559943,0.020674551073670465,17.59819019620821,1.45,bq233010,bq,G,g
300647922553,2458893.9034072,6.943165540167716,0.11321495874963057,14.296171822519675,0.01772386630556485,17.01788107979697,1.58,bq233394,bq,B,g
300647922553,2458894.9146999,4.163869533557778,0.06482936499578183,14.851322839004187,0.016923369119628003,17.623211192178815,1.46,bq233820,bq,G,g
300647922553,2458895.8909223,3.5134428068197865,0.04454971292947387,15.035733401488944,0.013782379185539836,18.030528336780833,1.49,bq234063,bq,G,g
300647922553,2458896.8575592,3.1383380238584397,0.04461990010832357,15.15831632546921,0.015454004971224383,18.02881912723447,1.53,bq234425,bq,B,g
300647922553,2458898.5545414,6.1063088438595265,0.0823074934594342,14.435618706804085,0.014651186026022583,17.364042171044083,1.40,bi309464,bi,G,g
300647922553,2458899.5916816,3.367271065539132,0.047273409581544475,15.081870425959005,0.015259876573458387,17.966098294438375,1.35,bi309799,bi,G,g
300647922553,2458903.6417937,6.085111377184439,0.08018236529449618,14.439394293207226,0.014322621145785527,17.392443453120244,1.43,bE166820,bE,G,g
300647922553,2458904.6900043,3.380562581665915,0.04310548459794682,15.077593172045166,0.013859760461341544,18.066309281801207,1.51,bq235048,bq,G,g
300647922553,2458905.6850578,2.79286265246804,0.06659965855393181,15.284941676103408,0.02591997610295082,17.593960604902446,1.46,bE167576,bE,G,g
300647922553,2458906.7276047,2.764069916888703,0.06200776116780134,15.296193061584248,0.024384238614213734,17.67152548360789,1.45,bE167929,bE,G,g
300647922553,2458907.3461902,6.086787922544618,0.07549485245815954,14.43909519674526,0.013481597072438236,17.457847259694685,1.61,bm204445,bm,G,g
300647922553,2458908.7359149,6.544828989713156,0.1190897419530573,14.360319863970643,0.019778266459148392,16.962954725893255,1.52,bq236492,bq,B,g
300647922553,2458911.509813,6.4202505358312125,0.08237099733264698,14.381185682870992,0.013945513847659446,17.36320480051226,1.55,bm205257,bm,G,g
300647922553,2458919.771844,4.9227743300317846,0.2937895038771862,14.669540804061148,0.06486919688958183,15.982549921860766,1.63,bi317013,bi,B,g
300647922553,2458919.8810419,5.058681619387533,0.10223560996640944,14.639972255098161,0.021967317053730895,17.128635130305664,1.98,bA115015,bA,B,g
300647922553,2458920.6424294,3.075924143191824,0.10993823258050302,15.180126569978437,0.03884948826073792,17.049768734541015,1.39,bi317283,bi,B,g
300647922553,2458923.5395628,6.509608379772465,0.08737727543541533,14.366178467151961,0.014590017378225255,17.299144364989097,1.44,bE173812,bE,G,g
300647922553,2458924.5599665,3.793021753095868,0.039030028262939075,14.952602288777028,0.011184735159886112,18.174143447021148,1.36,bi318644,bi,G,g
300647922553,2458929.2716348,3.086398016476682,0.06288775105270422,15.176435794298316,0.022147581348654664,17.656225451257185,1.59,bm208413,bm,G,g
300647922553,2458930.360019,2.840549810494097,0.06314897374481937,15.266559599142315,0.024164402468663266,17.65172486873414,1.44,bm208838,bm,G,g
300647922553,2458931.83669,7.01370988752444,0.10119237976218118,14.285196127476485,0.015682387623196705,17.13977108788628,1.54,bq239971,bq,B,g
300647922553,2458932.8188389,5.993429007062886,0.08236726864935644,14.455877208730254,0.014937966184424948,17.36325394958423,1.55,bq240254,bq,B,g
300647922553,2458941.872865,2.7148224340465874,0.072118871313704,15.315712048920906,0.028874845194958497,17.507518308345734,2.03,bA118629,bA,G,g
300647922553,2458959.7476993,4.0897757338496845,0.038446372596665966,14.870816887851863,0.010218050609787931,18.190502185140605,1.76,bA122506,bA,G,g
300647922553,2458964.7372942,7.31584730842082,0.08877609758891215,14.23940404081061,0.013189963401470564,17.28190048535665,1.48,bq243860,bq,G,g
300647922553,2458965.7318099,4.599358335505681,0.05761428791803594,14.743322505462631,0.013615861481029803,17.751315114929298,1.45,bq244209,bq,G,g
300647922553,2458966.7339274,3.315810650382796,0.04090112419665255,15.098591316864258,0.013407805324131277,18.12330249877756,1.45,bq244563,bq,G,g
300647922553,2458967.7287825,2.526256256181038,0.06370677403304391,15.393872117184578,0.02741071629006419,17.642176576570993,1.50,bq244911,bq,B,g
300647922553,2458969.8237348,7.621730457390409,0.09199538120181322,14.194931657589752,0.013119721318697142,17.243225553103297,1.72,bA126177,bA,G,g
300647922553,2458979.3061039,3.341005109332612,0.12000008511911664,15.090372772790865,0.03904060929602405,16.954686726182505,1.54,bm211610,bm,G,g
300647922553,2458980.7264591,2.7706280963804377,0.061476744651918894,15.293620037283057,0.02411819493998193,17.680863455310586,1.58,bq247712,bq,G,g
300647922553,2458982.6582084,2.7958394362313426,0.05495294955556354,15.283785056136946,0.021364412467382746,17.802663091958014,1.46,bq248012,bq,G,g
300647922553,2458983.6871595,7.579760827609772,0.0895438500746291,14.20092686707019,0.012840810420523716,17.2725512024332,1.49,bq248287,bq,G,g
300647922553,2458985.6697621,3.8460636917009428,0.0467118391591692,14.937524442335475,0.013201481381093118,17.979073194295612,1.47,bq248733,bq,G,g
300647922553,2458986.6762816,2.87540111321842,0.05488253681068379,15.253319530929904,0.02074664680406596,17.804055168041884,1.48,bq249067,bq,G,g
300647922553,2458988.6748515,2.803378949309209,0.05349394174456784,15.280861102578196,0.020741251862192587,17.831879110402397,1.51,bq249497,bq,G,g
300647922553,2458993.6626981,2.90866336130529,0.05634665775015325,15.240831971268005,0.021056533366668777,17.775470209941787,1.46,bq250529,bq,G,g
300647922553,2458996.6457467,7.475181196922213,0.09320670328479469,14.216011311439994,0.013553067321889812,17.229022743247416,1.54,bq251311,bq,G,g
300647922553,2459000.6400834,3.030930948427249,0.0928559126725933,15.196125516647419,0.03330011193883755,17.233116703952625,2.40,bq252482,bq,B,g
300647922553,2459002.6373456,5.2779865017390915,0.10769010061764299,14.59389493429995,0.022177862174244074,17.07220115460692,1.53,bq253032,bq,B,g
300647922553,2459003.2537419,4.185569835500776,0.17730873760590854,14.845679141150347,0.04604555562958752,16.530815267074264,1.54,bm218267,bm,B,g
300647922553,2459004.6307568,4.3006011822728425,0.13229945804712195,14.816242697348422,0.03343805962283446,16.84874544858542,1.69,bq253614,bq,B,g
300647922553,2459008.2334261,7.172172714570484,0.12218388616822683,14.26093877390456,0.01851720213767037,16.935105776087983,1.51,bm220347,bm,G,g
300647922553,2459024.2053505,2.852888664244471,0.07668713294415602,15.26185356384384,0.02921795733981127,17.440834358027615,1.70,bm224635,bm,G,g
300647922553,2459129.120311,4.91075026048153,0.10413157014035948,14.67219600139664,0.023048716240744196,17.108684569146124,1.68,bA174276,bA,G,g
300647922553,2459146.8760412,2.546925443718984,0.2678655908988305,15.38502504222042,0.11431753987735288,16.082848288438193,1.53,bE175149,bE,B,g
300647922553,2459158.0529482,2.937764817880171,0.09129806439700333,15.230023058542061,0.0337797722658035,17.251486685969294,1.71,bA183174,bA,G,g
300647922553,2459164.8642975,3.120158961076052,0.18312559152829094,15.164623821403136,0.06379468433889197,16.495768010069654,1.54,bi325098,bi,B,g
300647922553,2459168.8317367,7.432165526254049,0.10144896788357462,14.222277188461225,0.014836943132553385,17.13702152897117,1.50,bE179883,bE,G,g
300647922553,2459171.8196907,2.955432056013031,0.06132761791739472,15.223513173345554,0.022555231517643055,17.68350037098638,1.46,bi327267,bi,B,g
300647922553,2459174.0193944,4.730869753782989,0.05130529283030392,14.712713143300103,0.011787816098095179,17.87723518460697,1.78,bA187148,bA,G,g
300647922553,2459180.0009391,5.836674539029918,0.1027478991208583,14.48465192945746,0.019134611378035363,17.123208234817568,1.63,bA188012,bA,G,g
300647922553,2459183.5418878,2.849975384023745,0.173307437963841,15.262962850005536,0.06609799193940238,16.555597606311547,1.49,bm260205,bm,B,g
300647922553,2459184.8152778,2.740735944811657,0.12121137649039485,15.305397633246809,0.048071575970178235,16.94378215355105,1.61,bE184692,bE,B,g
300647922553,2459187.0179909,3.8214743341801465,0.09662558586787466,14.944488254486398,0.027483583963016,17.189910260984867,1.67,bA190338,bA,G,g
300647922553,2459191.9719851,7.388057056424417,0.08476182023762203,14.228740020414985,0.012470452325709598,17.33213992519773,1.74,bA192444,bA,G,g
300647922553,2459194.0196333,3.2310071432747076,0.03231148717067204,15.126720826834717,0.01087004149166195,18.379248243080767,1.82,bA193364,bA,G,g
300647922553,2459196.7436425,3.592193942664892,0.053110855531112916,15.011666181779459,0.01607073329450057,17.839682368276147,1.44,bE188136,bE,G,g
300647922553,2459198.9120785,7.0715661338968605,0.07915005846187638,14.276276604060786,0.012165999809968655,17.406512511498647,1.53,bq303137,bq,B,g
300647922553,2459200.8341742,5.3100434396575205,0.06250632406940343,14.587320437503985,0.012794934235332667,17.662830713301933,1.46,bq303939,bq,B,g
300647922553,2459201.7505751,5.705720276820068,0.07350392196084699,14.509289430938619,0.014002713675489609,17.486864330380946,1.37,bi336749,bi,G,g
300647922553,2459205.9137906,6.238178744547726,0.08162273912111792,14.412421085834024,0.014222158781111216,17.373112699266404,2.00,bA195909,bA,G,g
300647922553,2459207.9113116,3.1852954005892142,0.0977606268968193,15.142191336022261,0.03336003026756871,17.177230666814737,1.67,bA196794,bA,G,g
300647922553,2459208.967303,2.668685410646541,0.08108359851481942,15.334322168773298,0.03302537866027752,17.380308075016742,1.48,bq307163,bq,G,g
300647922553,2459209.8493784,2.7904023365343376,0.06944584705555415,15.285898555012981,0.02705151704341109,17.548524912636218,1.46,bE191937,bE,G,g
300647922553,2459209.9202765,3.100012920907518,0.08676922143009257,15.171656862319821,0.030423863876043337,17.306726359950837,1.99,bA197646,bA,G,g
300647922553,2459213.0089374,3.280066302091329,0.0886238035691808,15.110359066096494,0.02936837624575752,17.28376464842023,1.56,bq308724,bq,B,g
300647922553,2459219.8736777,4.121624238363243,0.0376440436536803,14.862394633929014,0.00992750342768977,18.213399940510815,1.69,bA200969,bA,G,g
300647922553,2459220.7241149,6.323052239437779,0.10638104334799806,14.397748697637748,0.018287302473212072,17.0854799979083,1.44,bE194990,bE,G,g
300647922553,2459222.8764997,3.609331476718318,99.99,15.006498699830226,99.99,99.99,1.73,bA202247,bA,G,g
300647922553,2459223.723987,2.7869369435550073,0.055656653503779234,15.287247765780554,0.021707115636042666,17.788847887103568,1.40,bi343434,bi,G,g
300647922553,2459224.7152628,2.8076154034493435,0.05414769409477053,15.279221581229713,0.020963052546704743,17.818690694645486,1.47,bi343734,bi,G,g
300647922553,2459228.8554939,2.8110259997959726,0.04341369832113674,15.277903466004911,0.016787038798787252,18.05857365133476,1.73,bA204254,bA,G,g
300647922553,2459229.8221052,2.7890763854849463,0.06370762131365149,15.286414600743734,0.02482808102056338,17.642162136707608,1.39,bi345381,bi,G,g
300647922553,2459230.8362108,6.058465499529595,0.07096324256261129,14.444159024521797,0.012731599992304188,17.525056982105834,1.49,bq314600,bq,G,g
300647922553,2459231.7676494,6.344043361153183,0.08554096102417419,14.39415026554162,0.014656158567642208,17.32220529868745,1.42,bi345972,bi,G,g
300647922553,2459236.018016,5.677548143322487,0.07860474581472633,14.514663558407863,0.015048739164537346,17.41401869230655,1.78,bA206124,bA,B,g
300647922553,2459237.8731899,5.1615517596507345,0.11361151687861339,14.618114905355553,0.02392512658329718,17.01408471559033,1.42,bi347880,bi,G,g
300647922553,2459240.7091802,3.7280872074281457,0.12392778946082293,14.971350465235464,0.03613223390020487,16.919718853648927,1.56,bq317611,bq,B,g
300647922553,2459246.9748371,2.8623255496885944,0.07777482427530132,15.25826805431964,0.029534674168125587,17.42554301510358,1.69,bA209074,bA,G,g
300647922553,2459248.8313354,2.7679600806054165,0.079644723277446,15.294666066145759,0.031275867016692424,17.399748092279495,1.49,bq320178,bq,B,g
300647922553,2459249.9238877,4.818735312888229,0.06402812115330508,14.692732943024907,0.014442748842449733,17.636713716350915,1.54,bq320574,bq,G,g
300647922553,2459250.6950814,3.0197339109346615,0.06525900156246045,15.200143932194033,0.02349004893896272,17.616039549030404,1.48,bE203278,bE,G,g
300647922553,2459250.7370467,5.85285846457965,0.08015593991379799,14.481645567248474,0.014886063309526819,17.392801333824682,1.39,bi351446,bi,G,g
300647922553,2459253.7439814,3.1129476244762433,0.05127373871588303,15.167136087996685,0.017903392994141436,17.87790314656762,1.46,bi352477,bi,G,g
300647922553,2459254.7885979,3.007262530156758,0.059628656301958745,15.204637264517162,0.021552410605992767,17.714003054253407,1.55,bi352845,bi,G,g
300647922553,2459257.052491,2.833008203268229,0.04061785772616989,15.269446042115124,0.015584086662227142,18.13084807634024,1.72,bA211134,bA,G,g
300647922553,2459260.7429337,2.6727523856202375,0.06395171108396527,15.33266880763927,0.026007919705948217,17.63801018919507,1.38,bi354899,bi,G,g
300647922553,2459264.4624164,2.7821812380063395,0.06826545816181687,15.289102078359356,0.026670291620422292,17.567138088122725,1.59,bm279979,bm,G,g
300647922553,2459267.8029532,2.7964416374216357,0.06301990775033751,15.283551222526379,0.024495379703967556,17.653946203666045,1.37,bi357456,bi,G,g
300647922553,2459268.7800831,5.149050872222567,0.06998215219346367,14.620747665671805,0.014773122002422841,17.540172375414322,1.44,bi357812,bi,G,g
300647922553,2459269.7916575,5.743999930708651,0.11525083929031626,14.502029557294136,0.02180930586937916,16.99853036961062,1.52,bE209729,bE,B,g
300647922553,2459276.4815664,3.2119462479819205,0.14038662880953084,15.133144950441972,0.04750831737777853,16.784326248488618,1.56,bm283277,bm,G,g
300647922553,2459278.5013099,5.4327007716022155,0.0935501919064911,14.562526159449805,0.01871720815809237,17.225028904598112,2.00,bm283964,bm,G,g
300647922553,2459280.4469633,5.173608066467592,0.0666445838631417,14.61558180959998,0.014001788333783141,17.59322846014808,1.69,bm284506,bm,G,g
300647922553,2459283.8709188,2.849310621930385,0.06431021736256035,15.263216129547864,0.02453309570345746,17.631940667791554,1.53,bq328632,bq,B,g
300647922553,2459286.3885587,6.649857803544917,0.08187174636054706,14.34303472548915,0.013382395726616751,17.369805475988013,1.49,bm285756,bm,B,g
300647922553,2459287.7632837,5.662622566271154,0.07456068611185382,14.517521583944513,0.014312135955759357,17.47136587202248,1.50,bE215825,bE,G,g
300647922553,2459291.8983039,3.5212775717902387,0.029532498845495202,15.033314970892278,0.009116163542609974,18.476890122297714,1.71,bA216625,bA,G,g
300647922553,2459295.566329,2.7627139315603078,0.0893622679286352,15.296725827993816,0.03515850802097757,17.2747551558803,1.37,bi366967,bi,G,g
300647922553,2459296.8410531,2.8023140520875636,0.07322915870243889,15.281273610891265,0.02840399403977959,17.490930499573604,1.56,bq331635,bq,B,g
300647922553,2459297.7271219,2.929265886324341,0.08612737855609032,15.233168637493872,0.03195910492758582,17.31478753926123,1.37,bi367877,bi,G,g
300647922553,2459302.819052,3.6660193010334137,0.25076255375375706,14.98957875446589,0.07434985220448002,16.154483901383415,1.58,bq333336,bq,B,g
300647922553,2459304.7073585,2.553649660879473,0.12626478374554492,15.382162333565182,0.05374438485462969,16.899435013312477,1.37,bi370340,bi,G,g
300647922553,2459305.6980377,3.1663800554453574,0.11266424098444343,15.148658018994944,0.03867543673231147,17.023175373399532,1.54,bi370726,bi,G,g
300647922553,2459306.5537324,2.843423684717126,0.06289880069689477,15.265461680737037,0.0240443455523446,17.65603469956535,1.55,bi371014,bi,G,g
300647922553,2459307.8814367,3.241941675610438,0.027647685911610282,15.123052628842135,0.009269701777395885,18.54849364375773,1.70,bA221133,bA,G,g
300647922553,2459311.6056858,2.9841984762772773,0.05770343168279017,15.21299636156961,0.021017744594716226,17.74963650677721,1.49,bi372985,bi,G,g
300647922553,2459312.5756124,2.8798290675049625,0.053735120092300165,15.251648844934884,0.02028166875937695,17.826995051901548,1.43,bi373375,bi,B,g
300647922553,2459313.5846577,2.8873466280820628,0.07420003436359951,15.248818311327561,0.027932985420027586,17.476630345417185,1.46,bE224557,bE,G,g
300647922553,2459315.3574687,2.918759583330057,0.06896696224155305,15.237069812641213,0.025683543729033267,17.556037868377373,1.58,bm294354,bm,G,g
300647922553,2459315.6352574,5.146837003509752,0.07150149724152226,14.621214585568396,0.015100345841103301,17.51685277138273,1.45,bi374654,bi,G,g
300647922553,2459317.778242,2.7648236255072893,0.05203392919492147,15.295897042594612,0.02045650151725489,17.861924057309288,1.57,bq338041,bq,G,g
300647922553,2459317.8386477,4.015541061125403,0.03772750832219145,14.890705444366514,0.01021236256722034,18.210995302498535,1.71,bA223751,bA,G,g
300647922553,2459318.672799,2.7221231742872947,0.06890799098535288,15.312796190151612,0.027515283257187953,17.556966640867266,1.58,bE226629,bE,G,g
300647922553,2459320.4162506,2.8127563203794375,0.06850300900385964,15.277235349191127,0.026472180279539844,17.563366490555232,1.62,bm296346,bm,G,g
300647922553,2459324.7502506,3.1818550012809173,0.07459282363271433,15.143364660418769,0.025481725625421517,17.47089799338484,1.47,bq339128,bq,B,g
300647922553,2459329.8016493,2.859096272224345,0.13344211955740448,15.259493674083256,0.050731338967739466,16.83940828254004,2.32,bA227795,bA,G,g
300647922553,2459331.5430145,2.5817553945061826,0.17193123224360804,15.370277889431836,0.07238554611932167,16.564253671920664,1.53,bE231403,bE,B,g
300647922553,2459337.4713728,3.7067840209432807,0.0559936840447769,14.977572416747783,0.0164192733390446,17.78229300549796,1.51,bi382622,bi,G,g
300647922553,2459338.5996212,2.676051723030419,0.07230963277994923,15.331329364107777,0.02937066808474165,17.50465022143845,1.52,bi383138,bi,G,g
300647922553,2459340.6689741,4.259686853050397,0.04904674060194141,14.826621438487287,0.012515397588240714,17.92611523228605,1.50,bq342338,bq,G,g
300647922553,2459343.7973742,7.913817354479581,0.08133442815460828,14.154100565220983,0.011171219041911781,17.376954567487605,1.69,bA230962,bA,G,g
300647922553,2459345.4717148,2.805459463894989,0.06024711149784355,15.28005562738084,0.023342340747140016,17.70280003687758,1.36,bi384984,bi,G,g
300647922553,2459347.7907394,2.7495006309680434,0.045598466625615695,15.301931063077722,0.018026382726294095,18.005265015045936,1.72,bA232485,bA,G,g
300647922553,2459351.5257175,2.7604177621984176,0.06964749516210003,15.29762858914105,0.02742476161613599,17.545376856808545,1.54,bi387181,bi,G,g
300647922553,2459351.5367986,2.8304917447593168,0.07651601993184702,15.270410890818496,0.029383440893771096,17.443259682393794,1.46,bE237396,bE,B,g
300647922553,2459356.748464,7.732250631440249,0.1140794218282611,14.179300815510384,0.016036646697439105,17.009622332833825,2.00,bA235416,bA,G,g
300647922553,2459360.5387744,4.9438930029410555,0.12706080761921643,14.664892964620337,0.027935388855905408,16.892611582805745,1.51,bE240322,bE,B,g
300647922553,2459363.7470674,6.171737881914757,0.07728358032903794,14.424046939811968,0.013611059521525871,17.432422527680107,2.43,bA237962,bA,G,g
300647922553,2459368.2633809,3.263338607177117,0.07170966584602424,15.115910274926401,0.023885136771171524,17.51369636450897,2.28,bm307466,bm,B,g
300647922553,2459369.5254586,2.948748455921527,0.06322967650196551,15.225971306081323,0.023307484605291088,17.650338211779083,1.53,bi393477,bi,G,g
300647922553,2459370.4615967,2.9406698692018534,0.07228946103478343,15.22894994305425,0.026720272801683546,17.50495314441817,1.55,bi393867,bi,B,g
300647922553,2459371.5328384,4.337193690339955,0.06649372649477411,14.807043579034186,0.01666418307054386,17.595688929659033,1.44,bE244454,bE,G,g
300647922553,2459371.5341232,4.597056618437926,0.06599920831863967,14.743865990639902,0.015605261336968573,17.603793796258284,1.48,bE244455,bE,G,g
300647922553,2459373.5145593,4.561764501331166,0.06601706147975807,14.752233469038663,0.015730245500515553,17.603500138157756,1.42,bi395157,bi,G,g
300647922553,2459374.5173138,3.3082580964984656,0.06316118634298055,15.101067162166375,0.02075214853670201,17.65151491476037,1.52,bE245706,bE,G,g
300647922553,2459375.4802166,2.909960291243617,0.07439534493831906,15.240347965463032,0.027788869013459765,17.473776207081837,1.36,bi396013,bi,G,g
300647922553,2459376.511395,2.7709967002737828,0.07608882540952468,15.293475600729703,0.029846749728060444,17.44933841167508,1.56,bE246542,bE,G,g
300647922553,2459377.483169,2.739837679126811,0.07077200780514245,15.305753537446327,0.028076880621952995,17.527986819605633,1.48,bE246943,bE,G,g
300647922553,2459383.4980303,2.8518502914970556,0.1111082432435228,15.262248813795535,0.04234788550177633,17.0382749091312,1.64,bE248863,bE,G,g
300647922553,2459387.4757346,3.296049340813481,0.12419481616177816,15.105081361471175,0.04095641522159976,16.91738193905734,1.53,bE250418,bE,G,g
300647922553,2459388.4675299,2.8903473000896307,0.16214064496922143,15.247690547008217,0.06097531306456456,16.6279108708477,1.57,bE250834,bE,G,g
300647922553,2459390.4692001,2.2430085636131327,0.2902281026497866,15.522988293069764,0.14064383617822418,15.995791954774932,1.83,bE251373,bE,G,g
300647922553,2459392.4775375,5.268375564048452,0.07734797730258375,14.595873805466322,0.015958218496436794,17.431518208655344,1.47,bE251830,bE,G,g
300647922553,2459394.4525448,3.1449530158431487,0.07192258315115659,15.1560302181092,0.024857834257824576,17.51047741893449,1.63,bi402810,bi,G,g
300647922553,2459493.1248145,2.5630155618849955,0.09355492402951528,15.378187514527177,0.03967597244704261,17.224973985337694,1.69,bA280385,bA,G,g
300647922553,2459496.1432058,5.7975160184327725,0.16644785704503043,14.491960729133364,0.031206741502631734,16.59944509107498,2.21,bA281357,bA,G,g
300647922553,2459505.1451965,2.5247773636338184,0.13544348674914022,15.39450790278737,0.058310559722848376,16.823245298002966,1.74,bA283437,bA,G,g
300647922553,2459508.1435391,8.114542972165069,0.26813367502474034,14.12690546106213,0.03591695154807461,16.081762209839965,1.66,bA284685,bA,G,g
300647922553,2459509.1124382,5.710782156727903,0.13244992098885708,14.508326637531058,0.025209735106610936,16.847511352539573,2.01,bA285080,bA,G,g
300647922553,2459513.0833093,2.818427287517176,0.06326336513795275,15.275048534891448,0.024398191015400684,17.64975988790971,1.75,bA286745,bA,G,g
300647922553,2459514.861929,2.8715340545608923,0.12152552545302277,15.254780694524587,0.046000834376013384,16.940971842550844,1.49,bE294141,bE,G,g
300647922553,2459520.1428676,3.609331476718318,99.99,15.006498699830226,99.99,99.99,1.72,bA289748,bA,G,g
300647922553,2459522.8451409,2.840203597170907,0.07382886414304206,15.26669193945461,0.02825458197884357,17.48207514430732,1.52,bE296420,bE,G,g
300647922553,2459523.9686688,4.485919445869105,0.0543771844762528,14.7704369456699,0.013175812899338323,17.81409881874574,1.53,bq385576,bq,G,g
300647922553,2459528.0356095,8.246514697472627,0.09158954839421832,14.109389528929832,0.012072234222870947,17.248025817384267,1.66,bA293094,bA,G,g
300647922553,2459530.0353858,3.6003131652501734,0.02956710531001011,15.009214925902334,0.008926489577589285,18.47561859108278,1.83,bA293868,bA,G,g
300647922553,2459533.9665296,3.0573542200970483,0.04858073326695119,15.186701226545193,0.017271516825978234,17.936480447281173,1.63,bq389585,bq,G,g
300647922553,2459537.8250734,4.875718418372432,0.09498562043183724,14.679969081351054,0.02117539011497868,17.208495951898595,1.41,bi454183,bi,B,g
300647922553,2459540.8038446,3.162641656258107,0.15140987664216402,15.149940655080698,0.05203749610590918,16.702255097387923,1.40,bi455158,bi,G,g
300647922553,2459541.8075256,2.431475565902274,0.1672013475519187,15.435390848119244,0.0747449810780593,16.59454117820616,1.43,bi455496,bi,B,g
300647922553,2459547.8099999,2.789248485703285,0.08504314274998115,15.286347607356912,0.033140897670139405,17.328542358778403,1.39,bi457283,bi,G,g
300647922553,2459555.7759484,6.207644840347669,0.0856032683061642,14.417748468397203,0.014989103462039965,17.321414745887278,1.51,bE306517,bE,G,g
300647922553,2459559.7606222,2.721945284986201,0.07603722416270611,15.312867144753358,0.03036400369782326,17.450074976440778,1.52,bE307709,bE,G,g
300647922553,2459560.7571082,2.857958279300566,0.06612982311480085,15.25992591069156,0.02515090686826936,17.6016472088244,1.40,bi461187,bi,G,g
300647922553,2459562.7540213,6.8195487593928625,0.10587670877151525,14.315676525006552,0.016875512319046583,17.09063952997718,1.50,bE308608,bE,G,g
300647922553,2459563.8748658,2.7794997497008147,0.05259444046051085,15.290149024118369,0.020567683113454572,17.850291013649553,1.51,bq398341,bq,G,g
300647922553,2459565.8966894,2.9181447158251137,0.11301639713541482,15.237298558524133,0.04209657912563951,17.01978696581303,1.50,bq399148,bq,G,g
300647922553,2459567.7217333,2.97154483930861,0.24847280993457566,15.217609902389812,0.0908884623447492,16.164443433008717,1.55,bE309977,bE,G,g
300647922553,2459570.7380359,2.593287828160813,0.16845053638660176,15.36543881816762,0.07060473855913124,16.586459615901333,1.43,bi464189,bi,G,g
300647922553,2459575.7786528,4.967942660415359,0.05986564462235103,14.659624185766374,0.01309824957700721,17.709696453270396,1.49,bq402386,bq,G,g
300647922553,2459577.9353246,3.0166295417350266,0.05279055245642703,15.201260672879563,0.01902157175246719,17.84625009408317,1.54,bq403061,bq,G,g
300647922553,2459579.525355,4.0645917298097585,0.061587544075354314,14.877523299360718,0.016469792574649495,17.67890839622335,1.51,bm345617,bm,G,g
300647922553,2459581.4451809,3.1157955380136273,0.11888507389435767,15.166143244666863,0.041473487213892185,16.964822281292218,1.48,bm346070,bm,G,g
300647922553,2459583.7518218,3.2340755439737987,0.04460534587830803,15.125690221615569,0.014991632368390139,18.02917333314168,1.56,bq404212,bq,B,g
300647922553,2459584.8366273,2.995838238454767,0.04397282887436586,15.208769722913836,0.015954317062513983,18.044679597210518,1.59,bq404712,bq,G,g
300647922553,2459586.8924386,4.2195938831363335,0.03606289078590689,14.836888987058284,0.009289707829269073,18.25998926983784,1.65,bA301211,bA,G,g
300647922553,2459588.5378867,3.225686993678902,0.07352982177960399,15.128510064551609,0.024777270541833745,17.486481828099546,2.37,bm347572,bm,G,g
300647922553,2459590.5401299,6.985571165478026,0.08649108923176131,14.28956081882166,0.013458033893832752,17.31021219528932,1.72,bm347726,bm,G,g
300647922553,2459591.833474,3.1095221177338805,0.06299839260893215,15.168331496642969,0.022021555439285478,17.65431693979143,1.34,bi469750,bi,G,g
300647922553,2459592.8526218,7.100648762260319,0.09052637815455655,14.271820545907822,0.01385764039583269,17.260702748573934,1.42,bq407314,bq,G,g
300647922553,2459593.9427493,3.2205093102678206,0.06735204944512616,15.13025422476022,0.022732040911500467,17.58176357309247,1.52,bq407832,bq,G,g
300647922553,2459596.9468244,4.621428405056944,0.11052705159919582,14.738125048892625,0.025995880285169744,17.04396914891359,1.74,bA304841,bA,G,g
300647922553,2459602.8415095,2.876902809087464,0.04041861590885941,15.25275264655362,0.015271033148227581,18.136187017702085,1.77,bA307112,bA,G,g
300647922553,2459604.4080979,7.2449211606575545,0.10978805375106314,14.249981462697882,0.016471516858153547,17.051252895771093,2.07,bm350345,bm,G,g
300647922553,2459605.9312568,3.7688786455408336,0.03669855277408107,14.95953523781215,0.010583978691744506,18.241018266522012,1.73,bA308453,bA,G,g
300647922553,2459607.3757201,3.5400374843600937,0.06567158885874222,15.027545970632621,0.02016423897157798,17.609196802098374,2.42,bm351069,bm,G,g
300647922553,2459608.6625848,4.1450301967056475,0.058292807724178504,14.856246375407354,0.015286196847646392,17.738603176448137,1.37,bi474403,bi,G,g
300647922553,2459609.4508774,4.687452319711772,0.04291998407158472,14.722723464384867,0.009952561309981968,18.070991731144503,2.27,bm351727,bm,G,g
300647922553,2459613.0272569,2.8025187682495476,0.04259286263455219,15.281194297999699,0.01651963595914908,18.079298537284426,1.71,bA311089,bA,G,g
300647922553,2459613.6530314,7.444449907536141,0.10849762454157208,14.220484092363277,0.01584162725969592,17.0640900369435,1.43,bi475838,bi,G,g
300647922553,2459614.0213929,2.766160013788216,0.04506009101184065,15.29537237455613,0.01770626411752797,18.01816045001325,1.69,bA311439,bA,G,g
300647922553,2459614.6300369,5.974089524331531,0.07835514309760348,14.459386306260491,0.014256337045982389,17.417471841223833,1.54,bE320520,bE,G,g
300647922553,2459614.9404477,2.756615472433691,0.03993256228792321,15.299125148663748,0.015745743083380403,18.149322667047993,1.70,bA311768,bA,G,g
300647922553,2459618.7810794,7.115297823835681,0.08872328307020312,14.269582914800893,0.013553663325265664,17.28254660182848,1.79,bA313139,bA,G,g
300647922553,2459619.8744321,2.923753932902839,0.048223756286312355,15.23521357475451,0.017928022535782767,17.944488021946146,1.47,bq414655,bq,G,g
300647922553,2459621.3953259,3.3003652056269432,0.06633943555511501,15.103660622577806,0.021848516037614455,17.598211181361943,2.09,bm354066,bm,G,g
300647922553,2459622.4992135,5.797290363188263,0.0754898734311742,14.492002989790546,0.014153890026331196,17.457918868393282,2.29,bm354492,bm,G,g
300647922553,2459629.4441929,5.121053614812166,0.15158664667912106,14.626667315533977,0.03217464736941236,16.700988246872864,2.29,bm355825,bm,G,g
300647922553,2459630.5588282,1.5894968737079593,0.22188434212947797,15.896916427126653,0.1517326877069056,16.287323971079548,1.55,bm356247,bm,G,g
300647922553,2459632.7553085,3.941255169512729,0.07123102439115692,14.910979238795036,0.01964476370650708,17.52096763622488,1.44,bE326296,bE,G,g
300647922553,2459633.593224,6.428949884993809,0.08570952258277605,14.379715521385846,0.014491095157539154,17.32006792141232,1.40,bi482415,bi,G,g
300647922553,2459634.4651633,6.639381658921821,0.10144072009032343,14.34474653629546,0.01660721704767854,17.137109802829112,1.98,bm357588,bm,G,g
300647922553,2459634.7200216,2.772050914862248,0.07988446992408858,15.293062615296577,0.03132371959841019,17.396484717031726,1.48,bE326947,bE,G,g
300647922553,2459634.7459299,3.0244016871948625,0.08515313488247786,15.198466943117042,0.03060365813804601,17.32713900896632,1.37,bi482873,bi,G,g
300647922553,2459635.7498265,2.7128721710507198,0.0649594945764298,15.316492295927638,0.026027081936330555,17.62103401850107,1.50,bi483244,bi,G,g
300647922553,2459636.6711067,2.9115337521722866,0.05943231298996936,15.239761049621192,0.022187735298720236,17.7175840302341,1.39,bi483553,bi,G,g
300647922553,2459637.8779988,3.540590554963559,0.035933957927550275,15.027376356079829,0.01103167658471379,18.26387797398112,1.70,bq420841,bq,G,g
300647922553,2459639.5945876,7.0784927720201285,0.10666567246771569,14.275213639950406,0.016379327078324502,17.082578922218072,1.48,bE328520,bE,G,g
300647922553,2459640.6013256,4.249194068638789,0.06421732245056597,14.829299205823315,0.016426982698069127,17.633510127331498,1.50,bE328886,bE,G,g
300647922553,2459643.8757284,3.746139240610671,0.026666230148865298,14.96610583310048,0.007737307907909159,18.587736553776235,1.67,bA322394,bA,G,g
300647922553,2459644.8275686,3.135973585288824,0.034606176216989054,15.159134632509215,0.011994810513700629,18.304756574172213,1.52,bq422485,bq,G,g
300647922553,2459645.8738447,2.8707353964373596,0.049572658420565296,15.255082711715852,0.018769867970781968,17.91453508811392,1.54,bq422826,bq,G,g
300647922553,2459647.715101,2.6791693509593837,0.05391663221791247,15.330065206437691,0.021874330190618296,17.823333718594686,1.55,bq423362,bq,G,g
300647922553,2459648.3628851,6.640159744459806,0.08263585018324775,14.344619303642723,0.013527020394514026,17.35971936242151,1.98,bm360815,bm,G,g
300647922553,2459649.9127186,3.5374950206007725,0.030637199803766713,15.028326029239087,0.009413809472691067,18.437017939241976,1.71,bA324522,bA,G,g
300647922553,2459651.6567477,5.245568938549811,0.06617151139954955,14.600584124765428,0.013711678697136735,17.60096297564217,1.51,bq424753,bq,G,g
300647922553,2459652.706545,3.116074676746601,0.10077327288687342,15.166045979795067,0.035151970842928426,17.144277202221886,1.49,bq425170,bq,G,g
300647922553,2459657.9357932,2.238591748364305,0.17579215713898433,15.525128375827784,0.08535653354946308,16.540141872982915,2.01,bA327798,bA,G,g
300647922553,2459659.6765101,2.9138826784199563,0.09882310305825488,15.23888546778494,0.03686367236511889,17.165494394765762,1.47,bE335360,bE,G,g
300647922553,2459661.5393047,3.098168752567645,0.0481252001346836,15.17230294870413,0.016884167495086463,17.946709239971156,1.57,bi492286,bi,G,g
300647922553,2459663.8101922,3.3811194794476425,0.03721951388585692,15.077414327763556,0.011965265823969463,18.225713869873676,1.48,bq428335,bq,G,g
300647922553,2459664.6535988,4.116114695307026,0.03394246495418146,14.86384695265577,0.008963303109097995,18.325782165786293,1.47,bE336522,bE,G,g
300647922553,2459665.7161943,3.0621120695685997,0.0574757384958253,15.185012919028022,0.020402136623501044,17.75392921106252,1.53,bi493908,bi,G,g
300647922553,2459665.8077903,2.8132160053085205,0.055192103973833256,15.277057923301873,0.021324852855116285,17.79794823622606,1.47,bq429064,bq,G,g
300647922553,2459666.8169111,3.3462729590433025,0.03911639000571771,15.088662212447272,0.01270602121942916,18.171743692532317,1.50,bq429428,bq,G,g
300647922553,2459669.5067312,2.904284546025523,0.056530779326798654,15.242467712464462,0.021157189763774408,17.77192817985472,1.39,bi495312,bi,G,g
300647922553,2459670.2588748,3.834905847773918,0.05049696394004675,14.940678857563338,0.014312738424731035,17.894477442567386,1.59,bm364393,bm,G,g
300647922553,2459671.281367,2.9340884628052133,0.07636137404847648,15.231382613059925,0.028288681334303366,17.445456275197884,1.49,bm364579,bm,G,g
300647922553,2459672.8046016,2.960587118229129,0.050200404008769905,15.221621009396266,0.01843068768194533,17.900872580627773,1.48,bq431072,bq,G,g
300647922553,2459674.6634958,2.954503179749663,0.046547112261620935,15.223854467981434,0.017124600707039767,17.98290875409641,1.46,bq431667,bq,G,g
300647922553,2459675.6477724,4.865352187733938,0.06189230056233886,14.682279914854856,0.013827208626598104,17.67354904669755,1.47,bE340671,bE,G,g
300647922553,2459675.6533495,5.235970668660951,0.06267328492591337,14.602572609744707,0.013010603018992485,17.659934465971585,1.52,bi497799,bi,G,g
300647922553,2459676.644425,6.456517790338839,0.07695412775157039,14.375069742226724,0.012955248285612777,17.43706081152862,1.38,bi498204,bi,G,g
300647922553,2459676.6532337,5.473327179181112,0.060921021230290404,14.554437097912656,0.01209839996211946,17.69072267423381,1.46,bE341069,bE,G,g
300647922553,2459677.7910566,2.80255939272616,0.055782477346484775,15.281178559605411,0.02163491261162772,17.78639611709322,1.53,bq432654,bq,G,g
300647922553,2459683.8283494,3.0630419795959707,0.09177510076642639,15.184683249934466,0.032567475397281775,17.24582843639428,1.70,bA335725,bA,G,g
300647922553,2459685.6071829,2.6271768086397183,0.11691042316095519,15.35134236796014,0.048370001781447874,16.983007530297833,1.51,bE344554,bE,G,g
300647922553,2459687.7534917,7.066104121202294,0.14918137758622999,14.277115540762717,0.02294810103389618,16.718354078337658,1.44,bq435065,bq,G,g
300647922553,2459688.780197,4.504356327948384,0.17939384180948223,14.765983774500945,0.04328993803282631,16.518121784934877,1.56,bq435378,bq,G,g
300647922553,2459689.6491294,5.268778234872694,0.1209195518077095,14.595790823989343,0.024945877314257136,16.946399289487182,1.50,bE345959,bE,G,g
300647922553,2459690.752117,2.704373899373926,0.05189056582941946,15.319898782798056,0.020856135668991124,17.864919595465377,1.46,bq436024,bq,G,g
300647922553,2459691.6419068,2.990501693642191,0.07350368014644418,15.210705490515368,0.0267163548767961,17.48686790225952,1.39,bi503826,bi,G,g
300647922553,2459692.6467424,2.8559925094791145,0.06909967476985306,15.260672962120061,0.026298508098973668,17.553950603208953,1.47,bE347137,bE,G,g
300647922553,2459693.7457691,7.708258199307084,0.09026349930048909,14.182674988403019,0.012728232073035858,17.263860196263984,1.49,bq437029,bq,G,g
300647922553,2459695.6332669,6.3143311666289454,0.07657942267585925,14.399247233480457,0.013182473442073437,17.442360391632185,1.47,bq437507,bq,G,g
300647922553,2459696.7592951,2.910567535001986,0.03505336513562852,15.24012142018891,0.013090740340113247,18.29081631961689,2.09,bA339484,bA,G,g
300647922553,2459698.6878814,2.8162940540539294,0.05314241931075204,15.275870626623941,0.020510464511924616,17.839037306947503,1.50,bq438240,bq,G,g
300647922553,2459699.5604465,2.9083911421940565,0.057152018461864136,15.2409335890695,0.02135949264059939,17.760061678534772,1.42,bi506804,bi,G,g
300647922553,2459700.6214484,3.1511939921704935,0.05660106019271488,15.153877772760548,0.01952367631655851,17.770579196389633,1.41,bi507250,bi,G,g
300647922553,2459702.7137292,3.261822466590656,0.046974320246020745,15.116414823009501,0.015653532425093326,17.97298935082202,1.47,bq439575,bq,G,g
300647922553,2459703.5431378,4.651481769946078,0.05232623814129336,14.731087314250903,0.01222757577450701,17.85584182796603,1.40,bi508272,bi,G,g
300647922553,2459703.6140163,3.3263055791349503,0.06467079765881298,15.095160261700071,0.021132858545004584,17.62587006736709,1.47,bE351060,bE,G,g
300647922553,2459704.5233889,3.759535399980825,0.03794264991503038,14.96223017598142,0.010969975379781576,18.20482146458569,1.40,bi508672,bi,G,g
300647922553,2459704.6137533,2.672537722876892,0.06928869860432758,15.332756012302687,0.028180632282981666,17.55098460045485,1.45,bE351462,bE,G,g
300647922553,2459705.5114716,2.9413168385411645,0.05116033064739158,15.22871109925103,0.01890617641827855,17.880307254828615,1.38,bi509082,bi,G,g
300647922553,2459706.6073754,2.6513407188044162,0.06222604670929082,15.341401768067932,0.025510492413516488,17.667710084831775,1.57,bi509559,bi,G,g
300647922553,2459706.6086242,2.7009892634729735,0.07946396972082939,15.321258477644509,0.03197860920790016,17.40221496899484,1.60,bi509560,bi,G,g
300647922553,2459706.6098515,2.7586088250157523,0.06687866850984373,15.298340319237163,0.02635176261411001,17.589421566116272,1.60,bi509561,bi,G,g
300647922553,2459706.6662995,5.164245902542111,0.07064940702756786,14.617548338269884,0.014870096268618,17.52986930871025,1.45,bq440734,bq,G,g
300647922553,2459711.2297652,2.3696434279207073,0.1554322022408487,15.46335812111449,0.07129682209707515,16.673788110564985,1.56,bm373146,bm,G,g
300647922553,2459713.5623179,2.5512337203956568,0.15156152412720206,15.383190006109974,0.06457298905144453,16.701168201541,1.47,bE354608,bE,G,g
300647922553,2459715.78403,2.5064938173149836,0.11423284987869499,15.402399028055667,0.049537780749646654,17.008163082194233,1.98,bA344425,bA,G,g
300647922553,2459716.3290074,2.0059437844171524,0.45423102310705105,15.50944863050162,99.999,15.50944863050162,1.58,bm375086,bm,G,g
300647922553,2459717.5749951,2.7731227678094674,0.1277107571243869,15.2926428810801,0.05005766133543643,16.887071912469143,1.53,bE356163,bE,G,g
300647922553,2459719.6715565,7.325739035482849,0.08521745698800298,14.237937012910692,0.012644140091598071,17.326319186234166,1.42,bq444388,bq,G,g
300647922553,2459720.5683649,6.842850910098896,0.1325831562058563,14.311972927715505,0.021060246409581734,16.846419727957752,1.51,bi514659,bi,B,g
300647922553,2459721.5632199,5.5063089911526,0.07437668569409885,14.547914175930599,0.014682108052860948,17.474048556891454,1.70,bi514964,bi,G,g
300647922553,2459722.5619504,3.7169875954242286,0.05296577763104649,14.97458784292723,0.015488751562131527,17.84265222925551,1.37,bi515372,bi,B,g
300647922553,2459723.5436388,3.0625920004606995,0.0631251935621941,15.18484276277543,0.022404009681390905,17.652133804403057,1.56,bi515782,bi,G,g
300647922553,2459724.5123316,2.8844238229753367,0.06529894942771282,15.249917937732317,0.02460703533850025,17.615375126149498,1.51,bE358453,bE,G,g
300647922553,2459725.5197332,2.8181969422551205,0.055169954541345344,15.275137273888603,0.021278620026030128,17.798384046166785,1.44,bi516598,bi,G,g
300647922553,2459727.6316797,4.267408546408688,0.06245726444574023,14.82465506566278,0.01590856140933951,17.66368321462608,2.20,bq445792,bq,G,g
300647922553,2459728.6435418,2.905394812769912,0.05761154693138922,15.242052730245463,0.021553437897430666,17.751366769811096,1.53,bq446097,bq,G,g
300647922553,2459730.2894888,6.77188795237341,0.09882172069099161,14.323291213127565,0.015861885865508057,17.165509582476297,2.16,bm378151,bm,G,g
300647922553,2459730.2907197,6.682741929565449,0.15319156756900804,14.337678897024148,0.024916804389512253,16.689553460913494,2.17,bm378295,bm,G,g
300647922553,2459732.6328742,7.129666871978333,0.09210101880922981,14.267392526629232,0.014041301627565707,17.24197952561403,1.53,bq447185,bq,G,g
300647922553,2459739.21713,3.9686525038452376,0.14398946445567257,14.903457938172176,0.03943663177871451,16.756813820373402,1.82,bm380959,bm,G,g
300647922553,2459740.4858084,7.186538474486175,0.13076652338030678,14.258766234789004,0.019778301600693722,16.86139916760351,1.43,bE361925,bE,G,g
300647922553,2459740.4994173,6.81374572611511,0.10982261210197157,14.316600815714756,0.017519351213994522,17.050911188751336,1.46,bi519743,bi,G,g
300647922553,2459741.5131356,4.369503076640797,0.10424033053980282,14.798985498588419,0.02593079925133916,17.107551161871367,1.48,bE362369,bE,G,g
300647922553,2459741.5156857,4.397293601469595,0.20777755321017202,14.792101962644377,0.05136003801459089,16.358644042170802,1.53,bE362371,bE,G,g
300647922553,2459742.4806747,3.394686367858314,0.11671012373861275,15.073066481337683,0.03736982342516091,16.984869287671508,1.47,bi520603,bi,G,g
300647922553,2459743.4994483,3.167907398014864,0.14231680435443236,15.148134426982708,0.048831029197083965,16.769500153088124,1.73,bi521042,bi,G,g
300647922553,2459746.5191665,6.245168512679725,0.142789243941784,14.411205218813663,0.024852123625103733,16.765901876326843,1.52,bE364454,bE,G,g
300647922553,2459747.5153999,4.592621808017126,0.07331018802846091,14.744913912968725,0.017350652920812056,17.489729777940294,1.57,bi522725,bi,G,g
300647922553,2459748.4731151,4.022819544492527,0.07364853005170117,14.88873924368087,0.01989966220726798,17.48473040344823,1.59,bi523125,bi,B,g
300647922553,2459748.4884289,3.931875735633074,0.11864907435064083,14.913566162824027,0.032800218988348846,16.966979725475497,1.68,bE365232,bE,G,g
300647922553,2459749.4814604,3.1390493034513067,0.0553631427041558,15.158070279791694,0.019170558729387534,17.79458877395419,1.37,bi523502,bi,G,g
300647922553,2459751.4803014,2.7523477926241684,0.07920237032239971,15.300807343727861,0.03127858085007849,17.40579516370158,1.57,bE366331,bE,G,g
300647922553,2459759.2381043,2.828094517111577,0.08655980659618438,15.2713308227179,0.03326860037064609,17.309349917934277,1.59,bm384070,bm,G,g
300647922553,2459761.50207,3.058864824932707,0.07226574230058096,15.186164908802995,0.02567936943524919,17.505309441363444,1.52,bE368994,bE,G,g
300647922553,2459853.1396175,3.7742263144911288,0.16094998240886405,14.957995776597198,0.04635271403344572,16.635913277554362,1.75,bA383521,bA,G,g
300647922553,2459855.1383519,2.750138132372054,0.1279841063052194,15.301679352597159,0.050584062447592136,16.884750511004512,1.70,bA384315,bA,G,g
300647922553,2459859.1282344,3.604513084138074,0.08861743344865987,15.007949106477325,0.02672297061444498,17.283842692001937,1.72,bA384784,bA,G,g
300647922553,2459875.8754122,2.78477570009176,0.19538198795070305,15.288090070667081,0.07626169893193736,16.425429301191308,1.49,bE406757,bE,G,g
300647922553,2459876.875615,1.7567045424092491,0.344314602513413,15.788318811587963,0.2130437951840752,15.81025200721814,1.77,bi564543,bi,G,g
300647922553,2459879.8699643,6.289983645510254,0.12170881044683775,14.403441831671397,0.02103219860718257,16.939335567059537,1.42,bi565530,bi,G,g
300647922553,2459882.1131083,7.343836125244074,0.07997927124311476,14.235258179296636,0.011837681151791386,17.395197004938417,2.05,bA389833,bA,G,g
300647922553,2459883.1203233,5.843730569157845,0.06794230718819187,14.483340161889007,0.012637532313686275,17.572289884997975,2.05,bA390208,bA,G,g
300647922553,2459883.8722153,2.5750221458373064,0.34185295812931454,15.373113201194952,0.14430140063655564,15.81804225569569,1.50,bi566873,bi,B,g
300647922553,2459884.1352683,3.6888534782286166,0.03837400522485408,14.98283710895129,0.011307273517525593,18.192547785568248,2.14,bA390618,bA,G,g
300647922553,2459885.0802329,3.410857381822158,0.03799704828545689,15.06790672070199,0.012108726580250622,18.203265959579646,2.08,bA390959,bA,G,g
300647922553,2459886.0761566,3.0467422704444505,0.046854049852662796,15.190476327271881,0.016715662349022022,17.975772773187966,2.05,bA391350,bA,G,g
300647922553,2459890.0634321,5.960335626874228,0.11840438924502854,14.461888833336223,0.02159281475897634,16.969221106539894,1.71,bA391939,bA,G,g
300647922553,2459891.0592456,3.9785992145375144,0.17671147871954498,14.900740140891147,0.048277718840977236,16.5344787087754,1.99,bA392225,bA,G,g
300647922553,2459894.032898,3.4459789535549024,0.12602632218051496,15.056784070656358,0.03975216757014505,16.901487455317884,2.19,bA392929,bA,G,g
300647922553,2459903.1046527,3.915287117735113,0.03766227888458216,14.91815658364352,0.010455749074370722,18.212874124082344,1.77,bA394376,bA,G,g
300647922553,2459907.9900612,3.587881527793461,0.03374498610646509,15.012970386878168,0.010223117023313834,18.332117477269467,2.16,bA395237,bA,G,g
300647922553,2459914.7869149,2.8300523279153476,0.07403752781782874,15.27057945792841,0.028436072690680797,17.47901083938022,1.48,bE416766,bE,G,g
300647922553,2459917.0046996,3.5879895394694112,0.06911312775739217,15.012937701734852,0.02093734224342144,17.55373924224365,2.07,bA397580,bA,G,g
300647922553,2459918.816008,3.8929988527309063,0.05923734908079331,14.92435493295389,0.0165395432543572,17.721151573304038,1.47,bE417952,bE,G,g
300647922553,2459920.8401842,2.8608984184336914,0.11934251184918496,15.258809528185814,0.04534244233887245,16.96065267551093,1.37,bi578007,bi,G,g
300647922553,2459922.7763184,2.168086838479659,0.2263530886207226,15.559873939704396,0.1134806786911815,16.265674549234948,1.48,bE418926,bE,B,g
300647922553,2459922.7804749,2.6288987796725425,0.19035055357236277,15.350630960245635,0.07870321110191446,16.453755251052783,1.49,bi578572,bi,B,g
300647922553,2459923.78948,7.02326555619743,0.15496827168254584,14.283717897770494,0.023983682835308346,16.677033637689032,1.53,bi578892,bi,G,g
300647922553,2459934.711802,2.6820911024766616,0.07503183528366848,15.328881808710527,0.030407745144946773,17.464526687812377,1.53,bE421840,bE,G,g
300647922553,2459944.4695388,2.7976619845592046,0.07306714796739346,15.283077518362072,0.028388280445019447,17.49333522183227,1.53,bm423070,bm,G,g
300647922553,2459963.8316625,2.902100624842906,0.06371318459973807,15.243284455528638,0.023863218569550183,17.642067328625327,1.61,bE428586,bE,G,g
300647922553,2459967.9084604,3.413429907728304,0.04871575060999804,15.067088148878216,0.015512813875880868,17.93346711512625,1.50,bq494866,bq,G,g
300647922553,2459969.9124296,2.7835501623474297,0.05044608127915793,15.288567991950309,0.01969883560363839,17.895572023212946,1.68,bq495421,bq,G,g
300647922553,2459974.7534141,5.194709399703981,0.10994557234324782,14.61116247865849,0.023005340183542243,17.04969625038374,2.28,bq497373,bq,B,g
300647922553,2459974.7558945,5.8190469934412095,0.12614189559902286,14.487935961078309,0.023562407425208168,16.900492228761003,2.29,bq497375,bq,B,g
300647922553,2459974.8213853,3.9449188207242316,0.04102859859883887,14.909970445671014,0.011304745382982965,18.119923903547527,1.59,bE431871,bE,G,g
300647922553,2459975.7388448,3.8941580843751087,0.05258826252923652,14.924031677679782,0.014678694003830038,17.850418555602214,1.62,bE432178,bE,G,g
300647922553,2459975.760201,3.673095403203438,0.04796201875585179,14.987485100665713,0.014193105095223191,17.95039697499592,1.36,bi594276,bi,G,g
300647922553,2459976.8229073,2.9823233712840027,0.05431428062064445,15.213678792472558,0.019795727757973135,17.815355531975563,1.36,bi594646,bi,G,g
300647922553,2459986.777143,6.138634761722009,0.12232304330791646,14.429886136358549,0.02165951141312405,16.933869917772242,1.75,bE436133,bE,G,g
300647922553,2459987.7761312,4.367176896075311,0.08070587522518008,14.799563662954363,0.02008706757390787,17.385377732350808,1.41,bi598756,bi,G,g
300647922553,2459988.7521047,3.5484322291424863,0.06846484276238662,15.024974334448952,0.020972165323953268,17.5639715737292,1.37,bi599107,bi,G,g
300647922553,2459990.5846166,3.5988721410209545,0.046202719047588874,15.009649578472573,0.013954468184193559,17.990971774683043,1.56,bi599764,bi,G,g
300647922553,2459990.5871022,3.4687585342843965,0.09045691990012847,15.049630449844678,0.02834522439370739,17.261536122106904,1.56,bi599766,bi,G,g
300647922553,2459991.7066975,2.906083536978878,0.05806818928680596,15.24179538684082,0.021719126875647962,17.742794901835413,1.34,bi600225,bi,G,g
300647922553,2459991.7091916,2.9672442156786567,0.07903373164345523,15.219182392522416,0.028951519929944762,17.40810939144479,1.36,bi600227,bi,G,g
300647922553,2459993.8190721,3.5770606610576925,0.06445823583559697,15.016249859455769,0.019586835801824007,17.62944457372595,1.49,bE438426,bE,G,g
300647922553,2460003.590088,3.003332908504686,0.07194294560770528,15.20605693521371,0.02603735792991154,17.510170072808823,1.48,bi604831,bi,G,g
300647922553,2460005.9234162,3.038646359706905,0.07972629265492157,15.19336522364921,0.028518953342009924,17.398636687755406,2.04,bq506234,bq,G,g
300647922553,2460006.7380414,3.998307989637007,0.06282627368537293,14.895375010353245,0.01707958168702341,17.657287356783552,1.56,bE443591,bE,G,g
300647922553,2460012.6353035,6.435794681026338,0.17128987524259623,14.378560171035929,0.028929550464330614,16.56831137881275,1.71,bE445705,bE,G,g
300647922553,2460013.6377761,5.485338448316899,0.11205942533759468,14.552057049933946,0.022205325038860912,17.02901963396427,1.41,bi609018,bi,G,g
300647922553,2460015.6999735,3.0062331158878046,0.08421223760692052,15.205008985864676,0.030448417454165152,17.339202593531116,1.39,bi609770,bi,G,g
300647922553,2460017.7859139,5.733262662886961,0.07207732739139887,14.504061024940736,0.0136649802536968,17.5081439245851,1.51,bq510702,bq,G,g
300647922553,2460018.7511497,4.30331900725065,0.07323762209924402,14.815556767909342,0.01849877056367679,17.490805023799695,1.53,bE448067,bE,G,g
300647922553,2460019.7474774,3.3855811795554764,0.07355194007645448,15.075982542824933,0.023614191098251844,17.486155279987038,1.58,bE448461,bE,G,g
300647922553,2460020.745565,2.73068315503159,0.07732649951167767,15.309387344108185,0.030780042273525276,17.43181973500688,1.58,bE448864,bE,G,g
300647922553,2460021.75272,2.790207972541475,0.05752635586347414,15.285974184025706,0.02241003118514307,17.752973452604362,1.41,bi612323,bi,G,g
300647922553,2460022.6948926,2.83092560938403,0.05216926057246882,15.270244479299093,0.02003080470415167,17.859103908344906,1.41,bi612711,bi,G,g
300647922553,2460024.8176098,3.556275292349875,0.06053279220509387,15.022577191114383,0.018501524167137837,17.697663843590576,1.61,bq512146,bq,B,g
300647922553,2460025.6195598,5.86368128114251,0.07199644693114099,14.479639731502267,0.013346054088158234,17.509362950790212,1.37,bi613953,bi,G,g
300647922553,2460025.6489803,6.3028567009026375,0.0878192721915229,14.401222039029001,0.015144835932774638,17.293666027600153,1.57,bE450826,bE,G,g
300647922553,2460027.7853317,2.8700241632642935,0.058622817598815345,15.255351739394836,0.022202061824901764,17.732473891001455,1.84,bq513344,bq,G,g
300647922553,2460029.9103528,3.882577106344999,0.03768641165218576,14.927265398803192,0.010550593022182447,18.2121786423104,2.06,bA409048,bA,G,g
300647922553,2460033.8733584,3.827481233556976,0.09876458514693107,14.942782947293864,0.028047899752221817,17.166137501807356,2.29,bA410530,bA,G,g
300647922553,2460041.7624153,2.9786195702730183,0.20482068382405108,15.215028025776679,0.0747430723585874,16.374206082036864,1.75,bq518534,bq,G,g
300647922553,2460045.8965288,3.0554959714274585,0.04199561275447312,15.187361333649719,0.014939442105230506,18.094630805450116,1.76,bA414113,bA,G,g
300647922553,2460046.6786406,2.8345427595205015,0.08837613106973129,15.268858090340897,0.03388942068687175,17.286803148695718,1.50,bE459803,bE,G,g
300647922553,2460048.808632,6.178703986985189,0.06522903957844926,14.422822149093795,0.011475081202453021,17.616538151217924,1.69,bA414643,bA,G,g
300647922553,2460049.6621706,5.947276854013861,0.08015455192694537,14.464270232326333,0.014649479938918611,17.392820134684943,1.42,bi625003,bi,G,g
300647922553,2460051.7523368,3.1553876148938684,0.02972774361686327,15.152433830867889,0.010240505682540424,18.469735744411484,1.80,bA415964,bA,G,g
300647922553,2460052.6178081,3.4391219693306048,0.05268627989650387,15.058946676135218,0.016651836151895704,17.8483967745973,1.37,bi626415,bi,G,g
300647922553,2460053.6258369,2.739652261257956,0.06885299117825755,15.305827016874336,0.02731741135938535,17.5578335813326,1.48,bE462930,bE,G,g
300647922553,2460054.7277959,3.7524664248408723,0.045565984559340265,14.964273584565294,0.013198850696802628,18.006038714802685,1.47,bq523323,bq,G,g
300647922553,2460056.7254266,4.443611683690977,0.05113255134511056,14.780725372284493,0.012507587096711306,17.880896953630398,1.47,bq524117,bq,G,g
300647922553,2460057.6530686,4.4565334666291285,0.06509550392481643,14.777572691696312,0.01587691039611858,17.618763128042964,1.40,bi628442,bi,G,g
300647922553,2460059.838572,5.464366390470993,0.06411315887285107,14.556216093610509,0.01275321074510448,17.635272673395576,1.66,bA418560,bA,G,g
300647922553,2460061.6636359,3.266201584757217,0.0851532101406148,15.11495815930418,0.028338066315721267,17.327138049395685,1.52,bq525798,bq,G,g
300647922553,2460069.6129472,6.579372599796199,0.1472683089703298,14.354604417668899,0.024329713274750798,16.732367361444872,1.46,bi633902,bi,G,g
300647922553,2460073.78199,7.807251050107055,0.08228952806305731,14.16882026035598,0.011456675163244409,17.364279182396732,1.68,bA421352,bA,G,g
300647922553,2460074.6107895,2.912244246973243,0.09694080516350793,15.239496132265952,0.036181869190618554,17.186374055113347,1.49,bE471835,bE,G,g
300647922553,2460074.7900751,4.496907439347208,0.05516381621156033,14.767780751035522,0.01333375672145888,17.798504854271968,1.66,bA421756,bA,G,g
300647922553,2460075.7865785,3.185927882302939,0.05145682047592809,15.141975770418231,0.017555741583152176,17.8740332424744,1.75,bA422190,bA,B,g
300647922553,2460076.7831393,2.771632863477435,0.04013527573124177,15.293226366889543,0.015739927276348178,18.143824984075525,1.72,bA422596,bA,G,g
300647922553,2460077.7759492,2.811105700340785,0.03948178614289405,15.277872682746295,0.015266229559680312,18.16164863199175,1.70,bA423025,bA,G,g
300647922553,2460078.7955108,3.0705907050393493,0.05240176559888058,15.182010794939838,0.018549668887771396,17.854275811113926,1.70,bA423439,bA,G,g
300647922553,2460079.7765633,7.553938535210596,0.08481140725949507,14.204632005421836,0.012203741373970754,17.33150493785612,2.14,bA423858,bA,G,g
300647922553,2460080.7730431,5.405560486443749,0.06189176755228893,14.56796379397347,0.012445270116139474,17.67355839698499,1.71,bA424285,bA,G,g
300647922553,2460081.7775655,3.658215117196859,0.032996269853795016,14.99189252206611,0.009804101060663987,18.35647849458667,1.81,bA424634,bA,G,g
300647922553,2460082.7660956,3.037106270312232,0.040040274435848226,15.19391565121004,0.014330100285162394,18.146397997767757,1.78,bA425061,bA,G,g
300647922553,2460086.7560387,6.644766896205749,0.07430078033079297,14.343866246921039,0.012154183737728698,17.47515717422857,1.71,bA425904,bA,G,g
300647922553,2460088.5586115,7.014536813097365,0.08913290029861709,14.28506812530296,0.013811829613639913,17.277545515750038,1.42,bi641968,bi,G,g
300647922553,2460088.7491306,3.221465354055576,0.05465157163648795,15.12993195979787,0.018440018961802262,17.80863397234087,2.03,bA426485,bA,G,g
300647922553,2460094.6359647,6.034800739524348,0.1143919533377344,14.448408285061154,0.020603676091669743,17.006651921451937,1.57,bq535063,bq,G,g
300647922553,2460095.632651,5.220610749489319,0.15242288434596493,14.605762339097856,0.031735185048673155,16.695015172295033,1.58,bq535435,bq,G,g
300647922553,2460096.6293789,3.6842488405605436,0.138184381010729,14.98419323348607,0.04076825986575987,16.80149321774315,1.47,bq535747,bq,G,g
300647922553,2460097.6272044,3.1100022837089516,0.13319319755088263,15.168163852446783,0.04655148180681174,16.84143549870997,2.32,bq536069,bq,B,g
300647922553,2460098.5264006,2.862965308310801,0.12670599939211055,15.2580254084459,0.04810533749149351,16.89564766458079,1.56,bi645928,bi,G,g
300647922553,2460098.5276301,2.297545601217692,0.2298200841949188,15.496905272451686,0.10872665126207177,16.249170662899598,1.52,bi645929,bi,G,g
300647922553,2460101.5172091,7.3037797847173485,0.14303344392319503,14.241196446359512,0.02128639407015496,16.764046622445406,1.41,bE482459,bE,G,g
300647922553,2460103.5147937,3.85018095992594,0.09642862318530634,14.936362767309436,0.0272230635246843,17.19212569664616,1.67,bi648143,bi,G,g
300647922553,2460104.5069007,2.9787490109758874,0.06076944414771068,15.214980844389265,0.02217499473618815,17.693427451653623,1.42,bi648632,bi,G,g
300647922553,2460107.5069315,5.004799393789764,0.0798559034876477,14.651598936183532,0.01734333152353228,17.396873042336757,1.44,bi649124,bi,G,g
300647922553,2460108.5054125,6.366380604649946,0.08870552484901821,14.390334125496011,0.015145033691279664,17.282763936814415,1.69,bE484530,bE,G,g
300647922553,2460109.5041062,4.337298229880864,0.06919415932648991,14.80701740980942,0.01734052831046634,17.55246701833963,1.63,bE485008,bE,G,g
300647922553,2460110.5167525,2.818497461481697,0.09372723103716843,15.275021502274441,0.036146005605001696,17.222976144066998,1.48,bi650568,bi,G,g
300647922553,2460112.4733744,2.9333301135938066,0.09980087979261859,15.23166327045245,0.03698159189897146,17.15480468689622,1.43,bi651525,bi,G,g
300647922553,2460121.4516786,7.1133200887478445,0.16280640729635357,14.269884742935615,0.0248777622803193,16.62346187973531,1.64,bi654464,bi,G,g
300647922553,2460124.4600219,2.751431243716854,0.11657995149057819,15.301168960840297,0.046055062748191905,16.986080935763052,1.42,bi655582,bi,G,g
300647922553,2460126.4530966,2.7820471320332656,0.2000880863392071,15.289154413993549,0.0781751854109504,16.39958753491881,1.93,bE491109,bE,G,g
300647922553,2460128.1986448,2.822787477793196,0.42826309184517947,15.273370166815791,0.16490910646422594,15.573363991284603,2.27,bm465096,bm,G,g
300647922553,2460235.9511043,3.3970589805905083,0.04770389313247616,15.072307904119063,0.015263808502870936,17.956256052890232,1.55,bq574980,bq,G,g
300647922553,2460237.1288506,5.962051585952535,0.07271931040548521,14.461576298794807,0.013257639180420808,17.49851623185462,2.04,bA479516,bA,G,g
300647922553,2460241.0839664,2.9177812204543034,0.050467804956901514,15.237433810441026,0.018800693263500163,17.895104571513862,2.14,bA481250,bA,G,g
300647922553,2460242.8724182,3.3698925448397183,0.17964147078312603,15.08102549022791,0.05794323280174963,16.5166241061538,1.51,bE513253,bE,G,g
300647922553,2460243.8689756,2.927869036504263,0.1348285504139824,15.233686505178671,0.0500544151264663,16.828185948185034,1.49,bE513550,bE,G,g
300647922553,2460244.8706456,2.7869999344845957,0.1955367127228419,15.287223226021915,0.07626118052737922,16.424569837086025,1.59,bi682034,bi,B,g
300647922553,2460245.8660476,2.680452276870364,0.18128333065234262,15.329545423798955,0.07351263077334949,16.50674593212637,1.57,bi682435,bi,B,g
300647922553,2460250.054687,3.1822748268858856,0.1327302139378605,15.143221413856562,0.04533611316429554,16.845216125439784,2.01,bA485612,bA,G,g
300647922553,2460251.8547775,2.932245582261464,0.10426574633624823,15.232064770665625,0.03865035509296478,17.107286470780117,1.45,bi684147,bi,G,g
300647922553,2460252.9237627,6.793164783087535,0.09359631788782236,14.31988524857678,0.014976101918242899,17.22449370200224,1.45,bq579625,bq,G,g
300647922553,2460258.0342505,6.073952813806819,0.06982761278140263,14.441387087959033,0.012495911877631228,17.54257262411086,1.74,bA489092,bA,G,g
300647922553,2460260.0399286,3.063068997919568,0.03886615221546689,15.184673672970474,0.013791990207925705,18.17871174341858,1.72,bA490059,bA,G,g
300647922553,2460260.8419485,4.856828638416191,0.06438262003104364,14.684183670529398,0.014408807462520658,17.630718995966152,1.36,bi687229,bi,G,g
300647922553,2460263.5805536,6.088365804167834,0.08080667950807918,14.438813777183226,0.014426424120453385,17.384022458466,1.55,bm497647,bm,G,g
300647922553,2460264.8267673,2.7223731154572532,0.06295406437336448,15.312696504096913,0.025135544592358443,17.655081176923268,1.40,bi688827,bi,G,g
300647922553,2460267.0077044,2.8689697251141935,0.05417189576541017,15.255750708869414,0.020523916610810967,17.818205526071637,1.71,bA492915,bA,G,g
300647922553,2460267.5794449,2.6221050762736837,0.1358638130176499,15.35344039404631,0.05632041940811466,16.81988111419333,1.53,bm498449,bm,B,g
300647922553,2460268.0125352,2.4941462485933057,0.06551622106435444,15.407760833532912,0.028552168424673098,17.611768512356925,1.73,bA493430,bA,B,g
300647922553,2460269.0267645,3.075342811189942,0.0773656203435405,15.18033178728017,0.027344289971454196,17.431270580926387,1.70,bA493851,bA,B,g
300647922553,2460270.8019661,2.7447520832344026,0.08019042870299338,15.303807813837594,0.031756423464323356,17.392334273323243,1.47,bE520890,bE,G,g
300647922553,2460271.0554792,4.331282063717212,0.0440486998161037,14.808524454849143,0.011054237714122042,18.042807876735758,1.74,bA494499,bA,G,g
300647922553,2460271.5669814,3.457509995892892,0.05030976375154239,15.053157011388262,0.015816158415117403,17.89850991659941,1.48,bm499218,bm,G,g
300647922553,2460272.0192144,3.5525257194520354,0.06191542241227183,15.02372254527983,0.018944091472371572,17.673143510931574,1.73,bA494819,bA,G,g
300647922553,2460272.8151262,6.926744433249554,0.09122997661425629,14.298742711396066,0.014315963150448405,17.252296702598514,1.51,bE521664,bE,G,g
300647922553,2460273.0868394,2.7292891616387394,0.049642648905436154,15.309941745867357,0.019770496194610264,17.913003243521256,1.77,bA495336,bA,G,g
300647922553,2460274.0950198,2.7170771849329083,0.07851412849808345,15.31481068292289,0.03140928218487957,17.41527107541833,2.03,bA495698,bA,G,g
300647922553,2460274.5225096,2.295737544699864,0.2607475433638818,15.497760030349548,0.12345541999831755,16.112090047924298,1.57,bm500198,bm,B,g
300647922553,2460274.8216741,3.257628693408195,0.11500380406481606,15.117811668202464,0.03837273876731456,17.000860096274796,1.51,bE522165,bE,G,g
300647922553,2460276.5460146,5.72320565092458,0.17742529122102033,14.505967243245536,0.03369677575416098,16.5301017945907,1.43,bm500933,bm,G,g
300647922553,2460276.8062242,3.0019434751117284,0.137341191057901,15.206559346116853,0.049729085361358866,16.808138587974103,1.50,bE522762,bE,G,g
300647922553,2460277.7990389,2.750553842477709,0.1256934161046249,15.301515245421076,0.04967118849472204,16.904359287241544,1.58,bE522998,bE,G,g
300647922553,2460278.5461427,2.6295151829245675,0.2313185442203273,15.350376415306695,0.0956196038996969,16.24211448531189,1.62,bm501503,bm,B,g
300647922553,2460278.8679493,5.333797167479117,0.09727936008723413,14.582474381261417,0.019824232447782218,17.182588848671756,1.55,bq586345,bq,G,g
300647922553,2460285.0211912,2.9807957162694834,0.05630037194558717,15.214235088722752,0.02053010749062088,17.77636245142827,1.55,bq588682,bq,G,g
300647922553,2460285.5259462,2.953068247326643,0.07208555454829733,15.22438191251018,0.02653303516110266,17.508020001949866,1.66,bm502684,bm,G,g
300647922553,2460285.8303717,4.651767170771714,0.055325026819616964,14.731020698811214,0.012927538397627628,17.79533652861729,1.62,bq589112,bq,G,g
300647922553,2460287.9607813,2.9809586189057518,0.04073197558042446,15.214175754077226,0.01485223116472291,18.12780192462213,2.07,bA499387,bA,G,g
300647922553,2460291.9425186,3.2814963145317964,0.040480650724543744,15.109885820196038,0.01340873281326988,18.13452189856446,2.01,bA500828,bA,G,g
300647922553,2460293.9185128,2.8009535575982394,0.04982721008577697,15.28180085258499,0.01933627596783224,17.90897418411621,1.65,bq592054,bq,G,g
300647922553,2460299.477349,3.1070547048621497,0.05782027550478511,15.16919337278608,0.020227556808166285,17.74744021972601,1.57,bm506617,bm,G,g
300647922553,2460300.9548994,3.1342665577591013,0.03841535276920826,15.159725800182237,0.013322357067566815,18.191378547241623,1.52,bq594659,bq,G,g
300647922553,2460301.8287574,2.985313040166022,0.07470511433114449,15.212590927263216,0.02720023332125633,17.469264774582285,1.47,bq595033,bq,G,g
300647922553,2460302.4792034,4.676406906759063,0.1192592875959626,14.725284889116129,0.02771992750310787,16.961410084622777,1.62,bm507606,bm,G,g
300647922553,2460303.0014582,3.9630610466908673,0.07357845087206631,14.904988716720045,0.02018050595047852,17.485764011660507,2.14,bA502425,bA,G,g
300647922553,2460312.8832802,2.8326979116333324,0.04027075702095254,15.26956496634294,0.015452605023476364,18.140166127258954,1.74,bA506234,bA,G,g
300647922553,2460313.7270026,3.0100532483037945,0.07775303513837858,15.203630176287689,0.02807730018606722,17.425847233975638,1.46,bE526555,bE,G,g
300647922553,2460314.456697,7.143566222099643,0.09370559741917207,14.265277934606512,0.014258132012989658,17.223226776814702,1.44,bm509278,bm,G,g
300647922553,2460316.0875177,2.837832126623739,0.06154532097918057,15.267598869846225,0.02357330703012305,17.679653008897947,1.70,bA507821,bA,G,g
300647922553,2460317.6877006,7.228274703133372,0.0911762601388055,14.252478999489997,0.013710689570596627,17.25293617551252,1.57,bE527938,bE,G,g
300647922553,2460317.9160675,2.915733996940633,0.039072459906286924,15.238195870604216,0.01456582293175285,18.172963725938697,1.72,bA508475,bA,G,g
300647922553,2460327.6691227,2.7947746274636076,0.07203197739203789,15.28419864270582,0.028015005872261776,17.508827268910316,1.41,bi710164,bi,G,g
300647922553,2460330.8001472,3.4956648854002466,0.05704693137455748,15.04124114232292,0.017738409182686897,17.76205989108769,1.48,bE531768,bE,G,g
300647922553,2460339.7277253,3.3113222235771618,0.10954998743030635,15.100062012660798,0.03596027968705972,17.053609781277025,1.45,bE534347,bE,G,g
300647922553,2460340.8245739,7.487862506470154,0.1863727067386647,14.214170969265044,0.027054320093180182,16.476684829871996,1.59,bq605054,bq,B,g
300647922553,2460341.877011,4.122166039430006,0.04733740545113999,14.862251919712621,0.012482200155246745,17.964629484701398,1.47,bq605433,bq,G,g
300647922553,2460342.9191884,2.766477340261566,0.05482125021367881,15.29524782894825,0.02153941931222068,17.80526827263858,1.55,bq605937,bq,G,g
300647922553,2460347.6257062,2.735078978996099,0.0695541344491344,15.307640943097677,0.02764173196971318,17.546833235180703,2.12,bE535571,bE,G,g
300647922553,2460348.8485621,3.613474738911675,0.028198358266927973,15.00525306478804,0.008482248150378747,18.527081051314806,1.43,bq607683,bq,G,g
300647922553,2460350.6051508,5.7256981975837835,0.0750728242323017,14.505494490879283,0.014251693520820034,17.46393372571812,1.49,bE536048,bE,G,g
300647922553,2460353.5995952,2.5944911374205675,0.07657061851516418,15.36493514348875,0.032079097117827346,17.442485223410948,1.43,bE537226,bE,G,g
300647922553,2460353.8325648,6.319655652737172,0.0700295248372785,14.39833208487941,0.012044809546419443,17.53943766245954,1.45,bq608816,bq,G,g
300647922553,2460354.599013,2.6596717687930145,0.07126609637288157,15.337995513597079,0.02912507819209081,17.5204331844283,1.47,bE537623,bE,G,g
300647922553,2460354.8331424,4.02934085701281,0.03752322863377675,14.886980603440039,0.010122280424404028,18.216890112500618,1.48,bq609297,bq,G,g
300647922553,2460355.6177987,6.164800459043825,0.08375047055588103,14.425268062263745,0.014766596384460326,17.345172471893903,1.53,bE538035,bE,G,g
300647922553,2460371.8671615,6.935514987105323,0.08240439475157976,14.29736883592038,0.012914685421591056,17.362764676693786,1.47,bq614572,bq,G,g
300647922553,2460373.8360318,3.6587769812107718,0.024778981952121585,14.991725777017038,0.0073613877460226625,18.66743196304691,1.47,bq615202,bq,G,g
300647922553,2460374.8383562,2.813309217772596,0.04564368649762332,15.27702194935953,0.017634998101662008,18.004188827022038,1.48,bq615666,bq,G,g
300647922553,2460375.5277219,7.3061975304782845,0.10056145918090761,14.240837098213532,0.014960714302660716,17.14656169523225,1.51,bE545038,bE,G,g
300647922553,2460375.8108845,2.708015637337426,0.05452893885226458,15.318437702687289,0.021887091378563543,17.811072995736506,1.46,bq615988,bq,G,g
300647922553,2460377.5250908,3.806588705765412,0.04261741923413375,14.948725735516925,0.01216923743457539,18.07867274449546,1.42,bi727541,bi,G,g
300647922553,2460380.7931488,3.50397826110496,0.02776282945835527,15.038662114494922,0.008612207694511884,18.54398129816574,1.54,bq617204,bq,G,g
300647922553,2460381.5140133,4.161044140769384,0.046887423535474725,14.852059815141311,0.012248029358805507,17.97499968917432,1.41,bi729175,bi,G,g
300647922553,2460382.7825072,2.7470662266360826,0.04892396325953701,15.302892798343217,0.019358186715213888,17.928836533048504,1.49,bq617875,bq,G,g
300647922553,2460384.5378599,3.179395931217508,0.04897115059200362,15.14420408699043,0.016742020391484827,17.92778984139624,1.40,bi730461,bi,G,g
300647922553,2460395.7564754,2.8640543209157174,0.11115507987539698,15.25761249544633,0.042185212100434945,17.037817323714282,1.73,bq619723,bq,G,g
300647922553,2460396.7746162,3.3258018719875366,0.08557556502145944,15.095324688715602,0.027968268129573932,17.3217661732089,1.49,bq620175,bq,G,g
300647922553,2460397.7906676,6.547330067495646,0.09899144877124197,14.359905033884859,0.016434088358014194,17.163646410601388,1.42,bq620610,bq,G,g
300647922553,2460399.7990733,3.23993383698012,0.06330586719416238,15.123725268469272,0.021238311852436843,17.649030705594424,1.48,bq621291,bq,G,g
300647922553,2460402.7808853,3.1905577176217763,0.037701635556523345,15.14039910859337,0.01284416151510377,18.211740133953864,1.75,bq621836,bq,G,g
300647922553,2460403.7402497,4.872447085220415,0.052037267257026426,14.680697793840187,0.011608591335979234,17.861854407780775,1.47,bq622226,bq,G,g
300647922553,2460404.7292337,6.819945114524094,0.07689662511660596,14.315613423381224,0.012255712731796146,17.437872412309158,1.47,bq622649,bq,G,g
300647922553,2460405.7225937,4.533994665592206,0.04326106610279206,14.758863110212928,0.010371185104090892,18.062397567047036,1.46,bq623074,bq,G,g
300647922553,2460407.7127827,2.8563093668878845,0.043769365318146826,15.260552512056938,0.016656247966857444,18.049714988616564,1.60,bq623661,bq,G,g
300647922553,2460408.7130097,2.755057879589785,0.048766616165212176,15.299738804401276,0.01923995567447708,17.932334057287992,1.46,bq624087,bq,G,g
300647922553,2460409.7274888,3.198441556523223,0.03972071288860929,15.13771957356602,0.01349866400852209,18.15509802542795,1.52,bq624365,bq,G,g
300647922553,2460411.7035355,5.74253806709909,0.0657204224400382,14.502305915280536,0.012439663603089802,17.608389745578908,1.46,bq624847,bq,G,g
300647922553,2460412.6925253,4.149296469411054,0.04157945680098484,14.855129456016405,0.010892222831842106,18.105443583049027,1.45,bq625255,bq,G,g
300647922553,2460413.703975,2.9280739655730463,0.05742854861195015,15.233610514374323,0.021318565098322362,17.754821010134453,1.47,bq625499,bq,G,g
300647922553,2460414.6412345,2.944908747814403,0.061093525852607855,15.227386017033563,0.022549427519889784,17.687652636386574,1.44,bq625845,bq,G,g
300647922553,2460416.6051277,2.6843590270558133,0.08578614572634256,15.32796411902278,0.03473671354400862,17.31909772166969,1.64,bq626186,bq,G,g
300647922553,2460423.631238,3.7514594755499906,0.0957860382365549,14.964564973718797,0.02775326766325072,17.19938508401485,2.10,bq627776,bq,G,g
300647922553,2460424.7138312,4.460301129194176,0.1140924699578921,14.776655171503768,0.027803852410400294,17.00949815604194,1.47,bq628279,bq,G,g
300647922553,2460426.8346367,3.0837145968078827,0.08228885382061536,15.177380180974303,0.029005410040003215,17.364288078454912,2.09,bA540677,bA,G,g
300647922553,2460428.5456378,3.050877749760365,0.0633025597261016,15.189003608312394,0.02255322427864292,17.649087432273806,1.39,bi747703,bi,G,g
300647922553,2460431.7526422,3.2022416559446905,0.03686110803419367,15.13643036556388,0.012511991935998194,18.23621964682927,1.78,bA542368,bA,G,g
300647922553,2460432.7044816,2.9239184554487214,0.04502351527741807,15.235152481015755,0.01673733529442788,18.019042111014542,1.46,bq630947,bq,G,g
300647922553,2460433.7155752,2.758846312578715,0.05449943345251153,15.298246852651928,0.02147220537519701,17.811660642435296,1.45,bq631335,bq,G,g
300647922553,2460434.7474132,3.5714569710662274,0.04589859087674807,15.017952067007961,0.013969025273521162,17.99814223005255,1.52,bq631741,bq,G,g
300647922553,2460436.5246093,2.6969361405956223,0.06474016206012782,15.322888964451156,0.02609247594352119,17.624706155914694,1.50,bE564426,bE,G,g
300647922553,2460437.5502532,6.30515183856004,0.07806638563960648,14.40082674835811,0.013458005322033808,17.42148042987789,1.55,bE564895,bE,,g
300647922553,2460437.5514853,6.402233795346821,0.08328909724483327,14.38423679836525,0.014140631275576823,17.351170224260905,1.53,bE564896,bE,G,g
300647922553,2460437.7962732,2.7485080533698323,0.07545043326996366,15.302323087720822,0.029838493800401763,17.458486266364815,1.74,bA544658,bA,G,g
300647922553,2460438.7077511,2.9851055617851467,0.0467098706152596,15.212666388233353,0.017008309235297215,17.979118950670628,1.42,bq632852,bq,G,g
300647922553,2460439.5964455,3.322787658450636,0.05666034447929148,15.096309150449965,0.018534837999388987,17.769442584983935,1.42,bi751281,bi,G,g
300647922553,2460440.5767878,2.783526388047319,0.06547528364820245,15.288577265262122,0.02556785050780817,17.612447140125802,1.54,bE565834,bE,G,g
300647922553,2460440.6936284,2.74675127377477,0.04839725450471066,15.303017285814695,0.01915197488772599,17.940588797582894,1.45,bq633611,bq,G,g
300647922553,2460442.5880731,2.8149806553860333,0.06738904133208257,15.276377085493184,0.026021123033120788,17.581167415948006,1.50,bi752657,bi,G,g
300647922553,2460449.3305408,3.069852420095155,0.16467654666046688,15.182271877953184,0.05830776919384431,16.61106123375506,1.63,bm544035,bm,G,g
300647922553,2460450.5663178,6.3130460796122065,0.1541412467271519,14.399468224027892,0.026539459919381735,16.6828434431166,1.45,bE569602,bE,B,g
300647922553,2460452.6609373,2.915534427259174,0.11030680372933623,15.238270187206663,0.04112408983574042,17.046134860011282,1.82,bq637359,bq,G,g
300647922553,2460453.6558008,3.0495652915187677,0.12311909283609387,15.189470782070915,0.04388333684180577,16.926827094256314,1.49,bq637651,bq,G,g
300647922553,2460454.5538058,3.0328645935742253,0.12211397424480219,15.195433069614912,0.043764756587582054,16.935727197072598,1.50,bi755983,bi,G,g
300647922553,2460456.553974,7.828856516673882,0.13744589956805767,14.165819788262613,0.019082955039936532,16.80731114134503,1.55,bE570855,bE,G,g
300647922553,2460457.5191369,6.131717060190108,0.08745840259176725,14.431110355502653,0.015503566153631448,17.298136759468807,1.50,bi756893,bi,G,g
300647922553,2460478.4846411,3.42408489639833,0.09346378172292734,15.063704312307227,0.029669552643685426,17.226032237874346,1.74,bE577096,bE,,g
300647922553,2460479.4820777,3.1344819746253534,0.12518396788181635,15.15965118053856,0.04341053207766037,16.908768828918497,1.49,bE577531,bE,,g
300647922553,2460488.4521754,4.833490124057791,0.16386816495151682,14.68941353336877,0.036850715741184197,16.616404135520575,1.43,bi761719,bi,,g
300647922553,2460491.4528682,3.282719428096454,0.11559691050763238,15.10948120866372,0.03827583152362961,16.995275043692352,1.44,bi762765,bi,,g
300647922553,2460493.4532271,2.4346258622736983,0.1284273468117742,15.43398504458041,0.05733732823175685,16.880996835114644,1.64,bi763587,bi,,g
