# "asas_sn_id":386548250092,"ra_deg":335.79555,"dec_deg":5.14214,"name":"CSS_J222310.9+050831"
asas_sn_id,jd,flux,flux_err,mag,mag_err,limit,fwhm,image_id,camera,quality,phot_filter
386548250092,2456592.8025808,2.710628022617623,0.09398661366890261,15.377106595081255,0.03768844778079717,17.279691387968107,2.15,bc000928,bc,B,V
386548250092,2456593.7857614,2.950508299354314,0.1021317350836789,15.285039303055793,0.037624959587482555,17.18945461852271,1.86,bc001317,bc,G,V
386548250092,2456599.7950473,3.999353695237511,0.10440661066619993,14.954806869491183,0.028375946471412217,17.16553639976612,1.89,bc002464,bc,G,V
386548250092,2456765.1286653,3.515758264176232,0.12560919929453465,15.094733888785345,0.03883422240795472,16.96480277573628,3.31,bc026715,bc,B,V
386548250092,2456767.1132563,4.697866477548912,0.12551353013655756,14.78002973169728,0.02904036349275142,16.9656300323829,2.45,bc027032,bc,G,V
386548250092,2456785.0799443,2.4449985343462637,0.07356380529858982,15.489084896711985,0.032703765180223075,17.54569592799337,2.71,bc029255,bc,G,V
386548250092,2456796.0693186,2.3487114850610817,0.10105245226748555,15.532707225856859,0.046765906637961985,17.20098925087163,2.60,bc030775,bc,G,V
386548250092,2456802.0483095,4.747011722041749,0.09247933027587577,14.768730644153171,0.02117563997212858,17.29724470372761,2.40,bc032673,bc,G,V
386548250092,2456804.0410569,4.034887465722979,0.1192333485450153,14.945202837972802,0.03212021819958664,17.021362041586432,1.95,bc033260,bc,B,V
386548250092,2456805.0598118,2.5520174610820914,0.06348208717741953,15.442572300685658,0.027038321533211708,17.705728400819687,2.14,bc033601,bc,G,V
386548250092,2456809.0596624,2.4108621045857497,0.059250042908469455,15.504350478252075,0.026713357197072123,17.78063472068869,2.48,bc034673,bc,G,V
386548250092,2456810.0594788,2.790609700932963,0.053597018697634356,15.345533655452483,0.020876308499784457,17.88950481119762,2.51,bc034960,bc,G,V
386548250092,2456815.0388156,4.119800623667947,0.07351700599935519,14.922590906992406,0.019396518528265207,17.546386863742264,1.74,bc036499,bc,B,V
386548250092,2456817.0254281,3.758974897221262,0.06467471488311084,15.022107840854094,0.01870153567287262,17.685520086636284,1.50,bc037169,bc,G,V
386548250092,2456818.032902,2.3441578080542396,0.06342315918429726,15.534814292230974,0.029408522014946117,17.706736716268246,1.62,bc037509,bc,G,V
386548250092,2456820.0862468,3.7792476133456345,0.07992369951714128,15.01626803580761,0.022987005700525975,17.455667447790084,1.45,bc038119,bc,G,V
386548250092,2456821.0202344,3.071812410986787,0.09289842769774678,15.241294677681472,0.03287197860267102,17.29233548458011,1.64,bc038363,bc,G,V
386548250092,2456829.9891036,3.419271594787485,0.05777477967520401,15.124947408424239,0.018366096935890648,17.80801064875886,2.06,bc041227,bc,G,V
386548250092,2456833.0064923,3.1614832510025965,0.04245161550029097,15.210054191173327,0.014595383452298837,18.14262083864563,1.56,bc041899,bc,G,V
386548250092,2456836.0007675,2.6039348357997465,0.0736726465099368,15.42070612528995,0.030753059752803964,17.544090715917108,1.40,bc042585,bc,G,V
386548250092,2456846.9913009,2.536417859934476,0.12536485080958842,15.4492293980991,0.05372385376116829,16.966916923237978,1.48,bc042864,bc,B,V
386548250092,2456849.062256,2.4808892266905462,0.0940310718137658,15.473262971578361,0.041198004995344414,17.279177927564106,1.40,bc043592,bc,B,V
386548250092,2456850.9671135,2.5155100901751926,0.11959962756245292,15.458216245265554,0.05167921833600176,17.01803182556234,1.49,bc044176,bc,B,V
386548250092,2456855.9744406,2.965712780765556,0.08969685607632573,15.279458682567466,0.03287458695392986,17.330413341045304,1.46,bc045382,bc,G,V
386548250092,2456857.0413738,4.583237765191416,0.08403911643354045,14.806850435072842,0.019930640819550823,17.401152699443745,1.59,bc045731,bc,G,V
386548250092,2456859.9749168,2.482939717712519,0.062484684421831395,15.472365965460037,0.027353920337499234,17.722922441764272,1.39,bc046231,bc,G,V
386548250092,2456861.9734325,2.319676643554015,0.07362697602897823,15.546212780336761,0.034500205876977004,17.544763984393967,1.41,bc046445,bc,B,V
386548250092,2456862.9733385,3.310154541046811,0.04387070283155177,15.160160729173535,0.014405836937436262,18.106919913464694,1.45,bc046770,bc,G,V
386548250092,2456865.9699169,3.100441299817133,0.03804213252164733,15.231222621193162,0.013336857578212399,18.261694258369367,1.64,bc047732,bc,G,V
386548250092,2456866.9665227,1.698040430750341,0.07586265476706822,15.884911337799675,0.048561509998363964,17.512286302422723,1.77,bc048065,bc,G,V
386548250092,2456868.9545735,2.5995384605481537,0.054889222510640254,15.422540786349707,0.022951073541166225,17.8636386957414,1.61,bc048680,bc,G,V
386548250092,2456874.9546302,2.17228545570531,0.06690213779208365,15.617489168417599,0.03347613215399641,17.648756405069356,1.50,bc049854,bc,G,V
386548250092,2456875.9566493,3.1581080564732704,0.05634868646377931,15.211213940615572,0.01939407111726127,17.835146901868985,1.50,bc050183,bc,G,V
386548250092,2456876.9107014,2.274968700610154,0.12567992501518657,15.567342839666916,0.060048568628791696,16.964191611383203,1.59,bc050490,bc,B,V
386548250092,2456883.8871806,2.3219888401510937,0.09834588045651765,15.545131084219523,0.04603712744004094,17.2304659617491,1.51,bc051397,bc,G,V
386548250092,2456885.9368158,3.7453177639433424,0.061032862782160344,15.02605972841848,0.017712801001865057,17.748447040498718,1.40,bc052045,bc,G,V
386548250092,2456887.0582181,2.7234783231756947,0.059329146404873204,15.371971597097422,0.023678617914901025,17.779186143696283,2.29,bc052383,bc,G,V
386548250092,2456890.9199525,3.1053665180016714,0.0498947477393753,15.229499239168122,0.017464418818665683,17.967219315583442,1.60,bc052936,bc,G,V
386548250092,2456892.9281563,2.7343368772610988,0.06532424043726509,15.36765135523348,0.025967761968694745,17.674670472088113,1.54,bc054252,bc,G,V
386548250092,2456894.9151516,2.602626307924217,0.05108843194468819,15.421251865973709,0.02133648773111591,17.941549960920202,1.44,bc054767,bc,G,V
386548250092,2456895.9211609,3.634513293904627,0.06593471635798093,15.058665750245767,0.019718780524071933,17.66457103804337,1.49,bc055056,bc,G,V
386548250092,2456896.911515,2.2435601338548397,0.06244367024497371,15.582437118605858,0.030252612172013808,17.723635339623872,1.55,bc055405,bc,G,V
386548250092,2456898.9140064,2.4131236305289256,0.05707184943354562,15.503332473262336,0.025707186388916555,17.821301528067234,2.01,bc056089,bc,G,V
386548250092,2456901.9063001,2.913637937246539,0.05146648078390765,15.2986924463862,0.019199992635974696,17.933545211849975,1.36,bc056868,bc,G,V
386548250092,2456904.8997559,4.600167888619276,0.09302659132947434,14.80284719935089,0.02198090647754218,17.29083862398686,1.45,bc057601,bc,G,V
386548250092,2456933.8405987,3.11009977514687,0.18874766991278674,15.227845599875423,0.06596589357493515,16.52265239623865,1.48,bc065149,bc,B,V
386548250092,2456941.8468493,3.4599687605877545,0.07853711594231633,15.112100960400369,0.024672601482558336,17.474669021258663,2.06,bc066953,bc,G,V
386548250092,2456997.7394856,2.5922663864824456,0.08277363179206278,15.425582333361941,0.03470759771201675,17.417626366660567,1.76,bc076632,bc,B,V
386548250092,2456999.7293477,2.2823437864447875,0.07739449229755427,15.563828748975627,0.03685879780651116,17.490581254563025,1.38,bc077385,bc,G,V
386548250092,2457000.7232283,2.968687036785616,0.044722725048867665,15.278370364350675,0.01637480039473867,18.08603574829511,1.36,bc077788,bc,G,V
386548250092,2457002.7214716,3.0142382285016898,0.05173829684189003,15.261837470672726,0.018657211179994127,17.927826073175158,1.58,bc078578,bc,G,V
386548250092,2457003.7179421,4.770416274351618,0.08147602324468436,14.76339070965999,0.018564605212197254,17.434781835156492,1.53,bc078959,bc,B,V
386548250092,2457004.7129528,2.8089788987727013,0.05932329979242629,15.33841021260151,0.02295561836674414,17.779293143240203,1.62,bc079362,bc,G,V
386548250092,2457006.7118988,2.519179814840587,0.0617903964557493,15.456633484971881,0.026660849699080825,17.73505393938415,1.81,bc079931,bc,B,V
386548250092,2457013.7033317,2.7008458023123882,0.06303817734369006,15.381031929531957,0.025369740813639605,17.713347274487045,1.41,bc082495,bc,G,V
386548250092,2457132.1190637,2.595299108641625,0.09289218489019754,15.424312860571511,0.03890486682201526,17.292408448892825,1.49,bc112042,bc,G,V
386548250092,2457137.1118323,3.2047397581223085,0.06645474373475012,15.195299483842689,0.022539557828343475,17.65604142467521,1.37,bc113360,bc,G,V
386548250092,2457145.0780439,2.5797969510592087,0.16470237249443406,15.430817591648427,0.06939473195951688,16.670606755894937,1.46,bc114570,bc,G,V
386548250092,2457148.0987637,3.277796094417937,0.15203824474834735,15.170826570954496,0.05041770656949072,16.757474275888008,1.53,bc114788,bc,G,V
386548250092,2457152.1010947,2.8960471186056105,0.19186761142588749,15.305267345662832,0.07201255470259449,16.50485222111889,1.46,bc115941,bc,B,V
386548250092,2457161.1026329,2.7052004160360386,0.06234154231656097,15.379282790657033,0.0250489928933085,17.725412537608733,1.38,bc117801,bc,B,V
386548250092,2457164.0755915,5.28262809640998,0.10340377160927927,14.652656312288695,0.02127641807673578,17.176015444286364,1.41,bc118707,bc,G,V
386548250092,2457172.0180602,3.3288711112759746,0.061244686164591465,15.154038953832634,0.0199978637872081,17.744685359840965,1.35,bc120277,bc,G,V
386548250092,2457179.0489175,4.145253996538671,0.14107735393167967,14.915903537798517,0.03699289598509122,16.83871313023083,1.38,bc121831,bc,G,V
386548250092,2457184.1078977,5.035098889579428,0.09266267285961799,14.704761393173278,0.02000363821949766,17.295094335440112,1.40,bc123206,bc,G,V
386548250092,2457185.0402369,2.8251484334126555,0.07459495435079547,15.332178228005734,0.028699898087296952,17.530582762385215,1.45,bc123456,bc,G,V
386548250092,2457189.0355562,2.5573949538301446,0.06276614304401161,15.440286894752832,0.026677173357178226,17.7180427880836,1.45,bc123909,bc,B,V
386548250092,2457192.0600565,3.1397155557009406,0.06438541072448138,15.21755564276156,0.022289962530125964,17.69038771749983,1.41,bc124806,bc,B,V
386548250092,2457194.045437,2.8460369650280675,0.05490840071384473,15.324180063245889,0.020970579436444692,17.86325940757174,1.38,bc125281,bc,G,V
386548250092,2457197.0498101,5.120594760044287,0.08634815675327336,14.68648038586462,0.0183292559793018,17.371723715537424,1.39,bc126169,bc,G,V
386548250092,2457199.9407202,2.6324749424057887,0.042022759479795245,15.408870789561393,0.017351318997283486,18.153644974864616,1.40,bc126714,bc,G,V
386548250092,2457201.9409243,2.4804454408536114,0.051332102645720856,15.473457207357196,0.022494251567229555,17.936383758607967,1.56,bc127323,bc,G,V
386548250092,2457202.9454858,3.904517163022862,0.08866122395168682,14.980863064041156,0.024681898318267247,17.34302208777907,1.58,bc127599,bc,G,V
386548250092,2457205.9410051,1.908006535247609,0.16170822296710535,15.758331759758864,0.09212222512127313,16.690526132123086,1.49,bc128438,bc,G,V
386548250092,2457212.0984683,3.254494526035974,0.0517972099097439,15.178572540997049,0.01729955747931853,17.926590476622582,1.51,bc129883,bc,G,V
386548250092,2457215.9468189,3.2960095495994683,0.050294796663122275,15.164810251222844,0.016586195039746624,17.958548751980675,1.36,bc130485,bc,G,V
386548250092,2457218.0007801,2.785295685707382,0.0509459912086956,15.347603138368626,0.019881579426168614,17.94458135287175,1.50,bc130961,bc,B,V
386548250092,2457222.0031712,2.4685269791890283,0.05818850176717457,15.478686709263023,0.025621908133585784,17.80026345578129,1.54,bc131467,bc,G,V
386548250092,2457226.9571923,3.0520258686502104,0.05710885492527765,15.248310878685023,0.02033889782773618,17.820597762859606,1.58,bc132200,bc,G,V
386548250092,2457229.861947,2.1799670711550405,0.0830329521965799,15.6136565706473,0.041401179909339614,17.414230195355287,1.54,bc133038,bc,G,V
386548250092,2457232.0782327,3.623034720334371,0.056808831617293096,15.062100164533206,0.017043372417115017,17.826316750504056,1.78,bc133684,bc,G,V
386548250092,2457233.8448641,4.258696403092417,0.14408361344902407,14.886589702290646,0.03677478000085511,16.81581991480876,1.57,bc134188,bc,G,V
386548250092,2457241.0561062,4.68078072282692,0.08878918681524735,14.783985663211334,0.020618352233013962,17.34145619748539,1.43,bc135590,bc,G,V
386548250092,2457242.9759484,4.764200766942853,0.08261890958300057,14.764806267799631,0.018849575612625565,17.41965774669338,1.42,bc136113,bc,G,V
386548250092,2457244.9740829,4.027169656949031,0.06421753689881234,14.947281589546876,0.017332686846639786,17.69322228384928,1.43,bc136801,bc,G,V
386548250092,2457246.9643383,3.4089155710883214,0.0616393802798009,15.128240791635815,0.01965414660290278,17.737710734460393,1.48,bc137480,bc,G,V
386548250092,2457248.9449936,3.0268282155355872,0.03729187886687739,15.257311970197904,0.013391791028710744,18.283320731535337,1.50,bc137987,bc,G,V
386548250092,2457255.8532035,5.118518098464803,0.09079428266104812,14.686920796420484,0.019280861330675417,17.31721013930524,1.43,bc138762,bc,G,V
386548250092,2457270.8441285,3.687624213090877,0.07223665989073505,15.042914759745408,0.021292329163625365,17.565462251983043,1.47,bc141665,bc,G,V
386548250092,2457271.7352816,2.488487597494578,0.06995422124010307,15.469942703061701,0.030555586082352457,17.600321578166643,1.36,bc142080,bc,G,V
386548250092,2457274.9824151,2.6730640850537806,0.06583358306868374,15.392257977461412,0.0267701185564808,17.66623766189349,1.41,bc142972,bc,G,V
386548250092,2457275.7293744,2.514300119505607,0.08562244196789362,15.458738614473633,0.0370154187172104,17.38088736909211,1.37,bc143189,bc,G,V
386548250092,2457276.9698896,2.526795168665982,0.05372029677830678,15.453356309930484,0.02310896730254947,17.88701038550836,1.48,bc143629,bc,G,V
386548250092,2457284.9540523,5.29228113438878,0.0923909063432796,14.6506741381628,0.018975730058379693,17.298283324914706,1.39,bc144677,bc,G,V
386548250092,2457297.913783,4.856834796173818,0.088672177131531,14.74389807620825,0.019844776541679928,17.342887964552915,1.89,bc147122,bc,G,V
386548250092,2457298.8537287,2.7169791157871077,0.05428392166005369,15.374565654012635,0.021716862794831565,17.875678355999572,1.48,bc147368,bc,G,V
386548250092,2457303.9024255,3.1640547588471795,0.04076803793171721,15.209171426950858,0.014005157333159969,18.186556867679194,1.38,bc148426,bc,G,V
386548250092,2457304.8904266,2.2299364097992744,0.0598159795474673,15.589050207958298,0.0291566023083082,17.770313345819837,1.41,bc148802,bc,G,V
386548250092,2457305.8873905,2.8526811962826892,0.052588936148419266,15.321648305931177,0.020037951381435232,17.910120430398024,1.35,bc149207,bc,G,V
386548250092,2457308.7992944,2.4198154977664204,0.055319147401258435,15.50032576989299,0.024848798637891148,17.855167698714553,1.41,bc149939,bc,G,V
386548250092,2457310.8183869,5.260513696903346,0.08785309543458482,14.657211015217564,0.01815269392679365,17.352963723365143,1.37,bc150733,bc,G,V
386548250092,2457313.792423,2.871550530181066,0.09206232186071422,15.314490247292568,0.03484798198784976,17.302151584092286,2.46,bc151208,bc,G,V
386548250092,2457314.8764225,3.459911129679194,0.10626829860011786,15.112119045096906,0.033384967384474266,17.146347075181346,1.38,bc151674,bc,G,V
386548250092,2457316.8432617,2.9259347861952993,0.07128178953211434,15.294119798874199,0.026480496550614553,17.579909908312853,1.51,bc152269,bc,G,V
386548250092,2457321.8122151,5.336189761687821,0.12706013549775755,14.641703241400306,0.025881546403001554,16.952333108342046,1.55,bc154531,bc,G,V
386548250092,2457323.7545189,5.330953144494028,0.12223588451980275,14.642769241056353,0.02492332764293341,16.99435959492603,1.65,bc155219,bc,G,V
386548250092,2457327.8186657,3.2105752077857788,0.05417346881078348,15.193324285196407,0.01834070265238323,17.877889781118864,1.38,bc156201,bc,G,V
386548250092,2457333.8115209,2.5890410044743586,0.05270728502387322,15.426934082721113,0.022128088006660843,17.907679778462914,1.43,bc158112,bc,G,V
386548250092,2457342.7626192,3.23298152037273,0.07821275777672454,15.185773349006572,0.026295809800611664,17.479162395294445,1.49,bc159242,bc,G,V
386548250092,2457353.75607,2.9200280913651593,0.08447248648591868,15.296313830805024,0.03144419067916005,17.395568198612764,1.51,bc160935,bc,B,V
386548250092,2457354.744861,4.003337466593032,0.08177935703988956,14.95372590183618,0.02220412498819131,17.430747164299095,1.44,bc161268,bc,B,V
386548250092,2457355.7107879,2.92081112001408,0.04359079843013426,15.2960227210765,0.016221967355842536,18.11386933408147,1.62,bc161523,bc,G,V
386548250092,2457358.7428401,4.234388131317874,0.06841222106061283,14.892804745294354,0.01756124085520443,17.624522167699265,1.47,bc162534,bc,G,V
386548250092,2457360.7380266,3.895167870557298,0.06494732595296451,14.983465956372502,0.01812371683585271,17.680953206762446,1.47,bc163399,bc,G,V
386548250092,2457361.7152456,2.4638864382040655,0.058923565836723736,15.480729686774136,0.02599444242935003,17.786633841514504,1.60,bc163818,bc,G,V
386548250092,2457362.7192692,3.228127076841646,0.04602288957182415,15.187404848000316,0.015496564657645914,18.054921687174918,1.54,bc164258,bc,G,V
386548250092,2457363.7270073,2.3613836030999322,0.056629693404293295,15.526865046331906,0.026066927240910077,17.829745867819348,1.63,bc164686,bc,G,V
386548250092,2457364.7234393,2.984601798264103,0.042569959227396814,15.272565413719999,0.015503473474853587,18.13959830812869,1.55,bc165120,bc,G,V
386548250092,2457366.7126355,2.8004966034682397,0.04738785620398687,15.341693778819854,0.01839264482176823,18.02318873882221,2.06,bc165988,bc,G,V
386548250092,2457369.7179462,4.452631370653331,0.07082849762410308,14.83823955009223,0.01729033710828099,17.586836318987608,1.74,bc166972,bc,G,V
386548250092,2457490.1331551,2.90025723744258,0.09287881834244421,15.30369010645291,0.03480906314977947,17.29256469012101,1.43,bc207560,bc,G,V
386548250092,2457491.1317994,2.518951240077649,0.12085484798627213,15.456732002415386,0.05215026123269472,17.00669620258822,1.66,bc207944,bc,G,V
386548250092,2457492.1261456,2.8065759682959124,0.07024248383487612,15.339339399062034,0.02720415437528039,17.595856743183383,1.70,bc208270,bc,G,V
386548250092,2457496.119682,2.5141773406134567,0.062108431636369775,15.458791634692764,0.026851393388848576,17.729479987254024,1.46,bc209693,bc,G,V
386548250092,2457501.1058035,2.9799379265055297,0.12793830652985644,15.274263360481466,0.04666653470395011,16.944854899100413,1.43,bc210977,bc,G,V
386548250092,2457503.106384,2.7089029931034143,0.09389073623274811,15.377797771884442,0.037673976638844524,17.28079953232658,1.53,bc211580,bc,G,V
386548250092,2457506.1024197,4.857009637770803,0.11644908351401803,14.74385899140444,0.026060292281857626,17.04701620650601,1.45,bc212697,bc,G,V
386548250092,2457515.0791951,3.8086443880948693,0.07225510684071708,15.007855342973508,0.0206210272229592,17.56518502481606,1.40,bc215727,bc,G,V
386548250092,2457521.0697795,3.624191514658376,0.05679094706281097,15.061753556479594,0.01703256851521072,17.82665861575579,1.44,bc216386,bc,G,V
386548250092,2457526.0486489,2.893358734164826,0.05657641324109003,15.306275696641741,0.021254226315895075,17.830767865804628,1.42,bc217381,bc,G,V
386548250092,2457530.0391709,4.754166585419032,0.12323199346573682,14.767095416305455,0.02817482656062427,16.985547708890515,1.51,bc218623,bc,G,V
386548250092,2457531.0660397,2.5857148379788373,0.11601673120386714,15.428329835484927,0.04876993424049461,17.051054831266068,1.85,bc218926,bc,G,V
386548250092,2457540.1228595,2.0866406357907903,0.14484358156662602,15.661162252782406,0.07545078578239807,16.810108255838138,1.40,bc221046,bc,G,V
386548250092,2457544.0425001,2.3883643342526044,0.07421573315703787,15.51452996155797,0.03377595034969291,17.536116438465204,1.36,bc222112,bc,B,V
386548250092,2457549.0489125,2.5864768466586936,0.05652670649891353,15.428009916785664,0.023755121705729125,17.8317221880762,1.35,bc223552,bc,G,V
386548250092,2457550.9812037,2.620419781339741,0.056978951315024076,15.413854231450363,0.023635008090977325,17.823070263968727,1.38,bc224166,bc,B,V
386548250092,2457555.0930376,2.1864401079861167,0.06348359410468,15.61043744091323,0.03155993451797761,17.70570262809956,1.45,bc224613,bc,G,V
386548250092,2457559.9565052,3.0268327257806047,0.11981449284291307,15.257310352354965,0.043026211288529084,17.016083009206987,1.46,bc225978,bc,G,V
386548250092,2457562.0286312,2.405589850888111,0.09166060014498863,15.506727447464865,0.04141648963032315,17.306899652557007,1.41,bc226677,bc,B,V
386548250092,2457568.0593807,3.044307558737928,0.15000815640917997,15.25106008953072,0.0535597474227006,16.772069209584494,1.37,bc228133,bc,B,V
386548250092,2457569.0638956,2.6286231374785656,0.05160443787443329,15.410460588780818,0.021338844469010323,17.930638764536162,1.45,bc228469,bc,B,V
386548250092,2457573.976182,4.880981868450502,0.07821749255933617,14.738513418589436,0.017418424395508395,17.479096669836693,1.40,bc229164,bc,G,V
386548250092,2457577.0631967,2.173349539437283,0.05814281997826044,15.616957455902822,0.029078947597190284,17.80111616464641,1.45,bc230223,bc,G,V
386548250092,2457581.0895886,4.725299068433921,0.07856458439210834,14.77370815300683,0.018072144460271982,17.47428935011993,1.52,bc231224,bc,G,V
386548250092,2457583.9248608,2.8773069391926507,0.05302353688017989,15.312315921769502,0.020030632961862093,17.901184659858252,1.34,bc231945,bc,G,V
386548250092,2457587.8799675,2.549165983954182,0.10795471102548648,15.443786117953994,0.046031556179640595,17.129252395627297,1.46,bc232860,bc,B,V
386548250092,2457596.0971626,3.3267596484232054,0.05411235565330399,15.154727841730393,0.017680200585546996,17.87911529286125,1.59,bc234344,bc,G,V
386548250092,2457597.9791035,3.7731777144642957,0.06204180093466938,15.018013252769741,0.017872664700595536,17.73064540387278,1.45,bc234917,bc,B,V
386548250092,2457602.0077621,2.8742493550038364,0.045483243689194666,15.31347029807943,0.017200424267905697,18.06772782036566,1.36,bc236012,bc,B,V
386548250092,2457605.0435267,4.261054258960046,0.06532235700576594,14.885988743495492,0.016663144294275654,17.6747017765355,1.57,bc237023,bc,B,V
386548250092,2457608.0317496,2.4972188193465947,0.05649438294742895,15.466139906597133,0.02459013103321203,17.832343219978156,1.43,bc237989,bc,B,V
386548250092,2457610.8369038,4.726031008813659,0.08258916669860976,14.773539987433287,0.018994973414401824,17.420048683111172,1.36,bc238794,bc,B,V
386548250092,2457611.9766978,2.192599933357625,0.06034030756835757,15.607382913085745,0.029913022360962386,17.76083759481949,1.49,bc239231,bc,B,V
386548250092,2457613.8248996,2.6052575625947765,0.07090045899046736,15.420154741393405,0.029580843522139355,17.585733776932887,1.33,bc239846,bc,B,V
386548250092,2457615.0507893,2.582638962240784,0.05043022016247513,15.429622158020695,0.021224591396539143,17.955629233286082,1.38,bc240116,bc,B,V
386548250092,2457615.7945558,2.482232555839361,0.12249943863490084,15.47267523620079,0.053641856972810105,16.992021147401555,1.41,bc240287,bc,B,V
386548250092,2457622.0280906,2.909650045420261,0.08490232691888493,15.300179509786187,0.031716920081356494,17.390057410876747,1.39,bc242200,bc,B,V
386548250092,2457625.9231649,2.761412546287293,0.04564369617967778,15.356953170251344,0.01796642566337444,18.063904378947704,1.40,bc242655,bc,G,V
386548250092,2457626.922405,4.091354898115054,0.06204354945029042,14.930113521214762,0.016483204802865515,17.73061480514846,1.47,bc242911,bc,G,V
386548250092,2457630.6811179,2.2602777713143425,0.06401763551553269,15.57437686955092,0.030785767710958725,17.696607319965796,1.38,bg090887,bg,G,V
386548250092,2457636.961521,2.710138855920324,0.04709313667855773,15.377302547427764,0.01888766397710194,18.0299623487752,1.35,bc244449,bc,B,V
386548250092,2457638.9108457,2.797059908128764,0.043333628318718,15.343026983769514,0.016839742965377217,18.12029375874235,1.39,bc245182,bc,B,V
386548250092,2457639.7219357,2.2523436968218777,0.17349216112853524,15.578194748300511,0.08372542621952726,16.614156751414903,1.52,bc245422,bc,G,V
386548250092,2457641.7554963,2.608725161464929,0.08499019193900731,15.418710586937504,0.03541217939573524,17.388934368583588,1.46,bc245857,bc,B,V
386548250092,2457643.8581201,4.140428034369644,0.07350336685462057,14.917168303311524,0.01929630543248343,17.546588312194547,1.42,bc246029,bc,B,V
386548250092,2457648.7096406,2.4391349766353154,0.1511545197432969,15.491691819696245,0.06735928622202182,16.76380354929152,1.47,bg097269,bg,G,V
386548250092,2457649.6347497,4.205830895921963,0.10748436414255158,14.900151887019957,0.02777829957524229,17.13399316468744,1.49,bg097600,bg,B,V
386548250092,2457650.8951046,4.93592945963566,0.1002373391970094,14.726359043318437,0.02207357914106192,17.209782569227308,1.45,bc246964,bc,B,V
386548250092,2457652.8010378,4.914452341045427,0.0797852290701259,14.731093585115932,0.01764653903587874,17.457550152991544,1.47,bc247678,bc,B,V
386548250092,2457656.7366467,4.625337683286582,0.08960367075299075,14.796922792297222,0.021056904590698734,17.331541889747253,1.41,bg100273,bg,B,V
386548250092,2457657.9212137,2.604714941141711,0.05774200316189198,15.420380901419692,0.024095936919526932,17.808626778246705,1.49,bc248902,bc,B,V
386548250092,2457661.9223728,4.660040555999777,0.09124892644891448,14.788807163666311,0.021283852471550586,17.311786984555802,1.39,bc249872,bc,B,V
386548250092,2457663.9192719,3.624200145374151,0.06116832809805123,15.061750970890671,0.01834537566445347,17.746039868242217,1.76,bc250203,bc,G,V
386548250092,2457664.5889784,3.6633732911052106,0.0675613886884381,15.050078467665157,0.020046084910581134,17.638109974469497,1.36,bg103180,bg,G,V
386548250092,2457668.8727089,2.0696862906767226,0.06904184895220285,15.670020097097941,0.036259354052631476,17.6145753603235,1.37,bc251176,bc,G,V
386548250092,2457671.8011315,2.7571628932038714,0.06843018059370364,15.358625342054722,0.0269772349190733,17.62423717832209,1.38,bc252336,bc,G,V
386548250092,2457676.8367005,4.2334579628855025,0.125254239801498,14.893043275266765,0.03215950507157484,16.967875305008764,1.58,bc254254,bc,G,V
386548250092,2457678.8392508,3.6143678112353856,0.10324359055373862,15.064700539861008,0.031048664646499715,17.177698644152343,1.56,bc255075,bc,G,V
386548250092,2457679.7820631,2.6476140531052916,0.07142228228916722,15.402644710549882,0.02932183995648861,17.57777208393021,1.72,bc255433,bc,G,V
386548250092,2457685.8561893,4.2830155328642245,0.06849425535897465,14.880407280967203,0.017382677460035963,17.62322102226404,1.88,bc256705,bc,G,V
386548250092,2457687.7164701,5.033473252501723,0.08226149542551929,14.705111991653673,0.017764009950056094,17.424364893048093,1.37,bc257424,bc,G,V
386548250092,2457689.8457641,3.1573862780653323,0.05671142435731473,15.211462111514384,0.01952338014215665,17.828180005899533,1.53,bc258347,bc,B,V
386548250092,2457690.8265839,2.311410088302904,0.057388163439423975,15.550088893386267,0.026987179313954127,17.81530057744844,1.81,bc258750,bc,G,V
386548250092,2457692.7759297,2.4130693405426005,0.05969376832707514,15.503356900219178,0.026888796645897124,17.772533904313505,1.88,bc259232,bc,B,V
386548250092,2457694.7140053,2.2208190330188833,0.05907027597629853,15.593498477487719,0.028911325397859206,17.78393389396166,1.43,bc259762,bc,G,V
386548250092,2457696.8209466,4.6002477923427385,0.07499111921161297,14.802828340558316,0.017719064228509347,17.52483180538959,1.46,bc260686,bc,G,V
386548250092,2457699.6035955,3.0915970975063654,0.06642964475344512,15.234324177276903,0.023355609843149074,17.6564515687612,1.43,bg111893,bg,G,V
386548250092,2457703.7696155,2.4195273432236175,0.10113080504451999,15.500455068366083,0.045432339667388535,17.200147732615775,1.42,bc263457,bc,G,V
386548250092,2457706.795515,2.933395343957121,0.08438240891331879,15.291354908735833,0.03126752412603908,17.396726595481915,1.40,bc264719,bc,G,V
386548250092,2457707.722808,3.597263681441098,0.09380460803768455,15.069850721982302,0.028344191448011206,17.281795960944002,1.95,bc265087,bc,G,V
386548250092,2457710.7722024,2.5043241257107196,0.05925712262228848,15.46305506112449,0.02571948065049786,17.780504995172308,1.81,bc266335,bc,G,V
386548250092,2457715.5785618,4.482175704253092,0.08367134052561911,14.831059211607574,0.02029083982153544,17.40591457614228,1.56,bg115976,bg,G,V
386548250092,2457718.566591,2.5586091181516393,0.05994707855204836,15.439771546379932,0.025466909943019724,17.76793633583373,1.60,bg116810,bg,G,V
386548250092,2457721.7300618,2.494868480553995,0.054916665358972605,15.467162263761914,0.02392592155833634,17.863095998164894,1.55,bc269670,bc,G,V
386548250092,2457731.5230536,2.3415608306777718,0.13159051510071373,15.53601779285347,0.06108454100948167,16.914294926330754,1.47,bg120383,bg,G,V
386548250092,2457736.7020305,2.4901137913926563,0.09439400967001187,15.469233420467665,0.04120381356811135,17.274995307555866,1.55,bc270951,bc,G,V
386548250092,2457859.1231451,4.410914666750894,0.12090514158528837,14.848459764445085,0.029793963857098576,17.00624446876573,1.61,bc307790,bc,G,V
386548250092,2457868.9106967,3.4055673354510967,0.06470539697765178,15.129307725399034,0.020652051863558864,17.685005128641173,1.64,bg160965,bg,G,V
386548250092,2457871.8971673,2.3445809302409417,0.0732333367141752,15.534618333742339,0.03395124984745575,17.550584338051443,1.40,bg162226,bg,G,V
386548250092,2457876.8793023,2.502235113451852,0.07977888736284097,15.46396111906365,0.03465548918642815,17.457636455869117,1.39,bg164164,bg,G,V
386548250092,2457881.0799278,4.741735292191316,0.10320644475710108,14.769938140043276,0.023658199224865988,17.178089349212172,1.51,bc312309,bc,G,V
386548250092,2457884.0692641,2.4778364589979547,0.1718820129250792,15.474599807304871,0.07539976023846155,16.62428031592248,1.52,bc313168,bc,G,V
386548250092,2457886.0699059,2.4702993384349052,0.09446475254018419,15.477907449349864,0.04156543996529592,17.274181915600227,1.49,bc313687,bc,G,V
386548250092,2457889.8702186,2.7260579329871186,0.0950786021060601,15.370943701935724,0.037910532049397275,17.26714942396484,1.59,bg167754,bg,G,V
386548250092,2457896.0919886,3.2350426466638194,0.044265994090040235,15.185081378953658,0.01487313034870019,18.0971808394249,1.59,bc316370,bc,G,V
386548250092,2457901.0636155,4.952511291920481,0.08653017319441393,14.72271771846647,0.018991281500826684,17.369437461232565,1.46,bc317932,bc,G,V
386548250092,2457904.0346002,2.514198499787614,0.060398722709241744,15.458782497236784,0.026112013653285315,17.75978700764537,1.79,bc318534,bc,G,V
386548250092,2457907.0471574,3.3254946082187735,0.05830136919708363,15.155140784445448,0.019056128769077807,17.798159508162104,1.36,bc319441,bc,B,V
386548250092,2457909.9987477,2.2603443703450883,0.09040730738314595,15.574344878830784,0.04347515080544207,17.32184755676069,1.53,bc320263,bc,G,V
386548250092,2457911.0791956,2.878949698496813,0.06055021841364219,15.311696212325355,0.022860925577060764,17.757067108560253,1.41,bc320663,bc,G,V
386548250092,2457912.1027742,4.701420383576813,0.08770371570941048,14.779208689700438,0.020276877622794443,17.354811410321446,1.50,bc320917,bc,G,V
386548250092,2457913.8319735,2.5353222985717525,0.1395509327924643,15.449698464185834,0.05982899949209565,16.850524534265514,1.38,bg174920,bg,G,V
386548250092,2457915.7710884,2.53832281022502,0.13694346925047984,15.448414273256164,0.058641712713520304,16.871003079056834,1.86,bg175770,bg,G,V
386548250092,2457925.0403964,4.438070239500552,0.07233308845840722,14.841795976143564,0.01771556509800691,17.564013871477215,2.20,bc323431,bc,G,V
386548250092,2457929.0519562,3.3370880816729085,0.04559591482941418,15.151362229744219,0.014851503998554472,18.065041559303083,1.41,bc324728,bc,G,V
386548250092,2457931.0785248,2.902106131648666,0.0455373240216077,15.302998177554784,0.017055575875757345,18.06643762885725,1.46,bc325311,bc,G,V
386548250092,2457934.8532292,3.1632322671819013,0.042747148563308045,15.209453699267716,0.014688865057017721,18.135088517333557,1.56,bg182525,bg,G,V
386548250092,2457936.7132086,3.9235035837627534,0.07774377271322132,14.975596270432396,0.021537918590149134,17.4856923635647,2.08,bg183296,bg,G,V
386548250092,2457937.8384429,2.1265247557666296,0.0675195766201042,15.640605297307754,0.03451210429282267,17.638782117694593,1.68,bg183837,bg,G,V
386548250092,2457938.9201563,2.5493553028808544,0.08568784112379088,15.443705486570318,0.03653431816192937,17.380058391012263,1.53,bc327026,bc,G,V
386548250092,2457940.0556955,3.2872763231941105,0.04659237181985866,15.167690875226725,0.015406031447846552,18.041569345928465,1.40,bc327478,bc,G,V
386548250092,2457940.916568,2.54358469494977,0.0962435723916198,15.446165896721675,0.041128010753583,17.253927056486983,1.45,bc327709,bc,G,V
386548250092,2457944.6932569,2.9489451627166723,0.18438471237620088,15.285614662821272,0.06796266277182075,16.54804411823173,1.42,bg186018,bg,G,V
386548250092,2457950.1000796,2.304257452207111,0.07553676995682897,15.553453902723192,0.035631949310629324,17.51696036884206,1.47,bc330457,bc,G,V
386548250092,2457954.0505739,3.959038508212821,0.06749434663407972,14.965807089500585,0.01853061547702702,17.639187899689976,1.49,bc330970,bc,G,V
386548250092,2457955.7721848,2.42641494408836,0.06167930349685538,15.497368724280662,0.027630361144772398,17.737007741493663,1.44,bg190377,bg,G,V
386548250092,2457962.0900936,2.6504477119812786,0.05495971396983964,15.401483302297818,0.022539142825714554,17.86224523409604,1.39,bc332590,bc,B,V
386548250092,2457964.872903,2.4534775165695084,0.056225414720790685,15.48532619826056,0.024909370803487995,17.837524724946825,1.38,bc332942,bc,G,V
386548250092,2457967.0009842,5.071924761739435,0.08302761258928573,14.696849398308622,0.01779352203115162,17.41430001813312,1.40,bc333397,bc,G,V
386548250092,2457968.6638415,2.4077843487642374,0.10014315438575187,15.505737436773142,0.04520805811491715,17.210803226130814,1.37,bg195476,bg,G,V
386548250092,2457970.773668,2.2214445618604577,0.09547968447878509,15.593192705756527,0.04671836854253627,17.26257895574728,1.41,bg196418,bg,G,V
386548250092,2457971.6385385,3.2145364221975434,0.13523261678937062,15.191985527305725,0.0457272699590591,16.884652764085263,1.41,bg196748,bg,G,V
386548250092,2457977.9648711,3.762847026092084,0.07091656548931213,15.02098999708731,0.020485346022158915,17.585487157613848,1.53,bc336747,bc,G,V
386548250092,2457979.9567436,4.999021105589964,0.0940809370441715,14.712568978707774,0.02045638254600292,17.27860230788297,1.37,bc337452,bc,G,V
386548250092,2457980.9709099,2.820506166284538,0.048939239463696486,15.333963770688205,0.018860028082864157,17.98821335380233,1.41,bc337820,bc,G,V
386548250092,2457982.9658945,2.5118367461773765,0.058075460729550624,15.459802880686004,0.025131211608022282,17.802374734000445,1.38,bc338525,bc,G,V
386548250092,2457987.9604579,2.9182466837882286,0.04363374208127191,15.296976402827143,0.016252217739712985,18.11280024319722,1.73,bc339517,bc,G,V
386548250092,2457990.9026914,4.003530961672499,0.07064559980389892,14.953673425736406,0.019180242684308263,17.58964360172569,2.45,bc340426,bc,G,V
386548250092,2457995.793992,2.4675915209631176,0.06376792746542968,15.47909823134299,0.02808931869294286,17.700850638371826,1.46,bc341445,bc,G,V
386548250092,2457996.806066,4.3619123480396,0.10003104587067123,14.86058906889378,0.024927001968386434,17.212019369732285,1.37,bg202462,bg,B,V
386548250092,2457999.8785024,2.4403256977796923,0.2148004510554967,15.491161921345526,0.09567524177600861,16.382268421188368,1.43,bc342898,bc,B,V
386548250092,2458003.9384202,4.451904163246761,0.1210773882744511,14.838416887901356,0.02956170034084376,17.004698782816682,1.75,bc344058,bc,G,V
386548250092,2458008.9726341,2.8372918505077553,0.07026425700401667,15.327521377905416,0.02691798955472365,17.59552024803623,1.49,bc344893,bc,B,V
386548250092,2458010.9335342,3.9116525376871056,0.06370528643212535,14.978880728176854,0.01770220536960098,17.701917711855845,1.38,bc345447,bc,G,V
386548250092,2458013.9576576,2.7551767149349295,0.050624377397605266,15.359407756021318,0.019972039133834527,17.951457155932335,1.37,bc346405,bc,G,V
386548250092,2458015.9409207,2.6732592505943646,0.052017259051177295,15.392178708670459,0.021150398696310475,17.921987733288685,2.30,bc346975,bc,G,V
386548250092,2458018.9466351,3.1437796483952045,0.049111419326026404,15.216151159094544,0.016980190566326523,17.984400179985375,1.62,bc347799,bc,G,V
386548250092,2458020.8958189,3.0615091543702295,0.03776398279581629,15.244942498569129,0.013407703624913905,18.269661915904884,1.50,bc348506,bc,B,V
386548250092,2458023.6642497,1.976479685055769,0.041663224967534794,15.660334735100975,0.02291251179435659,18.103258402081813,1.45,bk006279,bk,G,g
386548250092,2458024.5169623,4.221909720801497,0.1151040571092536,14.896009048677746,0.029634244649311157,17.059629814639205,1.55,bg210922,bg,B,V
386548250092,2458024.679505,2.7376584245481235,0.06102602282177396,15.306617470774812,0.024229696775585525,17.688852943671808,1.48,bk006671,bk,B,g
386548250092,2458026.7695526,2.9465830776609674,0.06036551147330223,15.286484678635414,0.022268059190820397,17.760384181840486,1.44,bc350417,bc,G,V
386548250092,2458033.741878,3.4667160314523198,0.0718064173285546,15.109985732467248,0.022514233329141833,17.571948246656195,1.37,bc352190,bc,G,V
386548250092,2458034.654733,2.0760738877410128,0.06414361875029298,15.606958607160099,0.03358325786971073,17.63475696743499,1.78,bk009444,bk,G,g
386548250092,2458035.6421857,4.060535259284351,0.09671283817513027,14.938323189520144,0.025888865254894085,17.248646072519687,1.54,bg214253,bg,G,V
386548250092,2458035.6701812,3.206911678796745,0.06281657734036931,15.134848124191254,0.021291165848092083,17.6574549377125,2.09,bk009849,bk,B,g
386548250092,2458038.7578813,3.5962563403324896,0.05774605087143148,15.010439020841638,0.017453551877110885,17.74883488866332,2.47,bs006599,bs,G,g
386548250092,2458041.5987916,2.4006439071849446,0.0282273538098034,15.44924625984664,0.01278069863805085,18.525965194295413,1.51,bk014536,bk,G,g
386548250092,2458042.6044181,2.9104552619725976,0.030717320014742762,15.240163302482483,0.011471879247421645,18.434182305828383,1.46,bk014924,bk,G,g
386548250092,2458042.7287447,3.55816840192841,0.04629087444789009,15.021999375688237,0.014141030495035506,17.988902149423243,1.60,bs007717,bs,G,g
386548250092,2458043.7237943,2.0553089813543237,0.029388433840379355,15.617872822189774,0.01554216427617135,18.482199505447838,1.99,bs008043,bs,G,g
386548250092,2458044.8708826,2.8553915751281904,0.059172850169257066,15.32061722003575,0.02252521719318964,17.78205017274191,1.86,bc354075,bc,G,V
386548250092,2458045.5825499,2.1768585168153765,0.042045612297264064,15.555490113945822,0.020994360517230713,18.09333890804617,1.47,bk010525,bk,G,g
386548250092,2458045.8667487,4.6778117566003985,0.07740686586307621,14.78467455189584,0.017986593316530547,17.490407684663417,1.82,bc354252,bc,G,V
386548250092,2458046.5793831,3.986809418159935,0.05300511517053923,14.898501933439611,0.014451218901439867,17.841846155216384,1.45,bk010917,bk,G,g
386548250092,2458047.5832762,2.144008425807817,0.03854448184007035,15.57199940285231,0.019541050029845082,18.18773508206006,1.49,bk011293,bk,G,g
386548250092,2458048.8596808,2.506928931413582,0.06089182402120777,15.46192634857279,0.02640153233347644,17.75095893470747,1.39,bc354885,bc,B,V
386548250092,2458050.5558743,3.073996422394949,0.037005717099577944,15.180807227983061,0.013085117877815002,18.231968550396694,1.53,bk012380,bk,B,g
386548250092,2458051.6557101,2.7828170188308428,0.03349416006212837,15.288853995527843,0.013082676824723622,18.340217882946042,1.43,bs005836,bs,G,g
386548250092,2458052.5815069,2.464196030147078,0.03331026825000562,15.4208774883232,0.014693154632288916,18.346195286166648,1.48,bk012632,bk,G,g
386548250092,2458052.70874,2.052993827578009,0.03139187327565994,15.619096513167538,0.016620411093413456,18.410597530139853,2.19,bs006335,bs,G,g
386548250092,2458054.5033389,3.0198716311276166,0.06711108955919114,15.259810198678599,0.024155608379334788,17.645370669393504,1.91,bg220061,bg,G,V
386548250092,2458059.7839466,3.1191464719332695,0.22869991348341218,15.224691981363492,0.07969707890245174,16.314191392891203,1.40,bc355219,bc,B,V
386548250092,2458060.72016,3.0515666609755563,0.0791985460857886,15.18875846856149,0.028210223057255557,17.405847589056677,1.67,bs011379,bs,G,g
386548250092,2458060.82956,4.561915442664756,0.201145549858977,14.811913326630801,0.04792646202804367,16.45358032195397,1.59,bc355670,bc,B,V
386548250092,2458061.7205539,2.182668128384036,0.1042444361948384,15.552596355121546,0.05191314625594869,17.107508399434696,1.56,bs011840,bs,B,g
386548250092,2458062.8210245,4.291263434632854,0.13922560596482414,14.878318464319289,0.03526518068669803,16.853058601709392,1.50,bc356830,bc,B,V
386548250092,2458063.7172492,1.9307467448145943,0.10163159040037316,15.685752344025762,0.05721574841293529,17.13506880702265,1.51,bs012452,bs,G,g
386548250092,2458063.8169494,2.49860558048447,0.09046915938908541,15.465537140489719,0.039356368841198336,17.321105006156937,1.51,bc357122,bc,B,V
386548250092,2458064.5674271,1.8939989682906873,0.043456074123504454,15.706616277042002,0.024939223288147388,18.057514388827425,1.64,bs012754,bs,B,g
386548250092,2458066.8027594,2.993129196018742,0.04355919237978437,15.269467746473433,0.0158185447864642,18.114656846147504,1.71,bc358136,bc,G,V
386548250092,2458067.6755112,1.88447585491597,0.03661688646323794,15.712089178860804,0.021120442293367837,18.243437077838873,1.45,bs013362,bs,G,g
386548250092,2458067.8044542,2.635983189163139,0.05780826281980386,15.40742481391252,0.02383743133898518,17.807381596908805,1.39,bc358560,bc,B,V
386548250092,2458068.6652441,2.7210569055265643,0.02785186392968627,15.31322156156882,0.01112573760566206,18.540504949535865,1.46,bs013818,bs,G,g
386548250092,2458068.798411,2.745459642613285,0.05553987484725614,15.363243744264341,0.021988824109735256,17.850844151720718,1.45,bc358964,bc,B,V
386548250092,2458069.6580229,1.8899467485639803,0.03491594653393226,15.708941703291748,0.020081050339957593,18.29508106195443,1.84,bs014274,bs,B,g
386548250092,2458070.6550336,2.3895098052446055,0.025277327583523967,15.454293579862014,0.011498323216227705,18.64581271956417,1.65,bs014718,bs,B,g
386548250092,2458070.7925106,2.6795571674182694,0.04931183311823859,15.389623837017295,0.02000323757168579,17.979978525437815,1.45,bc359228,bc,G,V
386548250092,2458071.7924158,4.850935005916297,0.07957398348285256,14.745217764829281,0.017830265753294838,17.460428645083287,1.58,bc359651,bc,G,V
386548250092,2458072.6311449,2.3945477947181004,0.0279570520003896,15.452006847531445,0.012690538091348031,18.536412175827394,1.48,bs015384,bs,G,g
386548250092,2458073.7891192,3.9139538762869197,0.06063741967594257,14.978242145918284,0.016839809783534294,17.755504612823678,1.73,bc360044,bc,G,V
386548250092,2458074.6267479,2.190053422222602,0.025895148941461204,15.548928850371988,0.012852152709024865,18.61959457819655,1.47,bs015832,bs,G,g
386548250092,2458075.621778,4.475407924824275,0.05732458845815072,14.772984055875256,0.013922604671404376,17.756788247572906,1.41,bs016304,bs,G,g
386548250092,2458079.6110102,3.304070232784322,0.0406842391761742,15.102442446525098,0.013384097791187549,18.12907511445228,1.49,bs017765,bs,G,g
386548250092,2458079.7682541,2.93118791311314,0.03920060763165581,15.292172251621059,0.014536548793322054,18.229124396468283,1.46,bc361915,bc,G,V
386548250092,2458080.5883391,2.0427282146498795,0.03439563013865617,15.624539153485928,0.018302265680971812,18.31138243577052,2.13,bs018225,bs,G,g
386548250092,2458086.2964107,2.223114853544922,0.07613962781647894,15.53266087132392,0.037227255661552605,17.448613737497578,2.34,bo006429,bo,G,g
386548250092,2458086.5464561,1.886430984295556,0.06743921293391685,15.710963319732944,0.03885829533639065,17.580359378680548,1.52,bk024956,bk,G,g
386548250092,2458086.5556962,2.4335545591759624,0.09150090600366372,15.494178686088063,0.04086923227207169,17.308792907952252,1.45,bg226806,bg,G,V
386548250092,2458090.5427517,4.497264449323001,0.15599707439528931,14.82741033997507,0.03770337263838446,16.729565259744255,1.41,bg227932,bg,G,V
386548250092,2458092.7271685,2.8928442042995566,0.04798664744515025,15.306468791737286,0.018030490311016174,18.009555370425982,2.40,bc363647,bc,G,V
386548250092,2458120.5555925,2.2611023310513385,0.10388900217695861,15.514265077978703,0.04994149397949205,17.1112166738934,1.78,bs031666,bs,B,g
386548250092,2458121.5490132,4.121772426538524,0.07169679470889138,14.862355598256325,0.018907229835119256,17.51389126032559,2.25,bs032142,bs,G,g
386548250092,2458122.5457229,1.968885084918418,0.08214745972556639,15.664514699689875,0.04535090329901441,17.366155266093198,2.03,bs032620,bs,B,g
386548250092,2458124.5430239,2.373718292358501,0.10500501215440758,15.461492680863946,0.048083162666756794,17.099615537599483,2.41,bs033068,bs,G,g
386548250092,2458222.9147845,1.8722836733388672,0.06516927938633478,15.719136496810808,0.03783410294856282,17.617533314487506,1.43,bk070318,bk,G,g
386548250092,2458225.1194506,3.6244721521261494,0.06828746298891761,15.061669486291397,0.020478982906595684,17.62650394832772,1.37,bc388752,bc,G,V
386548250092,2458228.9264284,4.688788621762284,0.3148129297526184,14.782129768325369,0.07298003700448319,15.967224991027841,1.62,bg269905,bg,G,V
386548250092,2458230.9183005,3.7577371567016202,0.10796974769843,15.022465406687873,0.031231141646519286,17.129101177369424,1.80,bg270741,bg,G,V
386548250092,2458233.9071036,1.6201756771201938,0.1399689196474613,15.876160352179749,0.093903477382164,16.787561585177354,1.45,bk075118,bk,B,g
386548250092,2458237.8960447,4.540809592440651,0.10565895487121338,14.757232394223315,0.02529211757053143,17.092874835104674,1.49,bk076533,bk,G,g
386548250092,2458238.6512681,3.5810488667483735,0.10866545561383453,15.015040003769254,0.03298324878053414,17.06241184829756,1.64,bo045716,bo,G,g
386548250092,2458239.6432103,2.0077005839085413,0.1061505346227753,15.643318259033197,0.057469234615502324,17.0878351469079,1.55,bo046134,bo,G,g
386548250092,2458240.8980414,1.9046878032415115,0.09472219837609376,15.700506120338105,0.05405553135959665,17.211511189211095,1.60,bk077676,bk,G,g
386548250092,2458241.9146605,3.6473820776045147,0.0964649827920302,15.054828255141322,0.028747534514978617,17.251432165760576,1.40,bg274836,bg,G,V
386548250092,2458242.637825,2.380740441824271,0.08027254324039397,15.45828549877222,0.03664942337219848,17.39122305454304,1.52,bo046863,bo,G,g
386548250092,2458243.6411664,1.7621908266163708,0.06761056762695507,15.78493328198562,0.041703626140032146,17.577604156226222,1.52,bo047260,bo,G,g
386548250092,2458244.624628,2.2246588657995905,0.08251056022503421,15.531907060460956,0.04031422207139851,17.361366771765585,1.51,bo047668,bo,G,g
386548250092,2458245.0813442,4.284319606176774,0.11139960530180583,14.88007675120572,0.028262720485976448,17.09514726343077,1.41,bc392615,bc,B,V
386548250092,2458245.9280919,2.778065472040174,0.0878581179663205,15.350425212630437,0.034375703262704435,17.352901653967965,1.65,bg276152,bg,G,V
386548250092,2458250.8969029,3.769590722261871,0.05351693171409942,14.959330122571595,0.015431536799624739,17.83141259626521,1.48,bk081831,bk,G,g
386548250092,2458251.6209419,3.0996400087394913,0.044719496929538825,15.171787477451701,0.015681869087830744,18.02639833813011,1.43,bo049296,bo,G,g
386548250092,2458252.0581582,2.430820217199623,0.06034728744019031,15.49539930519291,0.026984668462214787,17.760712009425873,1.56,bc394134,bc,G,V
386548250092,2458252.6132724,1.7500028100614586,0.053306186685867084,15.792468757147628,0.03310937955877452,17.835696571633232,1.44,bo049717,bo,G,g
386548250092,2458253.9428209,1.931569694802036,0.03728806466155016,15.6852896648934,0.02098319577904553,18.22371600384484,2.16,bs072020,bs,G,g
386548250092,2458254.922496,2.383783431593519,0.03732172484056704,15.456898630031423,0.017017943694192572,18.222736344801685,1.72,bs072325,bs,G,g
386548250092,2458255.9263713,1.9945006755645251,0.04086513296215932,15.650480152913893,0.022270547876542333,18.12425832065873,2.01,bs072672,bs,G,g
386548250092,2458256.5895491,2.2251629620593003,0.038208769932675114,15.531661066089333,0.01866437307023826,18.197232970116378,1.47,bo051278,bo,G,g
386548250092,2458260.8324794,2.113241067690043,0.04588321820255613,15.587693017375269,0.023600271652000206,17.998505933258176,1.43,bk085857,bk,B,g
386548250092,2458261.8397967,4.5576684007414325,0.06924043834935721,14.753208811487132,0.01651312456598787,17.551741089802064,1.40,bk086317,bk,G,g
386548250092,2458264.8906402,1.9877545820838676,0.08324741104389723,15.654158714163874,0.045521875370147874,17.351713771366647,1.47,bs074637,bs,G,g
386548250092,2458265.1131836,4.401146088544787,0.08833341525597335,14.85086694334828,0.021815813396850382,17.34704383869444,1.71,bc397339,bc,B,V
386548250092,2458265.5636672,1.6094495980043355,0.08835327953092316,15.8833721704292,0.05967019627222812,17.287083925314306,1.54,bo052421,bo,G,g
386548250092,2458265.8903287,2.491945815870291,0.09665970959554132,15.408719134983313,0.0421617922288535,17.189526896416286,1.47,bs074926,bs,B,g
386548250092,2458270.0291789,2.3920660760894212,0.1299741964653406,15.512848474498762,0.05906036706844036,16.927713540698864,1.37,bc398037,bc,G,V
386548250092,2458271.0244385,3.7992087884715566,0.3228109434763941,15.010548501513671,0.09235645626140752,15.93998577084701,1.46,bc398353,bc,B,V
386548250092,2458277.5818975,2.3458347649941382,0.05686617710718088,15.474322076808868,0.026349282138453237,17.765505528197973,1.47,bo054708,bo,B,g
386548250092,2458277.8567711,1.856365190798702,0.051198328403106466,15.728407081654485,0.0299781299691117,17.87950115710602,1.48,bk091475,bk,G,g
386548250092,2458280.0502195,3.609225575094741,0.05931134993535201,15.066246339187135,0.017862241437677482,17.779511871791108,1.60,bc400418,bc,G,V
386548250092,2458280.531793,3.274141637643665,0.04134617506373767,15.112321965199818,0.013726191352809333,18.11155226357364,1.50,bo055241,bo,G,g
386548250092,2458281.9867779,3.703144467335401,0.056436023259443746,15.038354766749089,0.01656524720652159,17.833465384219174,1.39,bc400980,bc,G,V
386548250092,2458282.5210964,4.391864470720426,0.06431443858369952,14.793443298075154,0.01591738518494758,17.63186940411995,1.53,bo056135,bo,G,g
386548250092,2458284.8942675,1.8692286911992082,0.03847422351377629,15.720909526071633,0.022372761751435846,18.189715952274696,1.63,bs079429,bs,B,g
386548250092,2458286.5561996,2.6683561164295213,0.05015645427455229,15.334456148114501,0.020431262808348265,17.901823543451766,1.69,bo056859,bo,B,g
386548250092,2458288.0730631,2.606957813602406,0.049777412267593614,15.419446396089768,0.02075441444324427,17.969775604694792,1.68,bc402776,bc,G,V
386548250092,2458289.8269869,2.48885651245464,0.030888549354741796,15.410065973815643,0.013489934032028498,18.4281468298456,1.52,bk095782,bk,G,g
386548250092,2458291.753695,2.7817738539842343,0.039925775884496396,15.289261070146857,0.015600686742019473,18.149507199911735,1.52,bk096665,bk,G,g
386548250092,2458292.4777811,2.154249123507553,0.06631030631306858,15.56682580998813,0.03345779237832732,17.598688026213203,1.76,bo057777,bo,G,g
386548250092,2458292.8496607,4.334406923305562,0.06705594641710895,14.80774141882235,0.016815887287269345,17.58654737030467,1.53,bs081497,bs,G,g
386548250092,2458294.4839063,1.8736852731588332,0.12106328525368586,15.718324013972927,0.0702308596511574,16.945109473842574,1.54,bo057915,bo,B,g
386548250092,2458294.8707655,3.397948395024019,0.059477685541371936,15.072023675006822,0.019026085944041073,17.71675546031131,1.61,bs082166,bs,G,g
386548250092,2458295.4805565,4.144513461921398,0.1333918771613434,14.856381735732926,0.034983882223977435,16.839817150898146,1.54,bo058176,bo,G,g
386548250092,2458295.8042411,1.7210358069623701,0.10651647384460466,15.81059085697408,0.06727272927714281,17.08409865898836,2.42,bs082439,bs,G,g
386548250092,2458296.9457201,2.9925099560824115,0.12086204980175934,15.269692394569859,0.04390020256933909,17.006631504820803,1.42,bc404767,bc,G,V
386548250092,2458298.4761821,1.8987787469785458,0.12093399694149524,15.703879717238571,0.06922870654872754,16.946269594431364,1.56,bo059027,bo,G,g
386548250092,2458298.7353253,3.7325005975810552,0.11287882617175646,14.970065907460949,0.03287189728868727,17.021109400101338,1.60,bk099658,bk,G,g
386548250092,2458304.5243902,4.197021544632429,0.08439505497507196,14.84271262581357,0.02185687026672646,17.336848110398066,1.43,bo059918,bo,G,g
386548250092,2458305.0911544,3.651266626864198,0.07797913382572504,15.053672535407596,0.023213842409595342,17.482410376587975,1.46,bc406613,bc,G,V
386548250092,2458305.4648956,2.0738434164066586,0.0518365134445826,15.608125716544258,0.02716889612159547,17.866051154107417,1.45,bo060322,bo,G,g
386548250092,2458306.4952728,3.7263118892514715,0.05494709433180436,14.971867616847774,0.016027939772525944,17.802778783057004,1.48,bo060784,bo,G,g
386548250092,2458308.4948333,3.0577189708202814,0.03629228466858478,15.186571702971545,0.012901164523549623,18.2531048396231,1.45,bo061683,bo,G,g
386548250092,2458311.9981988,2.524017748647624,0.05151425002951093,15.454550393268383,0.022184372539408137,17.93253793985383,1.34,bc408422,bc,G,V
386548250092,2458313.7944619,2.3191936228703964,0.03315546572657255,15.486723101879697,0.015539258709323465,18.351252779648842,1.44,bk105603,bk,G,g
386548250092,2458314.8567238,4.799880562415545,0.1034776068256488,14.756705327603658,0.02343301216155533,17.175240453597414,1.69,bg282868,bg,G,V
386548250092,2458318.8853471,3.483113277783635,0.0798413026821349,15.10486240749258,0.02491564808070687,17.45678735807862,1.45,bc410044,bc,B,V
386548250092,2458319.7553466,2.027330245416853,0.04394069383051071,15.632754373292741,0.023558876920417766,18.04547333589907,1.48,bk107309,bk,G,g
386548250092,2458319.9274493,2.671918983957599,0.17950446867278344,15.392723190436346,0.0730237533685249,16.57716823220204,1.40,bc410340,bc,B,V
386548250092,2458320.7628943,3.0949861574507107,0.046725339327561614,15.173418844914682,0.016409899666368962,17.97875945148074,1.54,bs086410,bs,G,g
386548250092,2458321.0302259,2.6295062545894545,0.06099883844753049,15.41009588408915,0.02521503234811921,17.749052480766046,1.37,bc410758,bc,B,V
386548250092,2458321.415102,3.2433191088090156,0.0695653174398877,15.122591420213666,0.0233139179159911,17.54665868334342,1.51,bo064247,bo,G,g
386548250092,2458322.4132133,1.7972052949891157,0.07480428301785445,15.763571398641059,0.04524191170979663,17.46782444974333,1.50,bo064677,bo,G,g
386548250092,2458323.4108171,2.6257164992184734,0.072962949948695,15.351946039406224,0.03020415734740027,17.494884650096434,1.46,bo065110,bo,G,g
386548250092,2458323.6906573,2.185496638405409,0.07226994466795787,15.551190265228467,0.03594344932961233,17.505246305919126,1.46,bk109068,bk,B,g
386548250092,2458323.9013544,4.232366400984427,0.06101651480886623,14.833607477173267,0.01567026396624431,17.689022117372563,1.64,bs087554,bs,G,g
386548250092,2458324.9459263,1.8891503792589466,0.04553791010314541,15.709399297775501,0.026201052555911677,18.00670787290174,1.47,bs087766,bs,B,g
386548250092,2458326.3959065,2.1863882789109046,0.11948798928626125,15.55074739611815,0.05940310350039594,16.959329978960923,1.64,bo066070,bo,G,g
386548250092,2458326.8738691,2.9757884732481514,0.15251253612140675,15.275776261530996,0.05570775519645405,16.75409253619798,1.45,bc412658,bc,G,V
386548250092,2458327.3925409,2.2261480271417127,0.03895243024352684,15.531180524134808,0.019019219555292753,18.17630421518657,1.45,bo066237,bo,G,g
386548250092,2458327.9557105,3.3617296382814503,0.11446634507025065,15.143374446841554,0.03701069201905107,17.065661853815975,1.41,bc413084,bc,G,V
386548250092,2458331.8064001,3.1063630445053936,0.11922648205401705,15.229150877281956,0.041718884874662694,17.021424569500333,1.56,bg288713,bg,G,V
386548250092,2458332.8368724,1.8746670138162913,0.08368094363712318,15.717755277996021,0.04851930863523961,17.34607418914456,1.41,bk112620,bk,B,g
386548250092,2458333.3981082,1.953962449016895,0.053237118343368514,15.67277508915474,0.0296149155839903,17.83710426234712,1.47,bo067614,bo,G,g
386548250092,2458333.8636334,2.746684090612557,0.0572346676212536,15.362759624543425,0.022649708953831234,17.81820848096374,1.63,bc414660,bc,B,V
386548250092,2458334.423523,2.5514426329380817,0.036838803793622095,15.383101102211175,0.015693936253795244,18.236876812398314,1.51,bo068063,bo,G,g
386548250092,2458334.7422727,1.8459797038015267,0.05225756090180532,15.734498317956547,0.03077048816702711,17.857267773031236,1.45,bk113403,bk,B,g
386548250092,2458335.880117,1.9320316357068328,0.0417113726857602,15.685030038744488,0.023466721627925846,18.102004405585603,1.79,bs090244,bs,B,g
386548250092,2458336.9993978,3.1565792226173355,0.03987877598703726,15.21173967062484,0.01373211080130675,18.210501843940577,1.64,bc415648,bc,G,V
386548250092,2458337.8003273,2.1061796201849647,0.03202477918410147,15.591327106952587,0.01652733805693062,18.388925251696772,2.38,bs090886,bs,G,g
386548250092,2458338.7371888,4.576761241395714,0.06102246404543783,14.748669979977894,0.014492511574965367,17.688916261004337,1.48,bk114934,bk,G,g
386548250092,2458339.4078894,4.64018232918688,0.06592643199252404,14.733728007638558,0.01544317876444791,17.604991681672246,1.51,bo068619,bo,G,g
386548250092,2458339.7288952,2.227303571956875,0.04132796934752292,15.530617088407581,0.02016864983207358,18.11203044464677,1.69,bk115371,bk,G,g
386548250092,2458340.4054573,2.1074076721982995,0.04059261140249049,15.590694230271772,0.02093681458999997,18.13152313335771,1.45,bo068993,bo,G,g
386548250092,2458340.7257731,4.083611631513793,0.05811634468844234,14.87245454187353,0.015469135064473455,17.741894884178738,1.43,bk115813,bk,G,g
386548250092,2458341.7904019,2.4203255971153546,0.07344336318220517,15.50009691981513,0.032983059256365285,17.547475003081303,1.43,bg292725,bg,G,V
386548250092,2458342.4026067,2.0801574113770362,0.047590140949842444,15.604825121046284,0.02486754790430604,17.958848133767198,1.72,bo069267,bo,B,g
386548250092,2458342.7085045,3.6903142965241877,0.0487684159138691,14.982407233013731,0.014364399201009619,17.932293988561202,1.41,bk116684,bk,G,g
386548250092,2458343.3989449,3.269718566483055,0.05171091286777806,15.113789688860415,0.017190321687891537,17.868685100025964,1.70,bo069449,bo,B,g
386548250092,2458344.7310719,2.931275549130855,0.02822333078197737,15.232424008767007,0.01046559183689407,18.526119946961476,1.48,bk117588,bk,G,g
386548250092,2458345.3847145,2.698316123260415,0.02133931293373701,15.322333551246913,0.008596066696118199,18.82968953083098,1.72,bo069972,bo,G,g
386548250092,2458345.7763969,2.2061610061229713,0.08589793602528156,15.600688394094322,0.04232117307280795,17.37739957209651,1.41,bg294419,bg,G,V
386548250092,2458346.3482254,1.7819950141394052,0.047674844551496745,15.77279941081737,0.029080038270014333,17.956917397290614,1.48,bo070365,bo,G,g
386548250092,2458347.5847449,2.1217239676999,0.05129965563208747,15.583343416420835,0.026280749098911926,17.877354487044034,1.48,bk118790,bk,G,g
386548250092,2458347.766622,4.006666370189203,0.08455499666552384,14.952823452489527,0.022938671848258107,17.394508201803916,1.41,bg294879,bg,G,V
386548250092,2458348.3272449,1.92124019566636,0.05272730700127674,15.691111461648852,0.029830882337385695,17.84755163467581,1.63,bo070802,bo,G,g
386548250092,2458350.9731449,3.069531811161749,0.08606640787691296,15.242101058116393,0.030477105011354765,17.3752722003034,1.38,bc418978,bc,B,V
386548250092,2458351.5828995,3.066021251620859,0.07913787025242179,15.243343502593502,0.028055716881264483,17.46639549764352,1.46,bg295857,bg,B,V
386548250092,2458352.0339618,2.7010248200621683,0.0519517296713753,15.380959967033817,0.02090660958111075,17.92335636503978,1.52,bc419383,bc,G,V
386548250092,2458352.321047,4.60980986436973,0.08627581651176183,14.740858090021751,0.02034315171015188,17.312917916109594,1.71,bo071562,bo,G,g
386548250092,2458353.3144924,1.7382651241116638,0.10324240069584587,15.799775580439313,0.06455862181190798,17.11799537484192,1.48,bo071914,bo,G,g
386548250092,2458353.6995185,3.5692492245028835,0.09117764455117783,15.018623437705894,0.027766661599686496,17.252919689913956,1.42,bk121180,bk,B,g
386548250092,2458353.9476774,2.234281889539785,0.04049271671006026,15.527220709119602,0.019699314897101448,18.13419832359572,1.58,bs094043,bs,G,g
386548250092,2458354.3223554,3.9245293744665863,0.08875011445638338,14.915596662143917,0.024580658343670025,17.282218306906223,1.55,bo072340,bo,G,g
386548250092,2458354.9336172,4.190163657158673,0.09845165991766543,14.844488157937551,0.025539020090712655,17.169583004339998,1.57,bs094234,bs,G,g
386548250092,2458359.3685654,2.021733412146758,0.10786044969029152,15.635755901002526,0.05798965309876735,17.070485044916055,1.57,bo073137,bo,G,g
386548250092,2458359.9427583,1.8413247826312076,0.13055543827158458,15.737239626220278,0.07706847070999945,16.863153193887573,1.56,bs095253,bs,B,g
386548250092,2458360.2983146,2.43437211988006,0.05472964726219601,15.434098208440702,0.024436998164051055,17.807083988736913,1.47,bo073495,bo,G,g
386548250092,2458361.462484,3.5493077897961527,0.14348102458984083,15.02470646667599,0.043940296153548615,16.760654438224158,1.63,bo074023,bo,B,g
386548250092,2458361.6764567,2.190463050305015,0.03632895890849353,15.548725793018525,0.018027238034479216,18.252008230656504,1.47,bs095745,bs,G,g
386548250092,2458362.3471232,2.170164893519756,0.0418778453029172,15.558833788092892,0.020975086826034252,18.09767979074027,1.75,bo074347,bo,B,g
386548250092,2458362.7732184,3.1700478663982987,0.04340543208111882,15.147401072451022,0.014882998449194109,18.058780401990987,1.44,bs096149,bs,G,g
386548250092,2458365.3408987,3.523078001549356,0.045650206321971656,15.032759975677795,0.014084215410099495,18.00403374963105,1.45,bo074822,bo,G,g
386548250092,2458365.9931249,3.9690097690345416,0.07331672459668251,14.963075984892964,0.02007858296914719,17.549348756816777,1.58,bc421328,bc,G,V
386548250092,2458366.3387598,2.0197966427981457,0.04685332409809983,15.636796507275118,0.025214184989947208,17.9757895910321,1.48,bo075163,bo,B,g
386548250092,2458366.7496429,2.7288105636864435,0.02772451669727644,15.310132153207572,0.011043399141441014,18.54548065112818,1.43,bk126222,bk,G,g
386548250092,2458367.6424201,2.0309987773115687,0.042351231293153914,15.630791467397735,0.022665669508039336,18.08547550830259,1.63,bk126557,bk,G,g
386548250092,2458369.5726119,2.620527213641506,0.07492053271342368,15.413809719212512,0.031075945794839695,17.52585425189499,1.69,bg302437,bg,G,V
386548250092,2458369.7301656,3.583439780461595,0.06441410734170344,15.074031128096074,0.01953858257890134,17.68990391201274,1.77,bc422088,bc,G,V
386548250092,2458370.5611237,3.3294917041280927,0.07762692791808723,15.153836561698533,0.025342335425711612,17.487325395375915,1.63,bg302830,bg,G,V
386548250092,2458370.7254261,2.3375102080363632,0.061105813251888685,15.537897614175193,0.028414576330817266,17.74715007252545,2.02,bc422305,bc,G,V
386548250092,2458371.3698561,2.2180822823187754,0.03753706963320638,15.535121490366395,0.018394792190547665,18.216489696442913,1.44,bo075355,bo,G,g
386548250092,2458372.2854053,1.8069941362028346,0.04715459730345288,15.757673764148972,0.028364783284065487,17.968830510530275,1.63,bo075645,bo,G,g
386548250092,2458372.5583894,3.5185844471183523,0.07878290332586174,15.093861457789991,0.024337511820050527,17.471276439953925,1.55,bg303629,bg,G,V
386548250092,2458372.7253502,2.891900811383337,0.051169323482583726,15.306822921729449,0.019232620169212657,17.939832205835422,1.80,bc423076,bc,G,V
386548250092,2458373.7103464,3.8209531463678514,0.05156690053395156,14.94463634159082,0.014669370885778337,17.87171303992823,1.64,bs097846,bs,G,g
386548250092,2458374.5795257,2.40223374716174,0.11938666579892566,15.448527462904536,0.054019770204358504,16.96025105269435,1.51,bs098132,bs,G,g
386548250092,2458375.2573832,2.3387068070416794,0.04429981039407459,15.477626173002099,0.020589142544360048,18.0366359428926,1.48,bo076374,bo,G,g
386548250092,2458376.5789474,2.0491770155520275,0.09796849881223767,15.621116932285947,0.051965983368336445,17.17492447811073,1.71,bs098594,bs,B,g
386548250092,2458376.9583018,4.471780701676053,0.07097608495184721,14.833580161052765,0.017252169453883397,17.584576293817147,1.37,bc423763,bc,G,V
386548250092,2458379.8596543,2.4241071907879705,0.06293582785290067,15.498401854912485,0.028220083994522124,17.715111520562516,1.40,bc424716,bc,G,V
386548250092,2458382.6160125,1.9537407867694858,0.08193792401496784,15.672898264694426,0.045585863533667836,17.368928220340102,1.54,bk132450,bk,B,g
386548250092,2458386.9399901,2.961636994843468,0.14901850538500466,15.280951838599567,0.05469159001257327,16.779255885606645,1.99,bc426793,bc,B,V
386548250092,2458389.4664526,2.2399465109961016,0.12434920673708999,15.524471503072487,0.060341700380988524,16.91603306365977,1.72,bo078187,bo,G,g
386548250092,2458390.4619786,4.445244642007431,0.08569870610138369,14.780326454376493,0.020955149829377667,17.32020494920336,1.49,bo078433,bo,G,g
386548250092,2458390.9183178,2.7390258616184746,0.06376320547531263,15.365791072416979,0.025303825352503133,17.70093103969051,1.58,bc427480,bc,G,V
386548250092,2458392.3916258,4.5069586726525825,0.06608888633017167,14.765356682907552,0.0159388517243219,17.602319527451392,1.57,bo079167,bo,B,g
386548250092,2458392.8816041,2.557638562743142,0.0547397710825487,15.44018347606907,0.023263549448858847,17.866598951446274,1.64,bc428130,bc,G,V
386548250092,2458396.4074681,3.202386001318396,0.04307671233148911,15.136381425638989,0.014621133549958084,18.067034236459122,1.45,bo080139,bo,G,g
386548250092,2458396.9031501,4.133830826595485,0.0859171073773051,14.918899655682512,0.022591190619582025,17.377157276303777,1.44,bc429155,bc,B,V
386548250092,2458398.2606378,4.107143617070463,0.059080609197834796,14.866215898864501,0.015635697083734496,17.72402819943389,1.61,bo080413,bo,G,g
386548250092,2458399.2723305,1.9301898997851503,0.05148722027744451,15.686065525447138,0.028994229983804656,17.87339199766136,1.49,bo080810,bo,G,g
386548250092,2458401.3974451,2.1455718319432386,0.04190190326417261,15.571207974965603,0.02122769620116801,18.097056236702155,1.45,bo081511,bo,G,g
386548250092,2458403.8958383,2.1301455683197226,0.09817763115518353,15.63875819714336,0.050097429049040604,17.23232502075956,1.43,bc430262,bc,B,V
386548250092,2458404.2720828,2.526994291810302,0.04837604456677238,15.393554970032985,0.020808379863860558,17.94106472220487,2.41,bo082193,bo,G,g
386548250092,2458405.6832911,2.307593448221777,0.041350914654438624,15.49216737921254,0.01947771449869385,18.111427810700075,1.65,bk139519,bk,G,g
386548250092,2458406.4953662,1.888420905283638,0.05326072810979412,15.709818623450973,0.030656351880843022,17.836622863342953,1.43,bk139745,bk,G,g
386548250092,2458407.2509832,3.8255310500206665,0.058757817816581945,14.94333629409083,0.01669498755696896,17.729976465626514,1.71,bo082578,bo,G,g
386548250092,2458413.7997041,4.369296798464587,0.11962371631792922,14.858752538132514,0.02975897143268846,17.01781316768713,1.52,bc432380,bc,G,V
386548250092,2458414.6720385,2.2104959135924407,0.11547197588208674,15.53884133130925,0.0567804792089198,16.996449118328883,1.51,bG008500,bG,G,g
386548250092,2458416.5642497,2.5466577271064565,0.08297644574414004,15.385139173907035,0.03541574821474071,17.35525354119818,1.49,bk143559,bk,G,g
386548250092,2458417.3902736,1.75900511374937,0.1256961526801885,15.786897867200395,0.07767245919031217,16.90433564903586,1.54,bo085626,bo,G,g
386548250092,2458417.8553219,3.0118193729622456,0.08466542394404207,15.262709098309895,0.030555495972944744,17.393091175290603,1.38,bc433515,bc,G,V
386548250092,2458418.6504417,1.7441409847738845,0.08409288003016549,15.796111653539434,0.05240706180209664,17.340742545089803,1.48,bG009816,bG,B,g
386548250092,2458419.5548884,4.757020333384265,0.06613439197549052,14.706728102857076,0.015111394030529711,17.601572198702215,1.44,bk144478,bk,G,g
386548250092,2458419.735233,2.742824177504556,0.05336373582082563,15.30457069968625,0.021147567952234925,17.834525047665256,1.52,bs106307,bs,G,g
386548250092,2458423.5250491,3.5142080256810004,0.055061166433180875,15.035496956666833,0.017030606472851532,17.80052709297579,1.48,bG010737,bG,G,g
386548250092,2458423.6915733,3.176010471794687,0.09988441524512913,15.205076590284294,0.03418440132202783,17.213612065029963,1.57,bc434376,bc,G,V
386548250092,2458424.3726509,2.3594463873442173,0.03674418200964605,15.468040338507672,0.016927415043454297,18.239669152288492,1.45,bo087288,bo,G,g
386548250092,2458425.3654467,4.079744767583122,0.05827492586719764,14.873483137043738,0.015526047420544736,17.73893628714844,1.80,bo087639,bo,G,g
386548250092,2458427.8099078,2.398137645431878,0.06006411169936517,15.510096138035333,0.027224074505671297,17.765818747212,1.43,bc434857,bc,G,V
386548250092,2458428.7171845,4.037818846574351,0.06277929033542448,14.944414327568229,0.016899806963389854,17.717815388488894,1.38,bc435196,bc,G,V
386548250092,2458429.3758264,3.3041280993971482,0.048727325338978354,15.102423431394667,0.01602979136122794,17.933209177817705,1.52,bo088281,bo,G,g
386548250092,2458430.2661582,2.1500305152634875,0.038865736782064016,15.568954062590311,0.019648728595967713,18.178723348722198,1.80,bo088363,bo,G,g
386548250092,2458430.6715698,3.0272438549367937,0.0368340456616827,15.197447106570829,0.013225563605888918,18.237017056088057,1.46,bs110225,bs,G,g
386548250092,2458431.76662,2.316703222764514,0.06324864975081906,15.547605397481528,0.029675157207149486,17.709728247398324,1.38,bc436053,bc,G,V
386548250092,2458434.7624362,2.6743289025300636,0.05354295604324396,15.391744359646072,0.02176204475423208,17.890600532683855,1.67,bc437219,bc,G,V
386548250092,2458437.3013602,2.193316071966085,0.05267865008109636,15.547312569741838,0.026106315908556683,17.84855401793889,1.48,bo088798,bo,G,g
386548250092,2458442.3269886,2.931694496557719,0.08860841244819812,15.232268842908589,0.03285249943491971,17.283953222458297,1.73,bo090327,bo,G,g
386548250092,2458442.7497545,2.181534798913999,0.10001368100257244,15.612876041870233,0.04983212868435599,17.212207864238767,1.38,bc439391,bc,G,V
386548250092,2458443.57869,3.5680885428090336,0.09598380050200135,15.018976564933272,0.029239806323534335,17.197145756610105,1.43,bk151942,bk,G,g
386548250092,2458444.3131758,3.1919051790027373,0.13925447266648397,15.139940668755564,0.04742106947345769,16.79311772888022,1.50,bo090609,bo,G,g
386548250092,2458444.5782172,1.722432009633758,0.0977411460689736,15.809710402761457,0.06168044693068483,17.177447043779914,1.46,bG017885,bG,G,g
386548250092,2458445.2783814,1.4033648955228883,0.15950967260086876,16.032139100613442,0.12354597116339228,16.645673052366483,2.12,bo090892,bo,B,g
386548250092,2458445.7467558,2.9379805648380692,0.12005055577740947,15.289659108158029,0.04441477118751961,17.013945956236533,1.47,bc440023,bc,G,V
386548250092,2458446.513269,2.0197520672624214,0.12378268913586771,15.636820468997804,0.06661530561867599,16.92099082805257,1.55,bk152760,bk,G,g
386548250092,2458446.7070181,4.9063731558496855,0.09967579043207757,14.732879965670922,0.02208214643039858,17.215882172885294,1.74,bc440420,bc,G,V
386548250092,2458447.6978767,2.664548909506319,0.08052842576435118,15.395722163506491,0.032850174848606715,17.44748337059936,2.26,bc440843,bc,G,V
386548250092,2458449.5230666,2.5718739012763017,0.04926496606881729,15.37444144388582,0.02082095709870694,17.921295141426988,2.21,bG019328,bG,G,g
386548250092,2458450.7239438,3.7289141141777424,0.06126162219968038,15.030825452930717,0.017857402381321583,17.74438516196832,2.11,bc442159,bc,G,V
386548250092,2458451.7150229,2.5463660127107355,0.05206638942082696,15.444979332110734,0.02222536008644337,17.92096273799256,1.50,bc442584,bc,G,V
386548250092,2458452.6443272,3.1134460446492644,0.03952945678057717,15.166962262550708,0.013800400017304213,18.16033849582374,1.45,bs117074,bs,B,g
386548250092,2458453.7422472,1.678420174470959,0.04623644984901443,15.837813894621174,0.02994304493586748,17.990179410268997,1.41,bC000329,bC,G,g
386548250092,2458455.2895387,2.7455602171079256,0.027296001776400403,15.303488188955397,0.01080638004709806,18.562393017064828,1.80,bo093398,bo,G,g
386548250092,2458455.727102,3.1441417641613283,0.03957828608077325,15.156310323707165,0.013682549770852558,18.1589981530484,1.58,bC000570,bC,G,g
386548250092,2458456.6368929,2.43797615610008,0.02122238217145994,15.432491987744083,0.009461867233767027,18.83565528389387,1.52,bs118583,bs,G,g
386548250092,2458457.2859734,2.4064900502265902,0.045375745499558,15.446605446279145,0.02049518654559804,18.010581178112222,1.47,bo093713,bo,B,g
386548250092,2458457.6368509,1.9086702238824598,0.03678208730060122,15.698238376363573,0.02094679802425033,18.238549684354812,1.46,bs119044,bs,G,g
386548250092,2458462.7088572,1.944255994427955,0.03813593388488078,15.67818200572433,0.02132029021259601,18.199304646451225,1.74,bC003110,bC,G,g
386548250092,2458464.7054047,1.8639676168562176,0.039543885437643145,15.723969714821575,0.023059673238232454,18.15994226328577,2.20,bC003619,bC,G,g
386548250092,2458471.6294806,1.9904094759353441,0.07492057398256757,15.652709545773513,0.040913896103977436,17.466137871594658,1.73,bs120011,bs,B,g
386548250092,2458472.592456,4.539211622936699,0.10383256624976665,14.757614546053425,0.024863675551896176,17.11180664181414,1.54,bs120301,bs,B,g
386548250092,2458473.587797,2.189785007622039,0.06562556347181332,15.549061927175963,0.032574948664003636,17.60995799805863,1.48,bs120722,bs,G,g
386548250092,2458475.584937,1.8919061440095024,0.09581657150309511,15.70781665330941,0.05504947886328648,17.19903904412262,1.52,bs121609,bs,G,g
386548250092,2458476.5781729,3.0742853820004763,0.06507841426418456,15.180705172184174,0.023009382025186792,17.619048206093,1.46,bs122061,bs,G,g
386548250092,2458477.5744757,1.9454676236414916,0.037706316683915664,15.677505603040952,0.021066979646583828,18.211605334656326,1.53,bs122518,bs,G,g
386548250092,2458480.5647946,2.5244226435792227,0.025373784600105437,15.39466045463951,0.010925349890375035,18.641677489469956,1.73,bs123553,bs,G,g
386548250092,2458486.5526819,2.0881709310794685,0.03570740943986611,15.600650507881218,0.01858679334502947,18.270744752886984,1.71,bs124866,bs,G,g
386548250092,2458582.9203813,1.0070078788196115,0.28176960975698523,16.027905235202336,99.999,16.027905235202336,1.76,bG064821,bG,G,g
386548250092,2458583.1370665,4.561808751654924,0.1219084242251312,14.752222937161022,0.029047503738155515,16.937556317288024,1.49,bC025267,bC,G,g
386548250092,2458583.914887,3.0838239628140167,0.09955214987454364,15.17734167529451,0.03508918143970352,17.157514003306858,1.47,bk201139,bk,G,g
386548250092,2458584.9108898,1.8656750950279843,0.09150484916256692,15.722975586888875,0.053311422140474914,17.249030337785833,1.43,bG065624,bG,G,g
386548250092,2458585.9094009,2.7870989906858035,0.05464344508675691,15.287184637218447,0.021310706654423316,17.808795430558156,1.53,bk201981,bk,G,g
386548250092,2458586.9131486,1.6449493179129075,0.07832516061501403,15.859684318375514,0.05175602872359253,17.417887376124924,1.41,bG066445,bG,G,g
386548250092,2458588.9041406,2.9447433401207253,0.03985303014127038,15.227447001661838,0.014710453856173441,18.151487242306136,1.42,bG066944,bG,G,g
386548250092,2458592.6377667,7.043907115684304,0.4697256247459688,14.280531570984694,0.07248410901227749,15.473029979654385,1.80,bo128234,bo,B,g
386548250092,2458594.8842026,3.0126509890281,0.10223098082083498,15.202693566678875,0.03688466793255821,17.128684292674233,1.50,bG069240,bG,G,g
386548250092,2458599.1047678,2.232742933536307,0.08274318739559157,15.527968813454274,0.04028150568443341,17.358309994999498,1.42,bC030201,bC,G,g
386548250092,2458604.6343209,2.6714615913064166,0.07510118682050891,15.333193285945232,0.03055695244526457,17.463523610958216,1.63,bo131389,bo,B,g
386548250092,2458604.8929322,2.0554123179451063,0.06909431674776312,15.61781823504083,0.03653890635392023,17.554034794981806,1.45,bG072964,bG,G,g
386548250092,2458605.6109664,1.8788254995342313,0.054044881325515215,15.715349507726238,0.031266573845175664,17.820754192608433,1.56,bo131686,bo,G,g
386548250092,2458605.8751947,3.274196287130523,0.049562167368313086,15.112303843066497,0.016453479366604226,17.914764886576936,1.46,bk210071,bk,G,g
386548250092,2458610.0943482,1.9217762281488233,0.03855736175248721,15.690808579843143,0.02180804154201211,18.18737233619813,1.43,bC032481,bC,G,g
386548250092,2458611.8796419,2.2284831752905125,0.050987333147625276,15.530042223339233,0.02486938869694278,17.88398486861701,1.43,bk212312,bk,B,g
386548250092,2458613.0689229,2.5936941241949127,0.02877194153270284,15.365268726843215,0.012057647507597203,18.50521768868638,1.42,bC033616,bC,G,g
386548250092,2458614.6323228,2.033068721626155,0.05796630093380124,15.62968547509859,0.03099100791373748,17.744701643562323,1.46,bo133507,bo,G,g
386548250092,2458615.6066193,2.726705318253839,0.02991839866081951,15.310970109268558,0.01192648077027795,18.462794749371966,1.50,bo133915,bo,G,g
386548250092,2458618.0621355,4.403975867552221,0.060849963995076674,14.790453296020695,0.015018534887840317,17.69198979745689,1.38,bC035296,bC,G,g
386548250092,2458618.9331138,2.428849436909256,0.03272232548812762,15.436564137395951,0.014643865756064044,18.36553021083474,1.56,bs159178,bs,G,g
386548250092,2458619.835954,1.9131146183326844,0.26039486239734916,15.69571314674584,0.14794612471093602,16.113559583115897,1.47,bG076209,bG,B,g
386548250092,2458620.0764582,3.338211891086219,0.06260896919548181,15.091280872753632,0.020386131739603106,17.661049227574324,1.44,bC038242,bC,G,g
386548250092,2458621.5807037,1.4269229531264658,0.14777030171409622,16.014064312367676,0.11256381629825842,16.728672711303247,1.61,bo136317,bo,G,g
386548250092,2458622.5807959,5.17755160271588,0.17501065573743962,14.614754532188845,0.03674110626495105,16.544979381339516,1.64,bo136753,bo,G,g
386548250092,2458624.8254965,2.228012483493038,0.08479657362362705,15.530271572660686,0.041368793668889584,17.331694851272548,1.47,bk217293,bk,G,g
386548250092,2458625.6063799,1.7219545503296763,0.0930618577293891,15.810011411284766,0.058743822921895436,17.230711316933114,1.55,bo137264,bo,G,g
386548250092,2458626.6135081,2.3849199288676575,0.08171309990450018,15.456381115660228,0.03724174794198982,17.371911395442304,1.60,bo137708,bo,G,g
386548250092,2458627.8139503,3.6644450558947455,0.11856425655986357,14.990045086443038,0.03516881545422108,16.967756155280902,1.39,bG079302,bG,B,g
386548250092,2458632.0110226,1.9998854323208486,0.03933002124502206,15.647552830042308,0.02137623605908478,18.165830158932096,1.55,bC040300,bC,G,g
386548250092,2458634.0270539,1.8969436676086835,0.039051148783879476,15.704929537034687,0.022376468830807256,18.173556075885752,1.40,bC041056,bC,G,g
386548250092,2458635.8865018,1.8847100170733053,0.06377861467484357,15.711954275281641,0.03678262466921025,17.64095290702232,1.49,bs162908,bs,B,g
386548250092,2458636.0355127,1.7712212426511806,0.04199299449946322,15.779383591891206,0.02577010603724793,18.094698498780232,1.44,bC041783,bC,G,g
386548250092,2458637.5459121,3.178122454552326,0.04449602655907784,15.144639055371453,0.015218182103269522,18.03183753458049,1.46,bo140393,bo,G,g
386548250092,2458638.5248186,1.9899911071890326,0.05345607461384233,15.652937783151636,0.02919833597154364,17.832647950238368,1.47,bo140678,bo,B,g
386548250092,2458641.869362,1.6238147619566174,0.04444820208369119,15.873724409231906,0.029752939969724026,18.03300511498896,1.47,bs163849,bs,G,g
386548250092,2458642.7938619,2.6477565465930635,0.029733161531027348,15.342870496016292,0.01220605190445415,18.469537885816365,1.48,bG083626,bG,G,g
386548250092,2458643.7742515,1.7249959975755882,0.05830141316671978,15.808095392937048,0.03673695553916599,17.738442907088803,1.44,bG084053,bG,G,g
386548250092,2458645.050167,1.7831853930844477,0.04073267893046382,15.772074377344493,0.024828966849481684,18.127783176550174,1.39,bC044429,bC,G,g
386548250092,2458645.7666326,2.0147823940345804,0.05319202126747551,15.639495254368967,0.028696604949674128,17.838024377479783,1.39,bG084932,bG,G,g
386548250092,2458646.9715138,1.9414220991423148,0.063165424999115,15.679765700093009,0.035364834201456675,17.651442055014073,1.46,bC045103,bC,G,g
386548250092,2458647.5766849,2.0642739788431257,0.042479055708636915,15.613147277002914,0.02236761549728939,18.082203476445002,1.42,bo142633,bo,G,g
386548250092,2458648.500632,3.928314906102635,0.11907643569730843,14.914549884970441,0.03294820080884268,16.963076045249124,1.49,bo142974,bo,G,g
386548250092,2458649.5054599,1.8431136667823254,0.14123448111132184,15.736185323661951,0.0832915208134712,16.777788764691167,1.51,bo143423,bo,G,g
386548250092,2458650.7413794,2.007120388585821,0.13219287829392504,15.643632065838736,0.07158908454429519,16.849620464509165,1.54,bk226753,bk,G,g
386548250092,2458652.0438722,1.8817294003688096,0.07795794030012237,15.713672696201487,0.04503139059949841,17.42298972081142,1.45,bC046997,bC,G,g
386548250092,2458652.8398837,1.726326429730717,0.12172136440915875,15.807258323401658,0.0766401003894485,16.93922358183482,1.52,bG087579,bG,G,g
386548250092,2458653.9512145,2.1691188929750926,0.11507925676390016,15.559357229628137,0.05766680151167239,17.000147990570152,1.56,bC047589,bC,G,g
386548250092,2458654.8107883,1.6856865070872322,0.14111812820975075,15.833123595880298,0.09099513411794166,16.77868359307769,1.55,bs166840,bs,B,g
386548250092,2458656.0684436,1.7224080587985888,0.15514067677247256,15.809725500291885,0.0979043087632119,16.675826407338306,1.45,bC048412,bC,B,g
386548250092,2458659.8019042,1.9357221472574015,0.06980911917864684,15.682958074785349,0.039199570803900276,17.54286021569087,1.47,bG090202,bG,G,g
386548250092,2458660.7503521,4.084888733082112,0.06815241471422957,14.872115043713698,0.018134817491101688,17.568937491518504,1.45,bG090420,bG,G,g
386548250092,2458661.6800316,2.0551955388139187,0.05412279171743764,15.61793275092733,0.02862458599241049,17.81919013662968,1.54,bo147320,bo,G,g
386548250092,2458663.1213343,1.928880535524124,0.08343406556724246,15.686802295745474,0.04701649481826615,17.349282095542673,1.46,bC049966,bC,G,g
386548250092,2458668.4344571,3.547054195027309,0.051038279742753614,15.025396062138814,0.01564013064770922,17.882900541537357,1.45,bo147563,bo,G,g
386548250092,2458669.9513852,2.532838923663141,99.99,15.391046693195323,99.99,99.99,1.43,bC051014,bC,G,g
386548250092,2458671.7070267,4.738814510412221,0.11176406556717115,14.710891348255299,0.025635668941544815,17.031885132853816,1.49,bk233425,bk,B,g
386548250092,2458672.8477756,1.8451081985426825,0.05870874831568538,15.735011025784038,0.03458542806068358,17.730883558402372,1.56,bk233725,bk,B,g
386548250092,2458674.7005309,2.074002429845258,0.06404383890688588,15.608042470129702,0.03356450666368973,17.636447220324808,1.46,bk234293,bk,G,g
386548250092,2458674.9034702,3.615538441861421,0.04663151558804224,15.004633163561344,0.014019054368263627,17.98094178432069,1.43,bs170463,bs,G,g
386548250092,2458676.0752137,1.8075638604476034,0.039359886878574224,15.757331498098754,0.023668588797181714,18.165006007475938,1.45,bC052692,bC,G,g
386548250092,2458676.4238177,2.1597780136252123,0.05289724429754051,15.564042832844645,0.026621719597344308,17.844057991729688,1.55,bo149243,bo,G,g
386548250092,2458676.6867454,2.0104085513072563,0.0754610224643694,15.64185481511354,0.0407990955129068,17.458333897921896,1.46,bk235085,bk,G,g
386548250092,2458677.440734,2.3381067216850138,0.05558712893920811,15.477904796213073,0.025841759815686465,17.790205002890993,1.51,bo149675,bo,G,g
386548250092,2458678.0867728,1.876413044066649,0.040042337758606154,15.716744513968022,0.023195468774865346,18.146342049936898,2.00,bC053108,bC,G,g
386548250092,2458678.9392967,2.9722862768574467,0.03656473747032342,15.217339031438474,0.013371619069300492,18.244984462446904,1.45,bs171265,bs,G,g
386548250092,2458680.911691,2.5478328890462283,0.0746185948521597,15.38463827362741,0.03183378653531985,17.47052294506005,1.49,bC054064,bC,G,g
386548250092,2458681.7822872,1.7292808574322054,0.11416913019809767,15.80540178726496,0.07176213170738302,17.00876888049731,1.66,bk237168,bk,B,g
386548250092,2458682.7140492,4.322625319407943,0.11361271735953477,14.81069663983584,0.02856876896824478,17.014073243173193,1.58,bk237535,bk,G,g
386548250092,2458687.6844047,1.907123191250614,0.07207320220654313,15.69911875391426,0.04107780637372076,17.508206066050175,1.41,bG098719,bG,G,g
386548250092,2458689.1025322,2.843404602625478,0.034649228481906706,15.26546896708954,0.013245461035289193,18.303406689381493,1.43,bC055949,bC,G,g
386548250092,2458689.8895098,3.708592728186832,0.1347542443860178,14.977042766254351,0.03949530603729093,16.828784478568963,1.45,bs174276,bs,B,g
386548250092,2458690.1099283,2.1316593900718717,0.040988443205283186,15.578271093288286,0.020900457111215295,18.12098705254984,1.42,bC056339,bC,G,g
386548250092,2458690.6643385,2.532823470207395,0.04305671699843446,15.391053317551659,0.018477710703735793,18.067538330109695,1.49,bo152588,bo,G,g
386548250092,2458692.8095159,1.8486890579250657,0.03978450575210123,15.732905945497503,0.023391726048268318,18.15335569360254,1.40,bs175145,bs,G,g
386548250092,2458693.9328501,2.1945305279382508,0.03652464523997139,15.54671155563539,0.018090749179549385,18.246175595516426,1.48,bs175380,bs,B,g
386548250092,2458694.9702026,4.566165181898068,0.1757123210587517,14.751186576971556,0.04182758304099251,16.54063507252728,1.51,bs175666,bs,G,g
386548250092,2458695.0037853,4.202021519789891,0.059065912932905376,14.841419941718254,0.015278855420547053,17.72429830923828,1.50,bC057879,bC,G,g
386548250092,2458697.6742717,3.17183144602323,0.04264860568096568,15.146790371134102,0.014615272241571269,18.0778785182848,1.46,bk242889,bk,G,g
386548250092,2458698.7426506,1.7214472665534402,0.05855744070256625,15.810331313750536,0.036974349028675794,17.733685393205086,1.44,bG102758,bG,G,g
386548250092,2458699.6283874,2.9600167486602578,0.03521372595505453,15.221830201197257,0.012930936657336528,18.285860661227076,1.45,bG103098,bG,G,g
386548250092,2458699.7687555,2.402836898045627,0.042470510856329594,15.44825489136361,0.01921212330076488,18.082421899114376,1.53,bk243846,bk,G,g
386548250092,2458701.6489339,2.4086690336616225,0.031951418935814296,15.445622799049737,0.014418669690915056,18.39141523749793,1.47,bk244626,bk,G,g
386548250092,2458702.7363868,4.654480047559035,0.06697026833732386,14.730387689917002,0.015639506279557316,17.58793551375137,1.43,bk245135,bk,G,g
386548250092,2458703.9085603,1.8173907322332448,0.03992084286879645,15.751444849678315,0.023876109710452943,18.1496413559683,1.45,bs177960,bs,G,g
386548250092,2458704.657844,4.561884013440529,0.07915119464646418,14.752205024579446,0.018859292996257406,17.406496926066215,1.42,bk245945,bk,G,g
386548250092,2458704.9234092,2.2991326630736273,0.03649162589746874,15.496155543849605,0.017252075704536223,18.24715757658716,1.56,bs178125,bs,G,g
386548250092,2458705.447432,3.084864851173639,0.06254813265934271,15.176975266736077,0.022038923582279824,17.662104739951673,1.64,bo156013,bo,G,g
386548250092,2458705.9366085,3.929889388411771,0.0629241637309205,14.914114805299414,0.017404008963709396,17.65559698034927,1.40,bC060274,bC,G,g
386548250092,2458706.8382035,2.1926270262523584,0.05086472540839982,15.547653715017793,0.025215298519615594,17.886598850654266,1.40,bs178549,bs,G,g
386548250092,2458708.0152999,3.2750353176297415,0.06176145160075912,15.112025652936767,0.02049810340918906,17.67584687438954,1.46,bC061041,bC,G,g
386548250092,2458708.8706108,2.232693666024507,0.06622424591599142,15.527992771479472,0.03224037273497274,17.60009805703858,1.46,bs179151,bs,G,g
386548250092,2458715.9260728,2.132014058410345,0.09750463649573725,15.57809046207377,0.049710413550399964,17.180077442538447,1.45,bs180332,bs,G,g
386548250092,2458717.9532835,2.114706201091669,0.04139096691645147,15.586940525283248,0.02127490873564392,18.110376681730788,1.46,bC063969,bC,G,g
386548250092,2458718.9826001,3.330392924370155,0.051064220452506026,15.093826934298031,0.016666077759840654,17.882348845578736,1.41,bC064341,bC,G,g
386548250092,2458719.5667822,4.407649662813955,0.07431534747293916,14.789547952791594,0.018326672440080093,17.47494432958092,1.50,bo160575,bo,G,g
386548250092,2458719.6931746,2.941866079149571,0.02918865862131929,15.2285083755133,0.010784584340573253,18.489605268349052,1.46,bk252205,bk,G,g
386548250092,2458720.0315485,1.8378889519742851,0.04596014835349317,15.739267454496167,0.027181556828699154,17.996687056778008,1.40,bC064771,bC,G,g
386548250092,2458720.8893041,3.608432772513929,0.0492632560937342,15.00676907599199,0.014839411142994393,17.92133282772268,1.47,bs181765,bs,G,g
386548250092,2458721.0258453,2.5218944995631065,0.023066503161624327,15.395748336213707,0.009941845723358912,18.745186208225455,1.61,bC065160,bC,G,g
386548250092,2458721.7505438,2.2151988201866804,0.038055107166382954,15.536533843700614,0.018672927478579824,18.201608238219865,1.53,bs182018,bs,G,g
386548250092,2458722.5575518,1.9647970588827195,0.0529363908550428,15.666771373873798,0.02928524094490464,17.84325479080686,1.41,bG112015,bG,G,g
386548250092,2458722.757333,4.341181994233936,0.0563434085722673,14.80604563969726,0.01410741025969024,17.775532819720674,1.46,bs182400,bs,G,g
386548250092,2458723.5640559,2.9576477860347468,0.034376332574482714,15.222699486237852,0.012633545840629827,18.31199175572621,1.46,bk253717,bk,G,g
386548250092,2458724.5531764,2.033176946193654,0.045762000178044306,15.62962768059191,0.024464818290643155,18.00137811528706,1.42,bk254153,bk,G,g
386548250092,2458724.8566123,2.8551026197320932,0.03511058337663994,15.261011315974287,0.01336683218303563,18.289045497679776,1.38,bC066456,bC,G,g
386548250092,2458725.5593837,2.6374884825634086,0.028914507643042757,15.347089192721723,0.011916189535332187,18.499851107628917,1.43,bk254599,bk,G,g
386548250092,2458726.633889,4.421114961040784,0.06769211676178077,14.786236102549484,0.01664249593890295,17.57629537422728,1.39,bG113680,bG,G,g
386548250092,2458726.9623629,2.1019275158717488,0.03409123679471555,15.593521283584138,0.017629386307738915,18.32103371827192,1.42,bC067287,bC,G,g
386548250092,2458727.4809699,2.650696114414459,0.03424283379859238,15.341665768620697,0.014041772392468737,18.316216366569137,1.44,bo162338,bo,G,g
386548250092,2458729.3104515,3.242213289851967,0.038224317331009894,15.122961668210412,0.012814755630671134,18.196791266814863,1.44,bo163048,bo,G,g
386548250092,2458729.6288167,2.08395844974255,0.04433463183260106,15.60284298305927,0.02312417371627649,18.035782845665263,1.51,bk256348,bk,G,g
386548250092,2458730.5501659,4.42599913923196,0.06581792293119045,14.785037309458023,0.016163857770156595,17.606780179451032,1.50,bk256704,bk,G,g
386548250092,2458730.7391517,2.397106313145298,0.04286848140181562,15.450847383059088,0.019438510165874202,18.072295363739382,1.42,bG115349,bG,G,g
386548250092,2458731.5457319,2.0510906919690925,0.06401113493272469,15.620103462888693,0.03392210829656333,17.637001792919584,1.51,bG115605,bG,G,g
386548250092,2458731.7151144,1.6689104321226047,0.06357001908700405,15.84398304882664,0.04140296896929209,17.64450975687189,1.53,bk257275,bk,B,g
386548250092,2458733.9276768,2.6304476092477755,0.033592099363695255,15.34999148139443,0.013880965107957064,18.3370477458111,2.07,bC069004,bC,G,g
386548250092,2458734.5386314,3.204821297302384,0.07057262622344779,15.13555607723891,0.02393561737573438,17.531049913537395,1.62,bk257865,bk,G,g
386548250092,2458735.4597243,1.8799443322862577,0.12645265688798107,15.714703148775744,0.07311309049692775,16.897820714673564,1.53,bo164846,bo,G,g
386548250092,2458736.4353196,3.68458753688061,0.22275110598653067,14.984093425364806,0.06571176962229112,16.283090938843248,1.42,bo165232,bo,G,g
386548250092,2458736.9211409,1.9520734960238726,0.08600825640672748,15.67382520996384,0.04789124764775787,17.316290252525985,1.40,bC069637,bC,B,g
386548250092,2458742.5218879,1.9186608200268056,0.07513006103568588,15.692570104424961,0.042562556637945406,17.46310625728999,1.45,bG118426,bG,G,g
386548250092,2458743.9326807,1.9202534924611734,0.054342316411741136,15.691669213140202,0.03076038422117216,17.814795244336715,1.44,bC071604,bC,G,g
386548250092,2458744.9540296,2.5924258354560723,0.033649515303206756,15.365799770104848,0.014108623518538073,18.33519357916989,1.43,bC072033,bC,G,g
386548250092,2458745.8819244,1.7386629176446555,0.07468986097038244,15.799527143406689,0.046693715421000585,17.469486483860628,1.44,bC072390,bC,G,g
386548250092,2458746.6772024,4.087505120690079,0.06941384877099441,14.87141984793642,0.018458652256784978,17.549025298244075,1.41,bG120042,bG,G,g
386548250092,2458747.6581699,2.0921603143042087,0.04932265870360313,15.598578222761965,0.025624989242387167,17.920024414200736,1.43,bG120417,bG,G,g
386548250092,2458748.6507149,4.584643427046553,0.0634775832367072,14.74680171266407,0.015049670531918727,17.64608965236237,1.49,bk262620,bk,G,g
386548250092,2458749.864124,2.232790507023086,0.09898814596605826,15.527945679708813,0.04818894136921353,17.163682636306067,1.87,bs186273,bs,B,g
386548250092,2458750.7348348,2.718098895668044,0.03369429168623641,15.314402487003367,0.013474208076867587,18.333749783533413,1.48,bs186573,bs,G,g
386548250092,2458751.7165025,1.9306094455977925,0.049394338986268105,15.685829555618414,0.02780961163353944,17.918447666658654,1.46,bk263837,bk,G,g
386548250092,2458753.897282,3.3421570129105107,0.05504194039942374,15.089998499831921,0.017901072826685925,17.80090627212408,1.44,bC074716,bC,G,g
386548250092,2458755.8129819,3.6055768235148182,0.04772509689147121,15.007628738665845,0.01438746360318769,17.95577356451451,1.45,bC075199,bC,G,g
386548250092,2458756.5862162,2.6078096151447565,0.032112449526935205,15.359375916624629,0.013384733394497951,18.38595702477161,1.51,bG123770,bG,G,g
386548250092,2458758.5441712,2.5664818830697897,0.03928540837468699,15.376720115032036,0.016638157909369473,18.167062431374156,1.48,bG124470,bG,G,g
386548250092,2458761.5871014,4.600108391423288,0.09236721065689463,14.743145459794372,0.021825386159498715,17.238846039399476,1.43,bG125022,bG,G,g
386548250092,2458761.6981637,2.975395093768841,0.04545361441203193,15.216204015901589,0.01660488811225156,18.008719552789895,1.47,bk267106,bk,G,g
386548250092,2458762.627057,1.8950653262874169,0.11573107173177212,15.706005158610202,0.06638010914016905,16.994015674088686,1.48,bG125421,bG,G,g
386548250092,2458762.8009777,2.73053564641801,0.04051620345852607,15.309445996012874,0.016128466091671952,18.133568753079217,1.43,bs190044,bs,G,g
386548250092,2458764.6091356,1.8668936898649324,0.06822913556410418,15.722266652824073,0.03972486718265774,17.567715938999335,1.47,bG126120,bG,G,g
386548250092,2458769.7929861,2.316385042663374,0.12734402176784984,15.488038742410419,0.05975578861703499,16.890194207454506,1.48,bs192261,bs,G,g
386548250092,2458771.6831489,2.117589449710671,0.11552212471585706,15.58546121090848,0.059297389719342654,16.995977691524775,1.53,bk270758,bk,B,g
386548250092,2458773.8869475,4.109866149995024,0.06800310703355582,14.865496427242391,0.017985116300864717,17.571318721709613,1.57,bC080372,bC,B,g
386548250092,2458774.8798305,2.006671089367732,0.052357515158973286,15.643875137972682,0.028360573322473527,17.85519304359574,1.49,bC080506,bC,G,g
386548250092,2458775.8795225,3.301633914990057,0.052829411867630974,15.103243329669812,0.017392380635675966,17.845451171799617,1.57,bC080899,bC,G,g
386548250092,2458777.7309951,4.508718026374857,0.058476964672010356,14.764932933449522,0.014097558940241835,17.735178556749286,1.56,bs194509,bs,G,g
386548250092,2458779.7068616,3.9703956480509097,0.055964460394940414,14.902981156883433,0.01532112681056207,17.782859809736134,1.47,bC081965,bC,G,g
386548250092,2458780.7809032,1.8616747163251188,0.03770838389514101,15.725306120848884,0.02201639923432702,18.211545811882818,1.48,bC082423,bC,G,g
386548250092,2458782.7175341,1.90421086716012,0.03746951669715032,15.700778024013387,0.021388248666556996,18.21844538305212,1.56,bs196260,bs,G,g
386548250092,2458784.6588181,2.0649368921119096,0.054535273470185795,15.612798663689034,0.028706674470143023,17.810946873264584,1.46,bk274897,bk,B,g
386548250092,2458785.6624083,2.6757580022880356,0.03406276922273888,15.331448539960725,0.01383710676507037,18.321940730996786,1.43,bG132897,bG,G,g
386548250092,2458786.6805139,1.6918418268280921,0.03987227734882184,15.829166228105676,0.025616716180937058,18.15096300750183,1.51,bs197965,bs,G,g
386548250092,2458788.3970724,2.0903148589097715,0.04619225923957446,15.599536352951892,0.024019815589172603,17.99121760172938,1.45,bo177629,bo,G,g
386548250092,2458788.850585,2.8270694095941153,0.02915869478143928,15.27172444397171,0.011210985252263949,18.49072041159905,2.09,bC084106,bC,G,g
386548250092,2458789.8281644,1.7819748934863437,0.04193720887324755,15.772811670023849,0.025580563932149407,18.096141804779098,1.43,bC084336,bC,G,g
386548250092,2458796.7245402,2.1558544178838694,0.06439578796962961,15.566017046909694,0.032467601302515046,17.630496957071024,1.47,bC086794,bC,B,g
386548250092,2458800.7435754,2.0004798051112873,0.04904277505860302,15.647230193470822,0.026647289344252197,17.926203020138757,1.43,bC088370,bC,G,g
386548250092,2458801.7064419,3.6214119641566205,0.08560617876067621,15.002870792162408,0.025694451563660473,17.321377832201843,1.51,bs202610,bs,B,g
386548250092,2458802.518088,2.6094938850944844,0.03640021456343799,15.35867491353886,0.015162116622856164,18.249880752357836,1.65,bk280601,bk,G,g
386548250092,2458802.7083948,1.953095331362352,0.07293483132693826,15.673257017551862,0.04059043575587297,17.495303154144683,1.43,bs203058,bs,G,g
386548250092,2458803.5150293,2.0109250439769095,0.057285822334399064,15.641575915200995,0.03096445507805769,17.757522732082464,2.10,bk280932,bk,G,g
386548250092,2458803.6974411,3.1959178319084405,0.06701749542963031,15.138576609951038,0.022793171651838,17.5871701279483,1.46,bs203494,bs,B,g
386548250092,2458804.7664918,1.7625196350278258,0.046328062554449545,15.784730712610537,0.02857079645090157,17.988030265612988,1.45,bC089777,bC,G,g
386548250092,2458807.7899976,2.6509678685664397,0.033007996083930326,15.341554462690027,0.013534021682567425,18.356092713681264,1.47,bC090336,bC,G,g
386548250092,2458808.5961025,1.9141998552158106,0.05769056742315445,15.69509742466997,0.032758929707660554,17.749878585093242,1.41,bG139824,bG,G,g
386548250092,2458810.6760359,3.895554333454493,0.05213654049896709,14.923642457099799,0.01454739117090294,17.859785085599164,1.49,bs205957,bs,G,g
386548250092,2458811.6422753,2.1688302970131517,0.029879529202020937,15.559501693784432,0.014974776577659782,18.46420623589429,1.44,bs206381,bs,G,g
386548250092,2458813.7666694,1.8453400230386674,0.03906282355448499,15.734874619454152,0.023009087913335023,18.173231531611698,1.42,bC091809,bC,G,g
386548250092,2458814.6993422,2.9890181002579754,0.033739239593710356,15.211244259894501,0.012269275489411518,18.332302385576533,1.67,bC092204,bC,G,g
386548250092,2458817.7514758,2.1455059176015774,0.05375512434342327,15.571241330496,0.027233428956140605,17.826590934484972,1.40,bC093397,bC,B,g
386548250092,2458819.6606561,1.611416778744668,0.04740007029832729,15.88204591881437,0.031972991854904736,17.963193147016835,1.47,bs208599,bs,G,g
386548250092,2458824.3261952,3.92621685869773,0.19148091312505838,14.9151299134557,0.05301068045917369,16.44732688679796,1.54,bo186076,bo,G,g
386548250092,2458824.6331426,1.9684125568948059,0.05537753821635152,15.664775305228055,0.030579451503335433,17.794306497762005,1.45,bs210662,bs,G,g
386548250092,2458825.6379158,5.373434548524022,0.41328356711291164,14.574435714051013,0.08360039831961538,15.612020268175407,1.64,bs211121,bs,B,g
386548250092,2458828.7129559,1.738099454536267,0.06301632076521985,15.799879064094206,0.03940856241165771,17.654008003668398,1.47,bC096558,bC,G,g
386548250092,2458829.5704677,3.0004776869569016,0.17032813156729554,15.20708961857087,0.061703266199083666,16.57442465543071,1.73,bk289059,bk,G,g
386548250092,2458829.7055022,2.2859107519530166,0.06674383865770207,15.50241744634116,0.0317368692775564,17.59161265958904,1.55,bC096999,bC,G,g
386548250092,2458831.6995315,2.2088077226731704,0.09574723352051714,15.539670842128878,0.04711731077599321,17.199825025183376,1.55,bC097614,bC,B,g
386548250092,2458832.5678794,1.8197018113262309,0.040987397186005047,15.750065053838112,0.02448286768916844,18.121014760737907,1.62,bs213121,bs,G,g
386548250092,2458833.6233681,2.174298312555727,0.033060683973448995,15.556767800265147,0.016527412936202475,18.354361025950258,1.49,bs213625,bs,G,g
386548250092,2458840.5404016,3.3170719931546135,0.11027849256547607,15.098178378597723,0.03613666720197025,17.046413559056838,2.04,bs216463,bs,B,g
386548250092,2458841.5444951,1.9244440967603023,0.05332298498183569,15.689302372834248,0.03011766690556309,17.83535447916497,2.13,bs216926,bs,B,g
386548250092,2458844.5717089,2.077974601502412,0.03285482047570959,15.605965034795698,0.017185850761034627,18.361142865255715,1.79,bs218083,bs,G,g
386548250092,2458846.5650949,2.0940648424013353,0.03804578080646001,15.597590308747172,0.019748246919048112,18.20187435776058,1.62,bs218852,bs,G,g
386548250092,2458850.597114,1.61129471549244,0.11332898149050025,15.882128165389972,0.07645012073133085,17.016788147200756,1.61,bs220330,bs,B,g
386548250092,2458851.5762785,1.7175686812431539,0.36290234014397327,15.753166189643345,99.999,15.753166189643345,1.85,bs220742,bs,B,g
386548250092,2458853.5945482,2.5346646776339448,0.04778444572344672,15.390264340609585,0.02049171055055473,17.954424229524196,1.42,bs221137,bs,G,g
386548250092,2458956.1159375,2.6818541290867883,0.055930327885229836,15.328977742049892,0.02266858364834322,17.783522198097042,2.04,bC121287,bC,G,g
386548250092,2458960.1052395,3.754363464435763,0.05484147892573711,14.963724835054713,0.015877605816491655,17.804867716397116,1.38,bC122773,bC,G,g
386548250092,2458968.0905177,2.176869220400065,0.045543593890114385,15.55548477540831,0.02274087296489057,18.006572365844217,1.41,bC125641,bC,G,g
386548250092,2458970.0817139,1.9788976635675573,0.03938170133521676,15.659007282922223,0.021631334399741246,18.164404425859228,1.54,bC126376,bC,G,g
386548250092,2458975.0821161,2.5104560597757866,0.07578285046359423,15.40068406135616,0.0328118324264723,17.453713269911326,1.38,bC128098,bC,G,g
386548250092,2458980.604291,1.3619610525887726,0.11924598746032677,16.064653901225096,0.09516806924460597,16.96153117577097,1.44,bo211920,bo,B,g
386548250092,2458988.5766937,3.4430163406573824,0.05385203549866045,15.05771791257218,0.01700102915660864,17.824635302936148,1.44,bo214324,bo,G,g
386548250092,2458990.9123089,1.8945163461161545,0.04216359908906338,15.706319730351005,0.024190870194287367,18.090296423423457,1.45,bs249686,bs,G,g
386548250092,2458991.9065799,2.6113490389265643,0.029668951703073272,15.357903311023723,0.01234950214088392,18.471885107430804,1.48,bs249976,bs,G,g
386548250092,2458993.8889183,2.2861200041986725,0.034853818839660516,15.502318062609374,0.016571564758501127,18.29701468762901,1.47,bs250430,bs,G,g
386548250092,2458996.0176654,2.1657927519127935,0.046313583833187115,15.56102338237957,0.023243614583221064,17.988369639374447,1.47,bC132942,bC,B,g
386548250092,2458999.0165574,2.517547916699514,0.02285453743668129,15.397621259113672,0.009867493823394377,18.755209521862486,1.49,bC133702,bC,G,g
386548250092,2459000.5781094,1.9489437951864692,0.046549686766541136,15.675567335150486,0.025961490393295084,17.982848704057503,1.50,bo217199,bo,G,g
386548250092,2459003.1077833,1.9886284901544542,0.04349694817533412,15.653681479636965,0.023774823567601744,18.056493643601968,1.80,bC134817,bC,G,g
386548250092,2459004.8814653,2.464439757215021,0.13177542967369754,15.420770106356514,0.058120374932867376,16.853054509011994,1.45,bs253537,bs,B,g
386548250092,2459005.5278547,2.1682561636301694,0.16635883365997742,15.559789148235508,0.08339642807374036,16.600025944268303,1.64,bo218980,bo,G,g
386548250092,2459009.0024121,1.8763715989425964,0.10334711530358108,15.71676849534504,0.05986757689439423,17.116894714433556,1.47,bC136719,bC,B,g
386548250092,2459010.920995,2.105026402698673,0.06189178454103399,15.59192175371236,0.03195859147548182,17.673558098960005,1.43,bs255046,bs,B,g
386548250092,2459014.1050906,2.018287856838384,0.04332282746399374,15.637607854149174,0.02333167178934173,18.060848628681654,2.15,bC138498,bC,G,g
386548250092,2459017.6266581,3.952178327741733,0.05938238015142395,14.907974291471666,0.016331769477331264,17.718496609181592,1.45,bo222320,bo,G,g
386548250092,2459017.9677838,1.9722428335869717,0.037686042537764954,15.662664655614478,0.02076980025855194,18.212189276457703,1.43,bC139746,bC,G,g
386548250092,2459020.4874549,2.1710930610137806,0.04446836138994068,15.55836952401172,0.02226306015702464,18.03251279526409,1.51,bo223395,bo,G,g
386548250092,2459025.4820809,2.8916003214944443,0.036609006140856715,15.24721996138037,0.013761375555051284,18.243670764340823,1.55,bo224856,bo,G,g
386548250092,2459030.9736332,1.9490614206762191,0.051850634817653084,15.675501809197703,0.028916167070716724,17.86575541666348,1.44,bC143326,bC,G,g
386548250092,2459033.910434,2.574614759422988,0.08501791007270872,15.373284985803618,0.03589304826282918,17.3288645493212,1.48,bC144272,bC,G,g
386548250092,2459035.8813412,2.788483929869867,0.1447771873557118,15.286645257330864,0.05643443245616369,16.750890273537454,1.50,bs260140,bs,B,g
386548250092,2459037.9273677,1.9733964430772941,0.12015476056808526,15.662029769585796,0.06618183643516809,16.953288155542193,1.46,bs260646,bs,B,g
386548250092,2459041.8932677,2.0544409141493856,0.041222371327196944,15.618331483680397,0.02180979021935054,18.114808183791588,1.46,bC146805,bC,G,g
386548250092,2459042.929942,2.8241251539770555,0.04303831734352693,15.272855774763023,0.016564697798660304,18.068002402676598,1.49,bs261844,bs,G,g
386548250092,2459043.7967606,2.1189341401923256,0.03309141435540559,15.584771976370693,0.016975010202023202,18.353352287255063,1.58,bs262069,bs,G,g
386548250092,2459047.0138785,1.96242917175389,0.05049712803112462,15.668080644562629,0.0279695101522932,17.89447391444766,1.49,bC148268,bC,B,g
386548250092,2459048.9593994,1.9384451842072798,0.03855908661402402,15.681431811184792,0.021621478393549307,18.18732376693285,1.40,bC148870,bC,G,g
386548250092,2459051.9399613,3.2285960561286307,0.04092899781928599,15.127531342480365,0.013779376649943817,18.122562834661807,1.40,bC149806,bC,G,g
386548250092,2459053.9982378,2.3849182184916775,0.028038948668896516,15.456381894310184,0.01277910407244102,18.533236297536654,1.39,bC150402,bC,G,g
386548250092,2459055.386963,2.198641727172704,0.04529560916584772,15.544679457234674,0.022393078954376422,18.012500349647738,1.51,bo232160,bo,G,g
386548250092,2459058.9415625,4.319791308605394,0.058574643332254345,14.811408706466212,0.014738695929987415,17.733366479422283,1.60,bC151267,bC,G,g
386548250092,2459059.9027302,2.0615592737786774,0.031084066418951253,15.614576056994053,0.016389064891800257,18.42129604077001,1.44,bs265287,bs,G,g
386548250092,2459060.8650891,3.8524843886736178,0.04960978035963445,14.935713403498912,0.013997116889684793,17.913722350786305,1.54,bs265585,bs,G,g
386548250092,2459062.4147659,2.414426240468774,0.09410116351375428,15.443030766140422,0.0423636355793816,17.21865312820669,1.50,bo234657,bo,G,g
386548250092,2459069.0120545,1.728746919858175,0.06526743842503484,15.805737073964286,0.04103716225803533,17.615899191150955,1.37,bC154247,bC,G,g
386548250092,2459071.9595254,3.5003068922771705,0.05336431892407302,15.039800314421147,0.01657131682100947,17.834513183937236,1.39,bC155214,bC,G,g
386548250092,2459073.9731369,2.814290722820604,0.029571446173146353,15.276643224649945,0.011421306268935888,18.475459201576033,1.42,bC155936,bC,G,g
386548250092,2459075.844153,2.9173960000399086,0.0283815656308744,15.237577164356605,0.010574336791859616,18.52004973880988,1.49,bC156573,bC,G,g
386548250092,2459079.0238956,4.068538567031796,0.05539270938161639,14.876469529349361,0.014798794635262383,17.794009091484476,1.45,bC157459,bC,B,g
386548250092,2459080.9473463,4.44513393316379,0.06200482912719749,14.780353494979707,0.015161872378310709,17.671576823921487,1.44,bC158157,bC,G,g
386548250092,2459082.8603384,4.570245893429824,0.07340291888008088,14.750216704554632,0.017457656163772747,17.48835728630092,1.47,bs271839,bs,G,g
386548250092,2459084.7167911,1.760201296091795,0.0421505214528894,15.78615978118018,0.02602871858443056,18.090633232088226,1.46,bs272277,bs,G,g
386548250092,2459086.7767313,4.150787944428079,0.06931663001773132,14.854739255541043,0.01815177360816316,17.550547010536853,1.63,bC159870,bC,G,g
386548250092,2459087.9538233,1.7623701608099307,0.04219180359835646,15.784822794678085,0.02602214739274406,18.08957038437812,1.61,bC160404,bC,G,g
386548250092,2459089.6903007,1.949617929910168,0.06107063466047188,15.675191846683042,0.03404827356814794,17.688059528166594,1.48,bs274085,bs,G,g
386548250092,2459096.9334743,1.8055233675162685,0.06845715159437497,15.758557838425935,0.0412123978697383,17.564093549451442,1.48,bC163800,bC,G,g
386548250092,2459098.8369028,2.0809843079633192,0.053610815632858216,15.604393608911542,0.02800243397554563,17.829509574904986,1.50,bC164523,bC,G,g
386548250092,2459102.5460693,2.16652324319535,0.06942151611267254,15.560657240647922,0.034829153079565495,17.548905376198714,1.51,bo242284,bo,G,g
386548250092,2459104.9276123,3.4906330228092335,0.0465176314587153,15.042805139853206,0.014485235932712148,17.983596627395173,1.42,bC166643,bC,G,g
386548250092,2459107.9655054,1.728137167770619,0.046401882489318404,15.806120095151847,0.029185662882190863,17.98630161166386,1.53,bC167701,bC,G,g
386548250092,2459111.417799,3.1813885398598556,0.04477580461413298,15.143523841518974,0.01529814803557218,18.025032114456188,1.54,bo244236,bo,B,g
386548250092,2459114.3768427,1.9354901762113375,0.04889931989407761,15.683088193901751,0.02746148511666329,17.92938356426213,1.44,bo245066,bo,G,g
386548250092,2459117.8813525,3.273141920917381,0.045393555376750015,15.112653531304435,0.01507445208726415,18.01015511272379,1.66,bC170634,bC,G,g
386548250092,2459123.832212,2.289400626258277,0.07234026679694903,15.50076112907447,0.03434555048052204,17.504190346084943,1.52,bC172437,bC,G,g
386548250092,2459126.7892483,3.3854891210863176,0.06523992666868803,15.076012065842265,0.020946150241226858,17.6163569509156,1.60,bC173000,bC,G,g
386548250092,2459133.7009136,2.2236409728088855,0.057765594844689565,15.532403952906144,0.028236883029395452,17.748467486754674,2.47,bC175448,bC,G,g
386548250092,2459136.7068365,2.681326795031577,0.03031462383254872,15.32919125178812,0.012288945211719056,18.448510152591165,1.53,bC176205,bC,G,g
386548250092,2459137.7772256,3.4928897842400737,0.04705671078839052,15.042103417314607,0.014643633736688675,17.971086693439897,2.35,bs282282,bs,B,g
386548250092,2459139.7399048,3.835602916336145,0.04992399292607058,14.940481521871387,0.014147765262960533,17.906867328990526,1.58,bs282924,bs,B,g
386548250092,2459143.7744028,2.7377445401739555,0.04204803794144794,15.30658331845639,0.016694175952547855,18.093276272883976,1.48,bs284277,bs,G,g
386548250092,2459144.7479186,1.8845571266221728,0.03702938013583646,15.712042355373564,0.021357445558971518,18.231274506165928,1.71,bs284667,bs,G,g
386548250092,2459152.729229,3.9768898324572914,0.12160820793578539,14.901206721394209,0.03323774111970695,16.94023338995322,1.49,bs287547,bs,G,g
386548250092,2459155.5380211,2.3684979202960483,0.07606575499807991,15.46388310297288,0.03490827151152376,17.44966766079908,1.42,bG175300,bG,G,g
386548250092,2459155.725864,1.9382274356078704,0.0806696607817368,15.681553780492674,0.04523948649281834,17.385865034627404,1.40,bs286869,bs,B,g
386548250092,2459156.7189116,2.661795196569866,0.0625549473232666,15.33712902976738,0.025544605403035443,17.661986454656798,1.44,bs287291,bs,B,g
386548250092,2459157.5374363,2.3462661679903003,0.0420037169354215,15.474122426434853,0.01945909406320584,18.0944213037142,1.53,bk323071,bk,G,g
386548250092,2459157.7142543,1.961929192163583,0.06338598699512747,15.668357299187631,0.03511737947853569,17.647657468447033,1.46,bs288077,bs,B,g
386548250092,2459158.5407898,4.447239729200907,0.08221331125178989,14.779839270290804,0.020093878513483897,17.365285260561343,1.40,bG176776,bG,B,g
386548250092,2459158.7173483,2.5441593721652884,0.04683669843582731,15.386204839625066,0.02001032458050114,17.976174927339184,1.44,bs288477,bs,G,g
386548250092,2459159.5331073,2.061805863629176,0.05432557424360361,15.614446196300271,0.028639717377352734,17.815129797223076,1.61,bG177032,bG,G,g
386548250092,2459159.7140348,1.7146751156291167,0.0677913575974495,15.814611009375446,0.0429738890979716,17.574704783373946,1.60,bs288842,bs,G,g
386548250092,2459163.7816473,3.0923584009561766,0.034760363439805306,15.174341066235314,0.012218183936000455,18.299929839938127,1.49,bC183547,bC,G,g
386548250092,2459164.5938596,2.5031770840598497,0.03425405171896892,15.403836686526125,0.014874163377820585,18.315860738650823,1.57,bk324426,bk,G,g
386548250092,2459164.6741516,2.0202815576199624,0.03604713405730604,15.636535873913743,0.019394161821559345,18.26046375729003,1.44,bs290279,bs,B,g
386548250092,2459165.7031865,3.42269516248401,0.04568774437673038,15.064145069694934,0.014509206738059709,18.003141318235542,1.46,bs290727,bs,B,g
386548250092,2459166.5546711,2.350507534630207,0.036139878304726925,15.472161503102399,0.016712338011867528,18.257673896917154,1.42,bk325061,bk,G,g
386548250092,2459167.6012251,4.18220400395366,0.06919827287107436,14.846552588601732,0.0179846592655913,17.552402473996914,1.45,bG178063,bG,G,g
386548250092,2459168.5652714,2.066449259856721,0.04632453866182023,15.612003757365393,0.02436680173725303,17.988112854072693,1.52,bk325742,bk,G,g
386548250092,2459170.6855995,1.7230492278524374,0.04272096349157061,15.809321408523942,0.026949798723985587,18.076038014361796,1.47,bs292798,bs,G,g
386548250092,2459172.6775717,2.3694536140680307,0.032330140694722634,15.463445094548584,0.014831038290105755,18.378621624982216,1.57,bs293658,bs,B,g
386548250092,2459178.317182,2.157988809604757,0.12357155863449847,15.56494265155808,0.06224170902157646,16.922844300042648,1.48,bo258335,bo,B,g
386548250092,2459179.5339565,1.9191284806354678,0.10076892742896176,15.692305495809375,0.05707353309732485,17.144324021408877,1.56,bk329232,bk,B,g
386548250092,2459180.589428,3.521382965449342,0.15768201820989816,15.033282474732383,0.04867221195078583,16.65818518657719,1.42,bG182029,bG,G,g
386548250092,2459181.5237725,1.8828862076888493,0.09357166697344364,15.713005436773384,0.05401724929071979,17.224779695254725,1.48,bk329890,bk,B,g
386548250092,2459184.7544769,1.7766316997677885,0.08252896658391158,15.77607210529639,0.050491837150321156,17.36112459401944,1.38,bC188460,bC,G,g
386548250092,2459186.7412708,2.028124789089479,0.037872233284972606,15.632328938989893,0.020297306745315147,18.206838322052946,1.44,bC189342,bC,G,g
386548250092,2459187.5430403,2.4836934930089565,0.04136261789402342,15.41232062350095,0.018101817878358586,18.11112056639256,2.03,bk331757,bk,G,g
386548250092,2459188.5332381,2.2204758345389752,0.06289810768806069,15.533950494521825,0.030789575501407093,17.656046662097516,1.92,bG184326,bG,G,g
386548250092,2459191.7308059,2.4264003034419477,0.025683513105665766,15.43765949324518,0.011505464301077866,18.62850454094346,1.41,bC191552,bC,G,g
386548250092,2459194.7200435,4.494474651132078,0.06327377677806031,14.768368283915683,0.015302309983360388,17.649581216343876,1.43,bC192796,bC,G,g
386548250092,2459196.5830999,1.7554722792255022,0.04018526542005407,15.789080682572955,0.024881985801232232,18.142473508569058,1.52,bs301743,bs,B,g
386548250092,2459198.6032081,4.322241078242939,0.06070937860650148,14.810793155970451,0.015267185196872961,17.694501142303324,1.57,bs302619,bs,B,g
386548250092,2459199.604273,2.079804927514137,0.03416035484410112,15.605009115256463,0.017853030345061638,18.318834678147816,1.46,bs303046,bs,G,g
386548250092,2459207.599818,2.637693776278861,0.08132981683220909,15.347004685757357,0.0335148740966937,17.37701612594112,1.64,bs306427,bs,G,g
386548250092,2459212.5989503,2.2271443721921482,0.11864129239407945,15.53069469575673,0.05790281408132163,16.967050939086917,1.54,bs308135,bs,B,g
386548250092,2459216.5526479,1.7951306921515515,0.0528498981837427,15.764825441508826,0.032000757245823075,17.84503022402143,1.70,bs309276,bs,B,g
386548250092,2459219.550288,2.020980715673205,0.05589270738506235,15.636160198608607,0.030061119504355627,17.78425274418739,1.66,bs310475,bs,G,g
386548250092,2459221.5511574,1.9447646700907144,0.050971303758205834,15.677897981732517,0.028488583679866907,17.884326255852155,1.51,bs311326,bs,G,g
386548250092,2459314.9154893,2.23010880332419,0.08147770222948353,15.529250492093894,0.039712286540748515,17.375043679274512,1.41,bG223876,bG,G,g
386548250092,2459317.9008552,2.147351823542336,0.05686442474182214,15.570307608879851,0.02878389868415009,17.76553898632592,1.49,bk375245,bk,B,g
386548250092,2459319.8994433,2.1040684281862485,0.0527132739358523,15.592415972859765,0.02723154633149799,17.847840635497874,1.43,bk376072,bk,G,g
386548250092,2459321.8950669,2.174571291643282,0.0664248793520194,15.556631496670942,0.03320238618750987,17.59681367576499,1.46,bG226621,bG,G,g
386548250092,2459332.6294053,2.3580685651678612,0.2599530593511992,15.468674550154349,0.1198258936918194,16.115403279065454,1.43,bo298764,bo,B,g
386548250092,2459332.8771096,2.479000009735048,0.15244334452659816,15.414374301098984,0.06684118066890235,16.69486944045071,1.53,bk381172,bk,B,g
386548250092,2459337.856329,2.2474899165863915,0.09849237673118616,15.52082124243782,0.04763399846178353,17.169134067474847,1.64,bk382459,bk,B,g
386548250092,2459343.0636679,2.0919913267172805,0.035395921907499475,15.5986659231883,0.018391007490790142,18.280257540776923,1.40,bC230012,bC,G,g
386548250092,2459346.5942672,2.6745468937368853,0.0369218749531244,15.331940079957002,0.015005335247295663,18.23443124369942,1.46,bo302024,bo,G,g
386548250092,2459348.9212195,2.082301475604969,0.057123873260271955,15.603706605079314,0.029818528832004424,17.760596494137893,1.46,bG234912,bG,G,g
386548250092,2459352.5842881,3.1364652331490586,0.03907986832445412,15.158964427618137,0.013543308975665958,18.17275788209424,1.50,bo303433,bo,G,g
386548250092,2459356.0229604,2.035459907910059,0.05622656898872146,15.62840924083501,0.030025566025546332,17.77778665354577,1.52,bC234545,bC,G,g
386548250092,2459357.5616054,2.663196230095327,0.032177131550581425,15.336557703830533,0.01313276978786896,18.38377229631675,1.48,bo304093,bo,G,g
386548250092,2459359.8863606,2.2500311629356733,0.12433516655775427,15.519594289451291,0.06006446594950373,16.916155660273628,1.69,bs346278,bs,B,g
386548250092,2459361.8811596,2.4155994708799056,0.3271324679848098,15.442503307764394,0.1472010462972917,15.86583148617352,1.56,bs346873,bs,B,g
386548250092,2459363.7837076,1.813518020498548,0.151902380449558,15.753760933734277,0.09104474354876027,16.698729162170224,1.50,bG239736,bG,G,g
386548250092,2459369.0030402,1.935146050418441,0.04809399926811007,15.683281252516121,0.02701402622798699,17.947413380347633,1.53,bC239222,bC,G,g
386548250092,2459371.6181879,2.0532714588555225,0.05062201377313638,15.618949696384403,0.02679817506689962,17.89179206731008,1.49,bo307512,bo,G,g
386548250092,2459374.5807786,2.9393296207836492,0.042775462604627085,15.229444894204738,0.015818255877036252,18.0746538239134,1.53,bo307999,bo,G,g
386548250092,2459376.5200735,2.8624431113915767,0.028648375891971806,15.258223461776325,0.010878657776319734,18.50989059552202,1.60,bo308693,bo,G,g
386548250092,2459377.5617228,1.74362434480208,0.08787645400163763,15.79643331206477,0.054781229150153335,17.292959301659433,1.71,bo309051,bo,B,g
386548250092,2459377.774469,3.2674262148137703,0.05216570227985752,15.114551149524562,0.0173536742917467,17.85917796534385,1.48,bG245529,bG,G,g
386548250092,2459381.0345864,3.022388863213765,0.06660502249276469,15.199189771510909,0.023953490717310004,17.593873163191713,1.44,bC243101,bC,B,g
386548250092,2459382.030143,1.8713322795147393,0.040379328198193384,15.71968834975464,0.02345418534641665,18.13724288845982,1.51,bC243450,bC,G,g
386548250092,2459383.9194328,1.914525523359234,0.03671283947297578,15.694912721062405,0.02084342037221571,18.240595673080925,1.62,bs351854,bs,G,g
386548250092,2459385.5548734,2.894674019272893,0.05789896070245712,15.246066464301627,0.021741188305984645,17.745963691123546,1.48,bo310641,bo,G,g
386548250092,2459387.7276616,1.8974480677508456,0.09567805749539547,15.704640876539171,0.054809346484632,17.200609737776436,1.47,bG248967,bG,G,g
386548250092,2459391.9466989,3.590827962414015,0.05872029218673497,15.012079126150459,0.017774843356151804,17.73067009163592,1.46,bC246791,bC,G,g
386548250092,2459396.9198342,1.80769312167467,0.041104275946266595,15.757253858475984,0.024715788468436806,18.117923105214587,1.78,bC248298,bC,G,g
386548250092,2459400.8165077,1.9809130543206517,0.052788663438846,15.657902087218588,0.02896592653251185,17.84628894594927,1.47,bk405222,bk,B,g
386548250092,2459401.6904798,3.288693000152556,0.054665572338727215,15.107507287437409,0.018067694480885087,17.808355862817635,1.48,bG254041,bG,G,g
386548250092,2459402.9698677,3.3957019470240057,0.04114486466800289,15.07274171314297,0.01317037822655626,18.116851515944667,1.45,bC250297,bC,G,g
386548250092,2459403.814779,2.3626116265579986,0.039348422643796496,15.466584780225368,0.018102858773759757,18.165322292628584,1.55,bk406513,bk,G,g
386548250092,2459405.5877185,3.06603113541451,0.0460860213437818,15.183624220325825,0.016338223340925086,17.99371756986949,1.44,bo313300,bo,G,g
386548250092,2459407.768534,2.1551354638514475,0.04323548077574575,15.566379188529698,0.021806094599612136,18.06303987977968,1.50,bk407959,bk,G,g
386548250092,2459410.451943,1.9852782267292954,0.045925568716618306,15.655512173418735,0.025144635023448336,17.99750425376296,1.47,bo314150,bo,G,g
386548250092,2459410.673411,4.262429131695792,0.06847079396184748,14.825922693875754,0.017460648317190144,17.563877201907886,1.50,bG257487,bG,G,g
386548250092,2459412.403787,2.0954325718509157,0.06123891341908144,15.596881396298901,0.03176625066312292,17.685071920757892,1.49,bo314891,bo,G,g
386548250092,2459413.3900739,2.679246442150192,0.06897636072097871,15.330033965600784,0.027983355301697817,17.555889919652078,1.48,bo315289,bo,G,g
386548250092,2459415.9355157,3.0911171442195404,0.050858716288579325,15.174776962645552,0.017883894649715418,17.886727126277794,1.49,bC254577,bC,G,g
386548250092,2459417.6521538,1.648612022639748,0.13478467364999083,15.857269465662933,0.08886571130286602,16.82853933286636,2.41,bG260362,bG,G,g
386548250092,2459418.6649296,4.576033109567836,0.637619604013962,14.748842727022941,0.15145536983169933,15.14123645831943,1.52,bk412583,bk,B,g
386548250092,2459420.4285678,3.598615076158992,0.16869951704117606,15.009727134602732,0.05095544713214178,16.584856013248157,1.57,bo316550,bo,G,g
386548250092,2459424.6724778,2.2399815002977363,0.08080886977118942,15.524454543357301,0.03921270242655458,17.383993030011034,1.68,bk415116,bk,G,g
386548250092,2459425.6615986,2.981223541786877,0.043480143811209016,15.214079267134712,0.015852895705171358,18.05691318181229,1.52,bk415531,bk,G,g
386548250092,2459425.950535,2.122101268164967,0.04491951635715876,15.583150360037354,0.023008120295786787,18.02155293239227,1.50,bC257311,bC,G,g
386548250092,2459426.749352,2.4099793147156294,0.0439823965326581,15.445032334873495,0.019837080119723068,18.04444338718444,1.41,bG264106,bG,G,g
386548250092,2459429.0865624,2.055105394990756,0.03918184921021545,15.61798037391846,0.020723495075557645,18.16992828913302,1.63,bC258529,bC,B,g
386548250092,2459430.6151679,2.1128553098233005,0.05227646422122346,15.58789122926915,0.026893580196683337,17.856875096704425,1.45,bG265628,bG,G,g
386548250092,2459431.0512072,1.9919571240708194,0.03483797887401864,15.651865656766656,0.01901013223815671,18.29750823278181,1.49,bC259223,bC,G,g
386548250092,2459431.4940468,2.8111802876626606,0.04114957750437657,15.277843875191522,0.015910684146259645,18.11672716010851,1.45,bo318804,bo,G,g
386548250092,2459432.0745555,3.312173376065259,0.04353423289706709,15.099782967536278,0.014286636897791711,18.05556337069868,1.57,bC259615,bC,G,g
386548250092,2459432.9446385,2.0275824070264856,0.03963400941315265,15.632619336603744,0.021247198074417703,18.157470590969385,1.61,bs361065,bs,G,g
386548250092,2459434.8067141,2.357806992506808,0.03433934041136431,15.468794993921406,0.015830545134090202,18.313160738955936,1.45,bC260511,bC,G,g
386548250092,2459436.5990867,3.4778224021202413,0.047863901510362995,15.04679712071792,0.014959354989159604,17.95262037097627,1.48,bk419819,bk,G,g
386548250092,2459438.5846633,2.8380241790840834,0.06876007743408759,15.267525394304117,0.026334946387380577,17.559299718703294,1.42,bG268586,bG,B,g
386548250092,2459438.8895164,1.997199762406427,0.03962612595482612,15.649011857987357,0.021566133167348844,18.15768657233536,1.39,bC262082,bC,G,g
386548250092,2459441.8029339,2.945645098508505,0.04835526935945663,15.22711457138244,0.017843315685697147,17.941531094347983,1.75,bC262968,bC,G,g
386548250092,2459443.7393092,3.1545814270507924,0.05449121615476032,15.152711267200145,0.018775734323740984,17.811824359556404,1.47,bk422255,bk,G,g
386548250092,2459444.7814937,1.6917683970105564,0.08285878923881528,15.829213352571053,0.05323654319686192,17.356794154072194,1.40,bG270642,bG,G,g
386548250092,2459446.9229933,3.6941375843327426,0.07498697090221684,14.981282956646885,0.022064033947547027,17.465176084857145,1.43,bC264875,bC,G,g
386548250092,2459447.7958908,2.7773650941404373,0.12539055159320647,15.290983189787582,0.049073158622987646,16.906978579326818,1.51,bk423211,bk,G,g
386548250092,2459451.4830806,2.9903267208649167,0.162653322137489,15.21076901826304,0.059123000856823725,16.624483266386967,1.52,bo322644,bo,G,g
386548250092,2459453.7503044,1.9720943527051085,0.0716107725478442,15.662746398661087,0.03946961064052902,17.515194713976584,1.48,bk424804,bk,G,g
386548250092,2459454.8871862,2.2376411658355044,0.04346616556677939,15.525589514424647,0.02111412359548844,18.057262286594206,1.46,bC267229,bC,G,g
386548250092,2459460.4183218,4.574584935800466,0.07929895318368954,14.749186383526872,0.01884204043421371,17.404471975731653,1.50,bo324431,bo,G,g
386548250092,2459461.9486478,2.346411047135104,0.026390993192896037,15.474055385585604,0.012225420691406948,18.599001274763065,1.51,bC269557,bC,G,g
386548250092,2459464.8708282,1.6918810614448798,0.0417563267724368,15.829141049658544,0.026826538072605002,18.100834892480712,1.45,bs366741,bs,G,g
386548250092,2459465.7812318,2.743754545760012,0.045031797443288626,15.304202479504116,0.017839644582004592,18.01884240603117,1.56,bk429342,bk,G,g
386548250092,2459467.7591991,2.381553282075552,0.02484331673874818,15.45791486640503,0.01133865253154415,18.66461667040446,1.49,bC271118,bC,G,g
386548250092,2459468.825776,4.69516144002112,0.07092019646369958,14.720939297813684,0.016418428003807238,17.525715786400635,1.47,bs367963,bs,G,g
386548250092,2459472.5052816,2.0932133691348365,0.07948275663462419,15.598031872607445,0.0412735280424457,17.401958309005103,1.44,bG278744,bG,G,g
386548250092,2459473.344313,4.37297733672184,0.09614819891091234,14.798122555813611,0.023898800248077983,17.19528772828931,1.51,bo326879,bo,G,g
386548250092,2459474.8733369,2.5041052463844555,0.06862474613113555,15.403434176987114,0.02978793142485905,17.561438734337827,1.47,bs369896,bs,G,g
386548250092,2459475.5157496,2.675239339434241,0.13156532509766106,15.33165901700051,0.0534553249280023,16.85478700342661,1.50,bo327241,bo,G,g
386548250092,2459478.6101584,3.937669560841633,0.1520500196811083,14.911967451159615,0.041971973008222356,16.69767440970586,1.57,bk433852,bk,G,g
386548250092,2459480.8389412,1.7756077336695633,0.08951499710800939,15.776698052458407,0.05479752540778093,17.272901106514876,1.55,bs371513,bs,G,g
386548250092,2459482.677542,2.4330448520590995,0.06313725112800263,15.434690334724785,0.028206404341532765,17.651926437346106,1.49,bk435420,bk,G,g
386548250092,2459483.2313149,2.7826833147194345,0.07330976488904083,15.288906162408018,0.02863585900407768,17.4897360447243,1.74,bo329546,bo,G,g
386548250092,2459485.9003164,2.1992158664624184,0.03972576343132917,15.544395972013206,0.01963435163470661,18.154959981367448,1.60,bC276879,bC,G,g
386548250092,2459486.7486198,2.087997510074283,0.048173571144906495,15.60074068119044,0.025077892611834216,17.94561850618964,1.44,bk436988,bk,G,g
386548250092,2459486.8147289,1.8628575810660166,0.05298050442557684,15.724616488425182,0.030913530586409763,17.842350389232543,1.52,bs372925,bs,G,g
386548250092,2459489.6181985,3.518604129043731,0.04414285946911838,15.034139602283574,0.013636478338701971,18.0404894556991,1.49,bk437704,bk,G,g
386548250092,2459490.7983566,4.325910760455967,0.09159252433215252,14.809871732028764,0.02301413440504942,17.247990540094186,1.45,bs373775,bs,B,g
386548250092,2459492.4046649,2.2080756747955435,0.048428031668819024,15.540030738834364,0.023839384427930033,17.939898567090463,1.52,bo331280,bo,G,g
386548250092,2459493.7475989,2.0274184623777662,0.0380165286067686,15.632707129749303,0.02038173888115152,18.20270946713563,1.48,bs374520,bs,G,g
386548250092,2459494.8079226,2.9063361555889333,0.039280920339113776,15.24170101059629,0.014690885794614155,18.167186474912786,1.50,bs374926,bs,G,g
386548250092,2459495.7961673,1.85001089084779,0.04027313732161149,15.732129909624458,0.023662103547163815,18.14010195408666,1.43,bs375237,bs,G,g
386548250092,2459496.4691976,1.8272130421713482,0.054501583154796744,15.74559265613761,0.03242142535542306,17.81161781697048,1.44,bo332595,bo,G,g
386548250092,2459497.7869785,1.9457561226292195,0.0356122062224738,15.677344608034236,0.019894024413877203,18.27364341240354,1.45,bs376045,bs,G,g
386548250092,2459499.7719771,2.0232592816124355,0.03289674090704788,15.63493676884253,0.017673131366722977,18.359758425548648,1.47,bs376825,bs,G,g
386548250092,2459500.6959919,2.4453727194656656,0.06541805712198497,15.4292029649924,0.02907801467736252,17.613396507220877,1.45,bG287784,bG,G,g
386548250092,2459501.6864859,2.0545077379016887,0.07377032238733128,15.618296169066676,0.03902887857292893,17.482936407956426,1.41,bk441751,bk,G,g
386548250092,2459502.6779777,2.3608096519259103,0.03799388925590566,15.467413192123303,0.01749302646202371,18.20335623015318,1.45,bs377665,bs,G,g
386548250092,2459506.4085864,3.901564034186647,0.15070395956861038,14.92196877442651,0.041985380803614115,16.707328953843934,1.47,bo334521,bo,G,g
386548250092,2459509.7440153,2.3977353893619977,0.07621217458468217,15.450562489054107,0.03454898341504807,17.447579727298965,1.59,bs380453,bs,B,g
386548250092,2459510.6609227,1.9299153643553233,0.09520555340033518,15.686219963233548,0.05362115825677448,17.205984906952143,1.46,bk444867,bk,G,g
386548250092,2459513.847575,2.1381354354614093,0.03774510808156173,15.574977594362927,0.01918835014497021,18.21048892820809,1.46,bC286172,bC,G,g
386548250092,2459515.7545519,1.9891011473666267,0.03638517278084189,15.653423452522567,0.01988290082739145,18.250329507493365,1.45,bC286945,bC,G,g
386548250092,2459516.6644558,4.61978170509252,0.11655806306381543,14.738511985617873,0.02742414141967726,16.986284806912224,1.50,bG292999,bG,B,g
386548250092,2459516.6748491,4.538736759519232,0.060916440264760806,14.757728134803529,0.014588535430710379,17.69080431940385,1.48,bs382697,bs,G,g
386548250092,2459517.6373961,2.2997478371066284,0.04197556610972927,15.495865074582655,0.019839399172591463,18.09514920637506,1.47,bk447193,bk,G,g
386548250092,2459521.7523123,1.7285730026128996,0.04010119802771597,15.805846307853091,0.02521632506112875,18.144747242918275,1.44,bC289481,bC,G,g
386548250092,2459522.5320619,3.635693580070602,0.04901003488046107,14.998597438996127,0.014652438625739448,17.92692808244145,1.43,bG294553,bG,G,g
386548250092,2459523.6408612,1.9868009947524916,0.07488803980466213,15.654679700367197,0.04097040593442909,17.46660945376215,1.51,bk448895,bk,B,g
386548250092,2459524.644425,2.4140235471056046,0.024588380147607353,15.443211867232517,0.01107135023288718,18.675815814211877,1.45,bs385456,bs,G,g
386548250092,2459525.712078,4.337126878683653,0.06186873840503837,14.807060304225184,0.015505340420554877,17.673962460931396,1.52,bs385929,bs,G,g
386548250092,2459527.3018481,2.2765599044560956,0.044384199514373106,15.506867915682216,0.02119148941782173,18.034569632383068,1.43,bo338056,bo,G,g
386548250092,2459533.5402631,3.7564679281399584,0.10027799651932215,14.963116409069464,0.029016039638486164,17.14962649022152,1.48,bk452176,bk,G,g
386548250092,2459535.6227094,2.6493187441243413,0.10924649082388768,15.342230091878243,0.044821403970924246,17.05662187240007,1.48,bs389876,bs,G,g
386548250092,2459537.7300411,2.0318623239651217,0.07619381506750107,15.63032992866579,0.04076032279696287,17.447841312721522,1.41,bC294931,bC,G,g
386548250092,2459538.5306229,1.6107266277585015,0.1018695437215094,15.88251102655748,0.06874398361984843,17.13252970909908,1.46,bG299569,bG,G,g
386548250092,2459539.6772957,1.3568667887358277,0.1720117733477713,16.068722590746628,0.13779489660180247,16.563745178403202,1.42,bs391398,bs,B,g
386548250092,2459541.7669831,1.7953997165381201,0.044467767521142586,15.764662741582207,0.026921319786929562,18.03252729521732,1.49,bC296674,bC,G,g
386548250092,2459542.6599631,2.867619217772862,0.062127531301312225,15.256261916751646,0.02354912566807264,17.669430369350433,1.59,bs392308,bs,G,g
386548250092,2459543.741641,1.7117753115250713,0.04254814917469688,15.816448726348774,0.02701755769112155,18.0804389283988,1.47,bC297530,bC,G,g
386548250092,2459545.7609587,4.499267380031055,0.06269411740048979,14.767211114906441,0.015145972450001563,17.659573629395716,1.40,bC298435,bC,G,g
386548250092,2459546.5614414,2.916959453147438,0.03691926928002703,15.237739641521706,0.013757352875943507,18.234507869641504,1.44,bk456300,bk,G,g
386548250092,2459548.6413043,2.174389468548934,0.0328702126321001,15.556722282459729,0.01643150526076469,18.36063432776314,1.45,bs393550,bs,G,g
386548250092,2459550.6270849,1.9144205863286197,0.03872553822486329,15.694972232964698,0.021987319104260654,18.182646955211474,1.42,bs394402,bs,G,g
386548250092,2459552.6347737,1.8096865792868178,0.040826758823182284,15.756057208137795,0.02452187703232962,18.12527835322666,1.48,bs395267,bs,G,g
386548250092,2459553.5362884,4.524696830026044,0.069769321613361,14.7610919089859,0.016760508381844688,17.543479360859962,2.25,bk458430,bk,G,g
386548250092,2459555.6395632,2.5311784864963185,0.03063360088606635,15.39175869580761,0.01315489699564964,18.43714548695494,1.52,bs396197,bs,G,g
386548250092,2459556.5332793,2.026411171198175,0.07801655616591108,15.633246694863667,0.0418476791548792,17.42217367239199,1.56,bG304991,bG,G,g
386548250092,2459560.5285237,1.8335830187608129,0.10045301893483655,15.741814176773177,0.05954901574808285,17.147733128392066,1.77,bG306188,bG,G,g
386548250092,2459563.6041508,1.8660815144383194,0.0796849656984956,15.722739095436701,0.04641495694608447,17.399199636373876,1.48,bs397845,bs,G,g
386548250092,2459569.696616,4.4901885198645815,0.07316433015181995,14.769404184351774,0.01771115966854639,17.491892109405583,1.41,bC299616,bC,G,g
386548250092,2459572.5902022,2.0446597410620484,0.04016780973053609,15.623513007529164,0.021353510255894333,18.142945233499344,1.50,bs400784,bs,G,g
386548250092,2459574.5834487,2.0701578103525407,0.05944660994284775,15.610056988648466,0.031213021562668565,17.71732287848323,1.46,bs401521,bs,B,g
386548250092,2459578.5685186,1.9386979396234738,0.04295809595067022,15.681290250402569,0.02408502201438609,18.070028052178685,1.47,bs402924,bs,G,g
386548250092,2459581.565159,2.421720671345004,0.034354587742772544,15.439755500171149,0.015419591384140265,18.312678758074874,1.82,bs403686,bs,G,g
386548250092,2459587.5440581,1.9918801512931832,0.12248455721869068,15.651907612361576,0.06683905565038659,16.93243727004753,2.33,bs405487,bs,B,g
386548250092,2459588.5445964,2.9328308875039806,0.13610404178032096,15.231848068599414,0.0504424501523442,16.817963055655984,2.04,bs405918,bs,B,g
386548250092,2459678.9168895,3.6078939473667804,0.15857006170451027,15.006931214430033,0.04777267991707176,16.65208762346891,1.62,bG339190,bG,G,g
386548250092,2459680.9189901,4.2357760858473865,0.17135668022720235,14.832733137019368,0.04397240490092211,16.5678880119923,1.47,bG339964,bG,G,g
386548250092,2459681.9147353,2.169348047874208,0.07875227726300098,15.55924253391922,0.03945899850266479,17.41198280882918,1.59,bk499705,bk,G,g
386548250092,2459682.9098166,3.4611150396322987,0.07437264334396898,15.052025536032463,0.02335658560782587,17.474107567925895,1.47,bG340747,bG,G,g
386548250092,2459684.9078906,3.1650917431488903,0.05166874593689333,15.149099864861784,0.01774409240672253,17.869570809392265,1.50,bk501143,bk,G,g
386548250092,2459690.6667074,6.100818103537446,0.6039312053318909,14.436595430645223,0.10759982533107228,15.200171935611017,1.59,bo366973,bo,G,g
386548250092,2459693.9616258,2.8794335082136344,0.06414418621072455,15.251797986613616,0.02421377029006337,17.634747362276716,1.48,bs436909,bs,G,g
386548250092,2459698.6173733,2.0972307812450723,0.07862636487873097,15.595950064113005,0.04075061307026958,17.413720117799922,1.45,bo368843,bo,G,g
386548250092,2459704.6274003,1.952822859908465,0.05900315184544053,15.673408496465777,0.03284161713703615,17.7254525826537,1.41,bo371010,bo,G,g
386548250092,2459704.6301705,1.9872242774193056,0.08221705267545477,15.654448411793789,0.04497044577163186,17.365235851206112,1.45,bo371012,bo,G,g
386548250092,2459706.878736,3.1490880494724593,0.04062530947621113,15.154603612747534,0.014022454878718173,18.13064890550262,1.45,bk509287,bk,G,g
386548250092,2459706.8799765,3.081334281920231,0.040991584823529936,15.178218582820422,0.01445999245255276,18.12090383792414,1.46,bk509288,bk,G,g
386548250092,2459708.8569228,2.6649278582677307,0.04298570431094391,15.335851980226888,0.017532779169752773,18.069330494071107,1.47,bk509768,bk,B,g
386548250092,2459708.8581632,2.7546907928452464,0.07050323573040729,15.299883478648002,0.027819438784170883,17.53211798819726,1.44,bk509769,bk,B,g
386548250092,2459708.859415,2.8445067924360288,0.06618649832588676,15.265048184375573,0.02529150086675934,17.60071709934612,1.48,bk509770,bk,B,g
386548250092,2459709.9188026,2.4663211483703167,0.03450421228451709,15.41994155488916,0.015206688956508911,18.307960318668254,1.55,bk510206,bk,G,g
386548250092,2459709.9200581,2.399424643149527,0.05614099503287798,15.449797834942288,0.02543227221664741,17.77944034713278,1.50,bk510207,bk,G,g
386548250092,2459709.9212869,2.523774892215884,0.04649477027283257,15.394939083637576,0.02002468363192473,17.984130345850655,1.50,bk510208,bk,G,g
386548250092,2459712.5949512,4.350388584796697,0.07124495152784349,14.803745495587739,0.01780074657579046,17.52075537311905,1.43,bo372567,bo,G,g
386548250092,2459713.8400044,5.037606735657636,0.10651393119104022,14.644504969835593,0.022982344243880345,17.08412457689459,1.56,bk511770,bk,G,g
386548250092,2459713.8412573,5.487171224916343,0.25775789230533264,14.551694341312672,0.051059391184805826,16.124610681818282,1.41,bk511771,bk,G,g
386548250092,2459713.8425094,5.002722839219005,0.2945219772729893,14.652049515349582,0.06399166899327104,15.97984634281717,1.41,bk511772,bk,G,g
386548250092,2459713.8852628,4.6154524350368575,0.10736294947414363,14.739529923119532,0.025284381058330033,17.075504526633296,1.42,bk511805,bk,G,g
386548250092,2459713.8865147,4.54612596244994,0.11805846859418738,14.755961960198402,0.028227203435390803,16.972397747860608,1.41,bk511806,bk,G,g
386548250092,2459713.8877668,4.489488427885546,0.09877213746207235,14.769573481134781,0.0239138647320399,17.166054481072027,1.45,bk511807,bk,G,g
386548250092,2459714.8448203,2.172272057981416,0.19008630884079214,15.557780082558176,0.0951149522587033,16.45526351771391,1.38,bG352339,bG,G,g
386548250092,2459715.5940197,2.074676413474063,0.32164543365619613,15.607689698338355,0.16851524388556602,15.88419713599826,1.67,bo373708,bo,G,g
386548250092,2459715.5961988,1.7222764802181887,0.22881710991706122,15.809808445262297,0.1444101761630865,16.253919371621144,1.44,bo373709,bo,G,g
386548250092,2459716.9163641,1.7763036317848497,0.09440736128836269,15.776272612907405,0.057769795217644034,17.215125963560553,1.41,bG353141,bG,G,g
386548250092,2459716.9176623,1.6525030241187086,0.11789036241139995,15.854709964963883,0.0775440022819926,16.97394485448539,1.47,bG353142,bG,G,g
386548250092,2459717.9199115,2.6154584179305,0.07859557357212334,15.356196072898047,0.032663479062933896,17.414145392251218,1.45,bG353518,bG,G,g
386548250092,2459724.0749087,1.7855667867795117,0.04897657394533506,15.770625374664585,0.029814290261490184,17.927669607238744,1.42,bC346089,bC,G,g
386548250092,2459726.5711937,1.887205818433975,0.04727831357649342,15.710517455155845,0.02723045402723523,17.9659856694181,1.43,bo376279,bo,G,g
386548250092,2459729.9430827,1.8242387297919138,0.045041636027004145,15.747361442664454,0.02683766067993572,18.018605219411885,1.52,bs446278,bs,G,g
386548250092,2459732.9216586,2.0410096761574144,0.04145471628275098,15.625452963147847,0.0220770507591196,18.108705743523505,1.61,bs447103,bs,G,g
386548250092,2459736.9836794,1.7594253488603298,0.0413436667279353,15.786638510375528,0.02554173054949306,18.111618133599173,1.50,bC350110,bC,G,g
386548250092,2459739.976164,2.2344767203482974,0.06133820886694196,15.527126036356446,0.02983784326440737,17.68331288637561,1.62,bC351150,bC,G,g
386548250092,2459740.7825701,1.9150559444923452,0.06896127847430479,15.69461195846654,0.03914136900318294,17.556127350732147,1.48,bG359293,bG,G,g
386548250092,2459742.940615,4.413354134156655,0.0644258452541113,14.788143679066803,0.015867317812893775,17.629990298651098,1.50,bs449634,bs,G,g
386548250092,2459746.8324339,3.928570274971845,0.08135623831727015,14.914479306561674,0.022509637764785432,17.37666346187117,1.52,bs450162,bs,G,g
386548250092,2459751.9457213,2.7371535335334025,0.03045050484734306,15.306817725490369,0.01209226096694025,18.443654368149854,1.71,bC353780,bC,G,g
386548250092,2459754.1177919,2.5856126692406036,0.05147983974863784,15.36865695453536,0.02164142689218089,17.873547645639412,1.78,bC354123,bC,G,g
386548250092,2459755.8207854,2.4231515274091113,0.03463704774370123,15.439114190260778,0.015537189694059624,18.30378844084302,1.51,bs452012,bs,G,g
386548250092,2459758.4710846,4.520776190592295,0.07294170064082671,14.762033104749987,0.017537797465683066,17.4952008996875,1.50,bo382632,bo,G,g
386548250092,2459761.0064773,3.736515053819618,0.049259720275693454,14.96889878153599,0.014329709218748165,17.9214107580858,1.55,bC355912,bC,G,g
386548250092,2459761.5467054,1.7957746685760543,0.05420786108571575,15.764436019646453,0.03281123693729847,17.817484932984154,1.55,bo383887,bo,G,g
386548250092,2459762.712554,2.162334694050791,0.039391942863175884,15.562758331021778,0.019801434679333912,18.164122108140578,1.56,bk527231,bk,G,g
386548250092,2459763.7500799,3.2258285163324225,0.04000175996875012,15.128462430389213,0.013478761706933701,18.14744286262842,1.50,bk527692,bk,G,g
386548250092,2459764.7046652,2.095355290403383,0.04841043905417778,15.596921439970073,0.025112706513873928,17.94029305780722,1.53,bG367512,bG,G,g
386548250092,2459764.7150669,2.2702340528521785,0.038092233959863796,15.509889038085511,0.018238032364226327,18.20054950375989,1.54,bk528088,bk,G,g
386548250092,2459766.4452309,2.3720850199993473,0.044817516657188944,15.46223999502168,0.020536655140083064,18.024021140023056,1.44,bo384614,bo,G,g
386548250092,2459766.4464827,2.2600378960287326,0.06907179843296656,15.514776318774148,0.03321981543180688,17.55438870157937,1.40,bo384615,bo,G,g
386548250092,2459767.9127288,2.001677197488251,0.04240081388590891,15.646580517662043,0.02302461217931034,18.084205128995336,1.44,bk529515,bk,G,g
386548250092,2459771.015477,2.217450362189104,0.037854373626624686,15.535430855046098,0.01855557129548973,18.207350450585395,1.52,bC358656,bC,G,g
386548250092,2459773.7134847,1.6313784664036963,0.13773979215881596,15.868678808578736,0.09177341032339503,16.80499205312929,1.53,bG370109,bG,G,g
386548250092,2459773.7160812,2.222130957022788,0.17596866644174344,15.533141498105332,0.08607516537497624,16.539052254448276,1.59,bG370111,bG,G,g
386548250092,2459779.9420332,2.7260204220132644,0.043642115123999396,15.311242859699894,0.01740158704368292,18.052876134949926,1.47,bC360489,bC,G,g
386548250092,2459782.8512758,1.8256333949180208,0.05576145549979195,15.746531693871681,0.033199588639145614,17.786805358182953,1.51,bG370711,bG,G,g
386548250092,2459784.9233165,3.787988539036612,0.04888538477204435,14.954043981459876,0.014027573538861438,17.929693016883853,1.43,bC361712,bC,G,g
386548250092,2459787.5205466,4.191232317347758,0.0636822568852801,14.844211286860778,0.016515391941891847,17.64259449568226,1.64,bo389653,bo,G,g
386548250092,2459788.8878171,4.048179495335545,0.05357110066701084,14.881916220345229,0.014384109527219566,17.830314187842564,1.47,bs459467,bs,G,g
386548250092,2459789.7692681,2.428629223293574,0.03747769154759591,15.436662581017515,0.016773503693635904,18.218208530170198,1.44,bk534255,bk,B,g
386548250092,2459793.8286016,2.083013633678481,0.03940507788852519,15.603335341061504,0.020562326481239936,18.16376013575715,1.82,bC364393,bC,G,g
386548250092,2459793.8298663,2.175627875457201,0.057715033142396205,15.556104085727846,0.028834771048948032,17.749418237979686,2.01,bC364394,bC,G,g
386548250092,2459795.5964952,2.3352493953469713,0.05487787532791585,15.479232451526686,0.025543252299184204,17.80414738964553,1.44,bk536367,bk,G,g
386548250092,2459797.0896238,1.8654351850969182,0.041281966637546706,15.723115212297314,0.024054281395237697,18.113239665118993,1.40,bC365012,bC,G,g
386548250092,2459797.3865409,2.925437194508145,0.07187930076040225,15.234588675318811,0.02670700806232951,17.511131002306435,1.44,bo391519,bo,G,g
386548250092,2459797.6204035,2.44108901065371,0.05597605550990185,15.431106583273317,0.024924752162734876,17.782634882486956,1.52,bk537205,bk,G,g
386548250092,2459798.3494219,1.7077796827880745,0.12297755609753594,15.818986016003173,0.07827195625698533,16.928075966022465,1.57,bo391891,bo,G,g
386548250092,2459799.6148268,2.424676374367397,0.09834842602536716,15.438431170303193,0.04408854897138254,17.170722076857878,1.62,bk537485,bk,G,g
386548250092,2459799.6160672,2.4215522372422464,0.14459429149309366,15.43983101728819,0.06490370338806131,16.752262742496576,1.77,bk537486,bk,G,g
386548250092,2459801.0124975,1.895903123223654,0.065833674776725,15.70552526726168,0.0377436701654574,17.606520367198573,1.47,bC365775,bC,G,g
386548250092,2459801.5990421,2.72817504942091,0.12895619241012796,15.310385040386967,0.05137858525192054,16.87653510751055,1.65,bG377311,bG,B,g
386548250092,2459802.956031,1.5958608079296097,0.08223350274405547,15.8925780992697,0.05601004903997012,17.365018637769957,1.51,bC366470,bC,G,g
386548250092,2459806.7506064,1.5074075874744817,0.11009978955731552,15.95448887992024,0.07939039533556536,17.048174389266755,1.44,bG379382,bG,G,g
386548250092,2459807.3283561,2.1153248283551593,0.07208650247069441,15.586622955025566,0.03704154224427681,17.508005724652488,1.49,bo393440,bo,G,g
386548250092,2459807.5737858,3.2591052509911407,0.05226048364207052,15.117319657306414,0.017429591605461196,17.85720705002522,1.47,bG379615,bG,G,g
386548250092,2459808.3661044,3.0191200971266525,0.047333884899089636,15.200364649527401,0.01704134755662106,17.964710235493097,1.44,bo393690,bo,G,g
386548250092,2459809.7388944,2.4158781993542497,0.03906809192124226,15.442378035283848,0.017577590342530033,18.173085109251172,1.45,bG380325,bG,G,g
386548250092,2459810.6106162,2.0390833988026786,0.0528609149451588,15.626478150162658,0.028178109967682573,17.844803921783882,1.50,bG380625,bG,G,g
386548250092,2459810.9312758,3.1339991100605946,0.046616970631487877,15.159818450259534,0.01616803913216094,17.98128049193292,1.42,bC369180,bC,G,g
386548250092,2459811.5586968,3.2531465129277324,0.05419114454785387,15.119306564351833,0.01810659856625591,17.817819802301685,1.42,bG380983,bG,G,g
386548250092,2459812.3015997,2.6585173871066146,0.045368604920442396,15.338466859754192,0.018549324235998775,18.01075204903143,1.57,bo394012,bo,G,g
386548250092,2459813.3044411,1.7453468271901094,0.0643924651561959,15.795361270164456,0.04010194928710469,17.6305529823491,1.45,bo394360,bo,G,g
386548250092,2459813.9990708,2.3480906635360617,0.029062160119486872,15.473278468022535,0.013453187718966447,18.494320883413625,1.66,bC370378,bC,G,g
386548250092,2459814.3855704,2.111957227925902,0.056406444649005266,15.588352826103007,0.02903058455381969,17.774318794941113,1.50,bo394814,bo,G,g
386548250092,2459814.6490109,2.7063398266000966,0.027197083510261233,15.319109800579664,0.010923257679321162,18.56633477445509,1.44,bG382247,bG,G,g
386548250092,2459815.5169431,2.762804034140024,0.04216794483177132,15.296690418595617,0.01658992895509385,18.09018452389027,1.50,bo395295,bo,G,g
386548250092,2459817.806092,2.235020957674473,0.11916690767701685,15.526861622673076,0.057954377130222876,16.962251437037906,1.47,bk543645,bk,B,g
386548250092,2459818.0364308,3.195190606713848,0.04455247625003502,15.138823695330288,0.01515609257170686,18.030460993044223,1.38,bC371200,bC,G,g
386548250092,2459818.6274596,4.012785500172695,0.05486506693568644,14.891450758445458,0.01486148270791743,17.804400827997817,1.47,bk543925,bk,G,g
386548250092,2459818.6287115,4.125670698295801,0.06007333697238759,14.861329220739318,0.01582702793796449,17.7059362190866,1.42,bk543926,bk,G,g
386548250092,2459818.820396,2.3875655173072756,0.04723661967750724,15.455177377491342,0.021504813774192874,17.966943583200077,1.45,bG383829,bG,G,g
386548250092,2459819.3386959,3.26562194011913,0.056515192307408535,15.11515085929637,0.018810982404668036,17.772227587098314,1.50,bo395943,bo,G,g
386548250092,2459819.8056744,1.9962546613979812,0.049921811763180404,15.649525764140918,0.027182322938207593,17.90691476548575,1.49,bG384204,bG,G,g
386548250092,2459820.4057639,2.457196239526951,0.03958648238699055,15.423966017263961,0.01751133446774862,18.158773330147774,1.47,bo396378,bo,G,g
386548250092,2459821.0228439,1.7265979814080157,0.043280210592347525,15.807087550194368,0.027246474090761804,18.061917198220396,1.43,bC372113,bC,G,g
386548250092,2459821.8694718,3.7545754460538685,0.05140280696312765,14.963663533152987,0.0148812074939105,17.875173523325966,1.43,bC372364,bC,G,g
386548250092,2459822.5989102,2.9666333867232852,0.03461371426253939,15.219405922281046,0.012682255457536692,18.304520100842286,1.57,bk545533,bk,G,g
386548250092,2459823.0084537,1.7603432564438588,0.042904334626232825,15.786072220013628,0.026492075430260872,18.071387683477106,1.53,bC372820,bC,G,g
386548250092,2459823.781109,4.160135799463836,0.06243301229601708,14.852296853410575,0.01631244102553605,17.664104887762136,1.46,bC372997,bC,G,g
386548250092,2459823.7823736,4.06260715829441,0.07661183565271677,14.878053548765868,0.020497609333236008,17.441900940572282,1.46,bC372998,bC,G,g
386548250092,2459824.9998905,2.933618368965246,0.032814326870428644,15.231556581500207,0.01215827763270818,18.362481861745355,1.43,bC373522,bC,G,g
386548250092,2459825.7453378,3.913228166268856,0.0593906305681377,14.918727695309322,0.016496618771858602,17.718345770601506,1.47,bG386499,bG,G,g
386548250092,2459826.2730344,3.374256833096177,0.0579476509376992,15.079620282198274,0.01866679989750486,17.745051023008614,1.99,bo397279,bo,G,g
386548250092,2459827.52089,1.6240213921667863,0.08369429487233636,15.87358625823547,0.05601654022701511,17.34590097452083,1.45,bG387102,bG,G,g
386548250092,2459827.943433,2.1265126260205984,0.042058329254882315,15.580895708154896,0.021497909167177063,18.093010570012282,1.71,bC374223,bC,G,g
386548250092,2459828.5425889,2.4766970753422606,0.06737918339181256,15.415383394021532,0.029570932814650577,17.58132625342912,1.45,bG387512,bG,G,g
386548250092,2459829.2590005,1.5204196082434156,0.169841602521022,15.945156967558809,0.12142071604570776,16.577530414159174,1.54,bo397697,bo,G,g
386548250092,2459829.8787308,2.2493251808861507,0.06154169031978742,15.519935009420456,0.02973920454915702,17.679717060146086,2.16,bC374633,bC,G,g
386548250092,2459830.8562172,4.428077288769944,0.10135700110766702,14.784527640888507,0.02488002042270196,17.13800623041343,1.50,bC374956,bC,G,g
386548250092,2459833.854686,2.0655984850869977,0.11958942110876672,15.612450856256624,0.06293018809979735,16.95840870238833,1.50,bC375603,bC,G,g
386548250092,2459835.5276383,3.2132747766179026,0.22538995109430962,15.13269595992346,0.0762428034661524,16.270304238129437,1.49,bo399778,bo,G,g
386548250092,2459836.7118,4.457558244776131,0.09580586194948779,14.777323055776698,0.023361849862281396,17.19916040517509,1.49,bG390488,bG,G,g
386548250092,2459837.333087,3.644817537841419,0.07230142264333961,14.995876142013543,0.021561711130192247,17.50477350444121,1.49,bo400341,bo,G,g
386548250092,2459838.3460133,1.6950135992806032,0.06813034446300098,15.827132654918504,0.04368975108743826,17.569289149661635,1.50,bo400734,bo,G,g
386548250092,2459838.9667906,2.1145907274321365,0.04599733756089817,15.586999813592865,0.023643868951023328,17.995808875503137,1.47,bC377169,bC,G,g
386548250092,2459839.8121554,1.7312995159927351,0.04190169112630019,15.804135103243034,0.026307011594995305,18.09706173350143,1.40,bC377447,bC,G,g
386548250092,2459840.608439,3.9020524010343496,0.062391629723654966,14.921832879082897,0.017379825245832918,17.66482478662151,1.45,bG391913,bG,G,g
386548250092,2459840.9617833,1.9088033590541649,0.05076940060272378,15.698162645819293,0.028910327943503594,17.888635521350317,1.38,bC377960,bC,G,g
386548250092,2459841.563401,2.2264085448916746,0.03638150045128863,15.531053471935081,0.01776183857940922,18.25043909560501,1.58,bk551715,bk,G,g
386548250092,2459842.2925442,2.069090714795799,0.04084333886888786,15.610616792824764,0.02145625285333145,18.124837517311065,1.43,bo401429,bo,G,g
386548250092,2459842.9379738,1.9362310973547074,0.03950298684556682,15.68267264491813,0.022176086955026274,18.161065776078136,1.49,bC378658,bC,G,g
386548250092,2459843.4094029,2.2089536987314564,0.04812398804941836,15.539599090181932,0.023680298365896375,17.946736585757247,1.42,bo401695,bo,G,g
386548250092,2459843.6770013,1.7849206454273223,0.054287172644547875,15.77101834009602,0.03305905867800781,17.815897552562067,1.44,bG393012,bG,G,g
386548250092,2459843.8226625,4.31150760807891,0.05914210507928761,14.813492730300668,0.014910073846293458,17.722898665039978,1.47,bs469810,bs,G,g
386548250092,2459844.6652314,2.47275802849014,0.03823335390343981,15.417111570797687,0.016806332400699696,18.196534619345975,1.57,bG393380,bG,G,g
386548250092,2459844.9576716,1.8906945864500018,0.045454125580592565,15.708512170518452,0.026131485536509232,18.008707342735764,2.20,bC379453,bC,G,g
386548250092,2459845.6151249,1.949172142089337,0.04657818343990988,15.675440132930767,0.025974340166026823,17.982184244086742,1.51,bk553181,bk,G,g
386548250092,2459845.904646,2.6154639270248983,0.03429600009080876,15.356193785950222,0.01425302049976066,18.314531932310935,2.02,bC379822,bC,G,g
386548250092,2459846.6508285,2.3098917940613313,0.042486915858099474,15.491086532230165,0.019992897675672125,18.08200259487528,1.46,bG394100,bG,G,g
386548250092,2459846.9285105,1.6730167081067497,0.04962593104089002,15.841314926776526,0.032241895212937674,17.913368942133754,1.49,bC380243,bC,G,g
386548250092,2459847.6121223,2.1398294427979354,0.039131738077068795,15.574117725128435,0.019877517833496755,18.171317766510544,1.47,bk553922,bk,G,g
386548250092,2459847.9106752,2.298029475279171,0.039982040518738375,15.49667663530387,0.018911306474431257,18.14797822406709,1.40,bC380621,bC,G,g
386548250092,2459848.8025022,1.8731815440391673,0.03929663784218592,15.718615946925226,0.022802774734199265,18.166752125392225,1.48,bC380933,bC,G,g
386548250092,2459849.4003302,2.1337457295971003,0.049375692995363055,15.57720895992695,0.025152590007448048,17.918857601276137,1.41,bo403026,bo,G,g
386548250092,2459849.6879378,3.619308390317351,0.0483526770006415,15.003501648273161,0.014521353789579826,17.94158930296326,1.47,bs471814,bs,G,g
386548250092,2459850.6203572,2.1266887079302745,0.04798177841631512,15.580805809516466,0.02452362058432742,17.94994975944485,1.42,bG395516,bG,G,g
386548250092,2459850.7857363,2.998439052554951,0.03221539942165922,15.20782755822224,0.011678322583200734,18.382481810685192,1.56,bC381720,bC,G,g
386548250092,2459851.3652166,2.1025709678501645,0.04483351648053717,15.593188963752345,0.023177378493362443,18.023633602098382,1.44,bo403641,bo,G,g
386548250092,2459851.6352075,3.4401122971487927,0.0481113093266413,15.058634073094659,0.015201509987143171,17.947022670983856,1.40,bG395766,bG,G,g
386548250092,2459852.7377286,1.7378494108301539,0.05784274735182756,15.800035269789678,0.03617836567286009,17.747018330385302,1.43,bG396207,bG,G,g
386548250092,2459853.7370548,2.511943029920025,0.03748566354107007,15.400041158496656,0.016220625218153175,18.217977604487608,1.48,bk556153,bk,G,g
386548250092,2459854.7377807,2.94072001471527,0.05522662548024967,15.228931428791297,0.020413007848084447,17.79726934323815,1.59,bG396910,bG,G,g
386548250092,2459855.7406181,2.2227540740787313,0.03689010060777434,15.532837084944076,0.0180397534350949,18.235366012319222,1.46,bs473478,bs,G,g
386548250092,2459857.5176542,2.7583714843067884,0.07087746130170358,15.298433736065318,0.02792978365840408,17.526370227591432,1.78,bk557467,bk,G,g
386548250092,2459858.271159,2.9030353040873123,0.13586316248181962,15.242934828881932,0.050869980918177425,16.819886312869702,1.45,bo405519,bo,G,g
386548250092,2459861.2592111,4.970399354115617,0.19909854930282259,14.659087411856841,0.043540056083080855,16.40497037237409,1.62,bo406475,bo,G,g
386548250092,2459863.6622427,1.9767502175313463,0.10169415716635649,15.660186134128606,0.055918611453489045,17.13440060827261,1.43,bG399708,bG,G,g
386548250092,2459864.554398,3.609430845475743,0.05807994483366543,15.00646880876227,0.017490395999228688,17.74257512348129,1.66,bk559722,bk,G,g
386548250092,2459865.6955229,1.7540392167732368,0.08114344406048861,15.789967374567757,0.050283593932509474,17.3795070189469,1.50,bG400418,bG,G,g
386548250092,2459866.6415736,2.57399206105947,0.05214074047327898,15.373547614582543,0.022018217834910644,17.859697625240983,1.42,bG400718,bG,G,g
386548250092,2459867.6703293,3.2151104979321565,0.04656544771273149,15.132075863565888,0.015742730183491194,17.982481154138593,1.49,bk560832,bk,G,g
386548250092,2459868.6726826,2.273709654868138,0.04939539553676646,15.50822810743993,0.023613677853554255,17.918424442886796,1.41,bG401418,bG,G,g
386548250092,2459869.8750605,2.4174402244760227,0.03334915770105186,15.441676261828107,0.014994821419223306,18.344928437880093,1.43,bC386287,bC,G,g
386548250092,2459871.8583521,2.2275687273659566,0.03168805400255215,15.530487841682412,0.01546239024464328,18.40040168764624,1.44,bC387062,bC,G,g
386548250092,2459874.3964024,2.5533029998775385,0.04581716553505723,15.382309733561288,0.019504644332584236,18.00007006596961,1.48,bo408766,bo,G,g
386548250092,2459876.4286304,2.140380228328277,0.059485223942424066,15.57383829592258,0.03020858222084722,17.716617859188496,1.45,bo409126,bo,G,g
386548250092,2459877.6299483,2.462669589619301,0.032532357333326774,15.42155025349536,0.0143589128318565,18.371851776649564,1.47,bk564228,bk,G,g
386548250092,2459878.6798103,3.5971723891408556,0.07469710636643792,15.010162494195068,0.022571202638256974,17.46938116558606,1.64,bG404726,bG,G,g
386548250092,2459879.6349567,2.227603442635697,0.04472354230548688,15.530470921292459,0.021822800707610047,18.026300125655016,1.47,bG405024,bG,G,g
386548250092,2459880.6601397,4.630532496168633,0.07597771243200323,14.735988281427371,0.017834767405933906,17.45092507769241,1.47,bG405372,bG,G,g
386548250092,2459880.8540449,2.4510547969350363,0.04782636469847501,15.426683070650924,0.021209309186023623,17.95347218337858,1.66,bC388492,bC,G,g
386548250092,2459882.7649708,2.65172825173032,0.029749757466013875,15.341243083151227,0.012194572681699435,18.468932037675824,1.48,bC389132,bC,G,g
386548250092,2459884.64868,3.2065548320776607,0.06338420103585482,15.13496894540462,0.021485948096669854,17.64768806050772,1.52,bG406683,bG,G,g
386548250092,2459888.6294309,2.095224049442691,0.34508827221907734,15.596989446348694,0.1790242662420691,15.80781511119294,1.62,bk567814,bk,B,g
386548250092,2459890.7042501,2.164988262733521,0.11042936748657928,15.56142675675263,0.05544229649980261,17.04492914984994,1.55,bs481086,bs,G,g
386548250092,2459890.7067307,1.7437677522959802,0.21870149193369767,15.796344017426305,0.13632492782276262,16.30301124716814,1.62,bs481088,bs,G,g
386548250092,2459891.5252036,1.5045857138875005,0.12529433701883821,15.956523287641971,0.09051627667507534,16.907812005326484,1.64,bk568733,bk,G,g
386548250092,2459892.3192988,3.998340176749123,0.16141506720052642,14.895366270012985,0.04388099867561141,16.632780433298734,1.97,bo412103,bo,G,g
386548250092,2459892.5388938,2.353594658149759,0.12366515187084773,15.47073644806849,0.0571120617020558,16.922022273492697,2.10,bG409123,bG,B,g
386548250092,2459893.6111957,4.468739336646001,0.09829851696675224,14.774603065211691,0.023909699368253823,17.171273197279305,1.72,bG409477,bG,G,g
386548250092,2459894.6284811,2.0940453915774895,0.10051342024819415,15.597600393707921,0.0521735193040765,17.147080483154696,1.44,bG409766,bG,G,g
386548250092,2459896.6950435,1.7390728321799909,0.05767502713692292,15.799271195809776,0.03604808592712888,17.750171092604866,1.42,bs483068,bs,G,g
386548250092,2459897.6069711,2.7780248499155578,0.034081157294180715,15.29072530663557,0.013334918940862929,18.321354777224965,1.51,bk570210,bk,G,g
386548250092,2459897.6082113,2.7004482105278536,0.06406960438668544,15.321475990399584,0.025788635405728115,17.636010505583414,1.49,bk570211,bk,G,g
386548250092,2459899.7380992,1.998815951268382,0.040946433701132025,15.648133605756854,0.022266678993211816,18.122100406113542,1.49,bC392553,bC,G,g
386548250092,2459900.595814,1.878433603169479,0.05767681967568326,15.715576000529442,0.033374719869722964,17.750137348468392,1.46,bG411095,bG,G,g
386548250092,2459906.7297944,2.4485518817462486,0.031823359774609025,15.427792345763196,0.014126965701046443,18.39577553971622,1.51,bC393759,bC,G,g
386548250092,2459908.7451976,2.153324727923078,0.038673060155272235,15.567291803052257,0.019521410034578163,18.18411926478902,1.45,bC394653,bC,G,g
386548250092,2459911.6504598,3.3700405941329237,0.046064650742499824,15.080977791690128,0.014857468670663896,17.994221154605658,1.50,bs485867,bs,G,g
386548250092,2459915.5339479,3.5975968491204746,0.08675369498579244,15.010034386801316,0.026211245591019415,17.306920658468876,2.14,bk575760,bk,G,g
386548250092,2459921.2844046,2.044245183618758,0.2024233475291219,15.623733164287497,0.10763159894526586,16.386989104877966,2.31,bo418073,bo,G,g
386548250092,2459922.5307461,2.5395076516273636,0.06884444610008827,15.388191808003754,0.029466703762855744,17.557968336211644,1.54,bk577902,bk,G,g
386548250092,2459923.5326874,2.6414682598493235,0.05255999658641016,15.345452130962872,0.02162828603340622,17.85100229057768,1.42,bG416155,bG,G,g
386548250092,2459924.5279567,1.7106896234654339,0.09990242350448843,15.817137569562863,0.06347708507506618,17.153700551991847,1.75,bG416370,bG,G,g
386548250092,2459925.5245553,2.2809238561101193,0.1189809269664118,15.504788653526347,0.05669943526710379,16.96394724109376,2.28,bG416646,bG,G,g
386548250092,2459925.5258304,2.565454969906419,0.12572007480139133,15.377154631998023,0.05326628485858332,16.904129034582823,2.26,bG416647,bG,G,g
386548250092,2459927.6088945,2.007481672104423,0.03614826484120835,15.643436649908857,0.01957257830280251,18.257421972716728,1.77,bs489636,bs,G,g
386548250092,2459927.6101353,1.9300661682372837,0.044613976318395705,15.686135126954845,0.02512527980545044,18.028963280407257,1.78,bs489637,bs,G,g
386548250092,2459929.698763,1.7618173264661419,0.05522259466894084,15.785163430509396,0.03406968391164549,17.79734859047536,1.67,bC398670,bC,G,g
386548250092,2459929.7000032,1.7609767547265371,0.06410888400863586,15.785681564221825,0.03957097638431087,17.635345069291727,1.64,bC398671,bC,G,g
386548250092,2459932.5729954,2.5903889724810996,0.031090806877257834,15.366653165825849,0.013046054341792016,18.421060628640934,1.49,bs491161,bs,G,g
386548250092,2459933.5863181,1.7857671640236885,0.04150544714791512,15.770503539612562,0.025263437123276992,18.107377868996856,1.48,bs491306,bs,G,g
386548250092,2459935.5957306,4.264415169429157,0.06261920173417675,14.825416923385763,0.01596100450045367,17.66087179405166,1.56,bs492350,bs,G,g
386548250092,2459935.5981996,4.162240131282279,0.0868513055464362,14.85174779162586,0.022680957851457125,17.305699733604957,1.62,bs492352,bs,G,g
386548250092,2460045.1342378,2.161789152994113,0.12890757683947948,15.56303228879936,0.06481526246590519,16.876944499539114,1.55,bC413095,bC,G,g
386548250092,2460046.9106771,3.3308821332842307,0.09425515018198286,15.093667459775194,0.03075799325771732,17.216877887072346,1.51,bG456237,bG,G,g
386548250092,2460048.9051205,2.6973149083018573,0.07091932876777483,15.322736490341665,0.028578875489931353,17.52572907027026,1.46,bG457160,bG,G,g
386548250092,2460052.6471863,4.427838351410973,0.07382490839417725,14.784586228380057,0.018122717966945243,17.48213331958705,1.54,bo450059,bo,G,g
386548250092,2460053.8903096,3.8534940666913013,0.06794392394548734,14.935428885707545,0.0191649681994985,17.572264049092222,1.46,bG459349,bG,G,g
386548250092,2460056.9716427,1.8984785650931162,0.09161846295806424,15.70405137710511,0.05245531219316054,17.247683107599457,1.46,bs524009,bs,G,g
386548250092,2460061.6234017,2.823524972402974,0.16903196015199146,15.273086539365037,0.06507128262201674,16.582718542136426,1.62,bo450978,bo,G,g
386548250092,2460063.8737689,2.217017548323348,0.05305767583136918,15.535642795551677,0.02601304929536629,17.84077005649144,1.44,bG463329,bG,G,g
386548250092,2460067.6309492,2.9304787558627536,0.04336638172639358,15.232719178867697,0.01608521179258799,18.059757640680274,1.51,bo452652,bo,G,g
386548250092,2460068.8754951,3.273022525115436,0.08929490736456075,15.112693136892087,0.029654449724441666,17.275573883776723,1.53,bG465511,bG,G,g
386548250092,2460072.6154162,3.256346909286556,0.14668769737800613,15.118238958548755,0.04896380937461378,16.736656383154603,1.49,bo454758,bo,G,g
386548250092,2460074.8678497,1.7025054912602096,0.12201842214590904,15.822344318881612,0.07790208043654603,16.936577099666764,1.42,bk635985,bk,G,g
386548250092,2460087.1201559,2.2559588088093596,0.09880080893611173,15.51673770810649,0.047603787448090594,17.16573936042222,1.54,bC425314,bC,G,g
386548250092,2460089.1131795,1.96758653958046,0.06068721544361499,15.665231015148269,0.033525521386566455,17.694897584210338,1.44,bC425862,bC,G,g
386548250092,2460091.0417843,2.2182082467121904,0.04965714161405521,15.535059833402503,0.02433277128435637,17.912686319215933,1.47,bC426497,bC,G,g
386548250092,2460091.5855291,2.6661543904029323,0.03241393512482384,15.335352385470376,0.01321474041637615,18.375811215036144,1.45,bo458631,bo,G,g
386548250092,2460092.0378886,4.077911798106275,0.06103046512616469,14.873971052008216,0.016267507827036246,17.68877391189246,1.41,bC426902,bC,G,g
386548250092,2460092.5789873,1.715240606591854,0.06389308804442606,15.8142529982364,0.04048936835860891,17.63900591465838,1.46,bo459079,bo,G,g
386548250092,2460093.0445958,2.0174300343488745,0.0741619784545082,15.638069417109348,0.03995719542869883,17.4771873435116,1.45,bC427278,bC,G,g
386548250092,2460093.5786839,2.4520385460565874,0.03651593851712582,15.426247389754282,0.0161870365302565,18.246434443509607,1.56,bo459511,bo,G,g
386548250092,2460096.0453992,3.1024344026083104,0.04262932507422331,15.17080910325049,0.01493544001053115,18.07836946953001,1.46,bC428288,bC,G,g
386548250092,2460097.5893147,2.047491240915042,0.09162261808768028,15.622010490926854,0.04863991614670357,17.24763386782599,1.55,bo459798,bo,G,g
386548250092,2460101.0204001,1.7852754541842553,0.10539277312212703,15.77080253754418,0.0641678917506952,17.09561353161299,1.55,bC429907,bC,G,g
386548250092,2460101.5628377,6.425972340022818,0.22912445015879634,14.380218492680035,0.03875651842427814,16.252462022007904,1.47,bo460413,bo,G,g
386548250092,2460102.0402849,2.222178480489947,0.22559533978807308,15.533118278323004,0.1103477186956363,16.26931530141335,1.52,bC430347,bC,G,g
386548250092,2460102.9410163,0.9146395662528637,0.28350351777652344,16.021244481223007,99.999,16.021244481223007,1.58,bs537619,bs,B,g
386548250092,2460103.8735623,2.6794438529577977,0.050369255572638875,15.329953969911793,0.02043304276721009,17.897226780708678,1.43,bG479757,bG,G,g
386548250092,2460107.8836106,2.204452370890718,0.10862352143511499,15.541813822397241,0.05355935405874166,17.062830916556212,1.46,bs538707,bs,G,g
386548250092,2460110.9635844,2.779172806898905,0.040750377185471635,15.290276742969844,0.01593779564017197,18.127311529131894,1.43,bC433750,bC,G,g
386548250092,2460113.0024191,2.2275300413835932,0.03322612393640553,15.53050669772752,0.016213182957728448,18.348941409706008,1.42,bC434608,bC,G,g
386548250092,2460116.9530814,2.00901756709102,0.0385662507342136,15.642606286562257,0.020865839324281425,18.187122060335387,1.39,bC436241,bC,G,g
386548250092,2460119.7790939,1.9695807971737649,0.05067809225800996,15.664131118867191,0.027967820852124927,17.890589966938414,1.49,bk653246,bk,G,g
386548250092,2460120.7940584,2.3441518912468102,0.03867083478102042,15.475101250468775,0.017931225456542285,18.184181743395694,1.44,bk653757,bk,G,g
386548250092,2460121.8136958,4.693335745619848,0.12437699826552115,14.721361564017972,0.02880518180384086,16.915790433264405,1.61,bk654174,bk,B,g
386548250092,2460124.7171181,1.9303530444275891,0.07375875405994523,15.685973760093106,0.04153258855536642,17.483106681535027,1.48,bG486604,bG,G,g
386548250092,2460125.802919,2.8556222995325182,0.10126655124875435,15.260813710527083,0.03854583231538809,17.1389755618847,1.51,bs543299,bs,G,g
386548250092,2460125.9376835,2.3394717027272045,0.046670735847502816,15.477271130994058,0.02168398132136873,17.980028990523987,1.48,bk655942,bk,G,g
386548250092,2460128.8433224,3.0034078546623895,0.1720990215308937,15.206029841733223,0.06228396637757201,16.56319460855968,1.44,bG488585,bG,G,g
386548250092,2460128.8590983,3.402588309871529,0.19214776582354276,15.070542108319586,0.06138158606892667,16.443552263643035,1.53,bk657392,bk,G,g
386548250092,2460130.8904552,3.9974889932176945,0.13611740433184608,14.895597430724605,0.03701165922200827,16.817856464450934,1.47,bs544507,bs,G,g
386548250092,2460131.4684554,5.111893893755022,0.42143124744096566,14.628611045515004,0.08961012344763808,15.5908237772815,1.92,bo465286,bo,G,g
386548250092,2460136.0947453,3.3538126921758296,0.0551596426378835,15.086218612434426,0.017877007097599703,17.79858700180602,1.42,bC443905,bC,G,g
386548250092,2460138.6899639,3.985221769014121,0.10314850428887581,14.898934387387769,0.028133425425949727,17.118983274338607,1.62,bo467030,bo,G,g
386548250092,2460140.9150401,2.0178041503690984,0.045045762229189774,15.637868094811555,0.024265380276263033,18.018505761170424,1.48,bk662329,bk,G,g
386548250092,2460146.878321,1.8362657242871876,0.043967923830853566,15.740226802884244,0.026026310311829996,18.044800714739512,1.45,bC446551,bC,G,g
386548250092,2460150.8952065,4.397108141835627,0.06594435214179567,14.792147755466909,0.016301314709640836,17.604696596523457,1.59,bC448251,bC,G,g
386548250092,2460151.7222253,2.518817057096161,0.040517425084513496,15.397074058220213,0.017484667779112645,18.13353601695257,1.44,bG496917,bG,G,g
386548250092,2460154.6264839,1.9478820329333257,0.07558113417231432,15.676158992975836,0.04217576081099843,17.456607099783888,1.45,bG498000,bG,G,g
386548250092,2460154.6300426,1.8372086658645488,0.09731447859803034,15.739669409134752,0.057574628912386516,17.182196961248188,1.49,bk667415,bk,G,g
386548250092,2460156.6285703,2.1277780048623347,0.11586861192655211,15.580249834245038,0.05919045272139405,16.99272610076735,1.53,bG498908,bG,G,g
386548250092,2460158.7788951,3.0925423181348464,0.14502687954946208,15.17427649428867,0.05097356683831465,16.749019354852443,1.92,bG499885,bG,G,g
386548250092,2460164.8642425,1.9132624275476662,0.040909760250541334,15.695629264883568,0.023241521950601474,18.123073275576477,2.19,bC453750,bC,G,g
386548250092,2460167.905639,2.5101810226105665,0.043623484774473954,15.400803017497912,0.018889805495895685,18.05333972301482,1.48,bs554764,bs,G,g
386548250092,2460170.8706414,2.486683192646395,0.030469368559646937,15.411014474798554,0.013318495483107944,18.442981976205694,1.46,bs555246,bs,G,g
386548250092,2460171.6687987,3.2483843232076244,0.05092393435240204,15.120897107517141,0.017039887233017175,17.88533573742436,1.60,bs555392,bs,G,g
386548250092,2460171.8673441,2.2093971748781334,0.03465529881831203,15.53938113641421,0.01704935784823767,18.303216491589687,1.41,bC454198,bC,G,g
386548250092,2460181.8926719,3.913855104867882,0.05707477552212999,14.918553763357153,0.015850816603664292,17.76153008128144,1.44,bC456377,bC,G,g
386548250092,2460185.9117872,2.988387278223289,0.07649460545580021,15.211473424985707,0.027823137544434128,17.443563589028287,1.43,bC457564,bC,G,g
386548250092,2460190.8188184,1.6846440054168454,0.05604634743763827,15.833795269972178,0.036161908789699576,17.781272324661842,1.45,bC459256,bC,G,g
386548250092,2460192.8800817,4.099634449709058,0.12171860758531719,14.868202787526725,0.032271861297598306,16.939248172566003,1.54,bs561275,bs,G,g
386548250092,2460193.2626092,2.172099536041343,0.04866913273605319,15.5578663151985,0.024354883538741066,17.93450659303407,1.72,bo479943,bo,G,g
386548250092,2460193.9984706,1.9014566907866521,0.06245322590368734,15.702349527293421,0.0357010188707353,17.663753421560827,1.34,bC460413,bC,G,g
386548250092,2460195.8134577,2.1238596415284037,0.03965166223163857,15.582251091404453,0.020293070228247615,18.156987116362554,1.48,bs562293,bs,G,g
386548250092,2460196.9043448,3.0614927538925905,0.037578893527040115,15.185232532629257,0.013342061106308832,18.215280639977646,1.51,bC461538,bC,G,g
386548250092,2460198.8606999,2.9205671480974713,0.03832635257430016,15.236397632897425,0.01426403735050112,18.193896885262188,1.54,bC462416,bC,G,g
386548250092,2460201.9425006,4.405389996217964,0.06268894497181167,14.790104719124805,0.015467451834356237,17.659663209167963,1.40,bC463678,bC,G,g
386548250092,2460205.8768214,4.061287345562277,0.059320713978838806,14.87840632746793,0.015876502066266247,17.71962468764826,1.43,bC465271,bC,G,g
386548250092,2460207.7740513,4.5727151832006605,0.06579750822508389,14.749630243046823,0.015640386031954747,17.60711699384297,1.45,bs565197,bs,G,g
386548250092,2460209.8365804,3.0318572093125105,0.04833408022678862,15.195793763348494,0.017328337087709773,17.942006964936663,2.05,bC466965,bC,G,g
386548250092,2460217.5120891,4.145231735308059,0.1239296681127355,14.8561935863015,0.03249665388902387,16.91970239483088,1.53,bG501012,bG,G,g
386548250092,2460219.7327511,1.9549930501007762,0.10616332739088055,15.672202577681734,0.0590257449104976,17.08770430692057,1.48,bG502018,bG,G,g
386548250092,2460220.6425612,2.386337632586298,0.059924961849218715,15.45573589696037,0.027295311110851924,17.708621195903614,1.53,bG502375,bG,G,g
386548250092,2460222.6220983,4.227965187262749,0.06152598970725725,14.834737115524607,0.01581755591796973,17.679994090208723,1.48,bk672744,bk,G,g
386548250092,2460224.7088286,3.1603664922517836,0.053376073550131194,15.15072200091547,0.018357830141657,17.83427405378528,1.62,bk673640,bk,G,g
386548250092,2460226.6691731,3.029766303853955,0.03792707603433324,15.19654279431097,0.013606687285938468,18.20526720565428,1.48,bG504519,bG,G,g
386548250092,2460230.7797623,1.9611362112512123,0.04312967787669782,15.66879622538918,0.02390455307470709,18.065700075102058,1.46,bC475645,bC,G,g
386548250092,2460235.668405,3.3628635059123555,0.049983451212573096,15.083292521667424,0.01615582618176949,17.905575012436802,1.60,bk677871,bk,G,g
386548250092,2460236.6817261,2.111688967210855,0.04893330715657565,15.58849074502783,0.02518760014849906,17.928629190103088,1.47,bk678296,bk,G,g
386548250092,2460239.8205156,1.9368878551719666,0.056379269306509265,15.682304432242233,0.03163931990174832,17.774842004002984,1.47,bC479704,bC,G,g
386548250092,2460244.8420289,2.224285818542523,0.1087387970762769,15.532089140006901,0.053138110067875464,17.061679300676076,1.42,bC482168,bC,G,g
386548250092,2460245.780419,1.6074258743634355,0.11220740096727533,15.884738235316751,0.07587570177509884,17.02758685387344,1.44,bC482615,bC,G,g
386548250092,2460247.5967812,1.8863090953993877,0.10146717762056298,15.711033475208689,0.05846889607123582,17.13682666058619,1.43,bG510971,bG,G,g
386548250092,2460248.4059693,1.7768474311356734,0.16553779056131498,15.775940275420218,0.10126495831434648,16.605397725547533,1.53,bo492263,bo,G,g
386548250092,2460251.8625001,2.8973498824816835,0.05698851105787441,15.245063263409937,0.021379548991681277,17.763172335729678,1.49,bC485473,bC,G,g
386548250092,2460253.7398253,3.7033939846208757,0.05017151946233637,14.978565830246,0.0147254816829139,17.90149747646721,1.54,bC486364,bC,G,g
386548250092,2460257.7797367,2.3886949002491744,0.033886672381228514,15.454663916388007,0.015419859414013639,18.327568301728835,1.44,bC488043,bC,G,g
386548250092,2460260.5243688,1.987815262765377,0.042431664829685065,15.654125570128969,0.023202042804879502,18.08341543173333,1.48,bk686487,bk,G,g
386548250092,2460261.5567606,3.1688526607088026,0.045915198625177366,15.147810505632389,0.015749493566362537,17.997749442998586,1.45,bG514241,bG,G,g
386548250092,2460261.6174942,2.6545433317190987,0.0408826167067788,15.340091074814756,0.01674021528456884,18.12379389846009,1.45,bk686960,bk,G,g
386548250092,2460262.5305915,2.0619702743693358,0.050775892663335015,15.614359621914481,0.026766238273933686,17.888496693344962,1.65,bG514495,bG,G,g
386548250092,2460264.7301141,3.583503949044969,0.049207931854581465,15.014295903779221,0.014925861171406462,17.922552829979598,1.99,bC490950,bC,G,g
386548250092,2460265.8168912,1.842213415157018,0.04258348067663983,15.736715770908937,0.025125423395030894,18.079537719456894,1.43,bC491507,bC,G,g
386548250092,2460266.5923183,4.175922811023921,0.06646697569116929,14.848184466176145,0.017300777810612372,17.596125815383832,1.45,bG515852,bG,G,g
386548250092,2460273.7294528,4.4621277402644575,0.09110175028335017,14.776210624883618,0.022192023038423436,17.253823809210054,1.41,bC494725,bC,G,g
386548250092,2460274.6612599,2.0288005484619855,0.14348099468183048,15.631967238262286,0.07687182608130853,16.76065466454128,1.52,bs584100,bs,B,g
386548250092,2460276.5346003,3.0094453827471606,0.07919588137060599,15.203849457555167,0.02860410102278667,17.405884120363943,1.55,bk692370,bk,G,g
386548250092,2460277.5574652,3.000976685902317,0.0758175489954913,15.20690906859456,0.02746118612985713,17.453216259967753,1.60,bk692778,bk,G,g
386548250092,2460282.5383323,2.0912243319723003,0.04424107970268578,15.59906406377715,0.022995203994332605,18.038076318006375,1.63,bk694401,bk,G,g
386548250092,2460283.5353727,3.261188004563785,0.04596876999573456,15.11662603174459,0.015321427122038359,17.99648340314384,1.64,bk694897,bk,G,g
386548250092,2460285.7114868,1.958422842186565,0.038305865447103044,15.670299457492993,0.021260378183754775,18.194477414361664,1.48,bC497445,bC,G,g
386548250092,2460288.7085429,3.102645857550385,0.04330693386289808,15.170735104437663,0.015171810241974363,18.061247019674838,1.41,bC498840,bC,G,g
386548250092,2460295.5681322,1.9706998416377672,0.05177867764461904,15.66351441806167,0.028558976950073648,17.867263224032936,2.07,bs591328,bs,G,g
386548250092,2460305.5836367,2.6202295453277538,0.10744145536837624,15.354217273847011,0.044570213638741404,17.074710905147615,1.66,bs595078,bs,G,g
386548250092,2460308.5712216,2.195217912196652,0.0370215865056937,15.54637152795854,0.018331143652716465,18.231503046773227,1.40,bs595544,bs,G,g
386548250092,2460312.5548054,3.8337229242817408,0.0536595227248966,14.941013817804937,0.015213819394671799,17.82852359764979,1.45,bs597104,bs,G,g
386548250092,2460416.9097691,2.1465481747123794,0.05605288706192398,15.570714022928216,0.02838373341536066,17.781145645708285,1.40,bG553680,bG,G,g
386548250092,2460418.9091861,1.8902861498137316,0.08445610042118726,15.708746741639548,0.04856413361675976,17.336063049097,1.41,bG554601,bG,G,g
386548250092,2460423.1096083,4.116213464091755,0.10608655951606404,14.863820900038963,0.02801396932904104,17.08848969876129,1.54,bC538866,bC,G,g
386548250092,2460426.9550429,4.244763608592143,0.19070726162023624,14.830431848931607,0.04883440419191641,16.45172253612193,1.56,bs627500,bs,G,g
386548250092,2460427.8774796,1.6394999946842512,0.21546558824822207,15.863287073289051,0.1428494828399604,16.319195812987513,1.57,bk747487,bk,B,g
386548250092,2460428.9485558,3.4782804944319583,0.23492294115639667,15.046654118977989,0.07341300490424794,16.22532703787682,1.46,bs628116,bs,G,g
386548250092,2460429.6359768,3.4322526920985217,0.15441832810090458,15.061117486444202,0.048902579111303114,16.680893496431732,1.48,bo537873,bo,G,g
386548250092,2460431.9389662,1.2196111767002211,0.1156081692128113,16.184512133153433,0.1030337011441422,16.995169302210755,1.50,bs629341,bs,G,g
386548250092,2460435.6138634,2.2660234822162133,0.05614095342151155,15.511904607201556,0.026929454146028226,17.779441151874195,1.99,bo539155,bo,G,g
386548250092,2460436.8587246,2.5201388686521216,0.0412385664190371,15.396504440737449,0.017786531239970423,18.11438171282832,1.46,bk750482,bk,G,g
386548250092,2460437.6125451,2.1843842932967092,0.06404608805030039,15.551743009525925,0.03186953564525407,17.636409091230767,1.48,bo539536,bo,G,g
386548250092,2460439.604076,1.982842768154716,0.0591144151167992,15.656844928082743,0.03240539293985285,17.72340711895494,1.51,bo540021,bo,G,g
386548250092,2460440.6009898,3.6005422212091016,0.06550882258707354,15.009145852345302,0.019776255232624305,17.61189112700262,1.47,bo540391,bo,G,g
386548250092,2460444.5905277,2.608306096013189,0.07291867387550972,15.35916923131115,0.03038731851553103,17.495543706883407,1.48,bo541709,bo,G,g
386548250092,2460447.6012612,3.5977056742319933,0.06301840392482916,15.010001544439737,0.019039429941779845,17.653972112578636,1.62,bo542539,bo,G,g
386548250092,2460448.877837,3.242253637554811,0.061385439298494306,15.122948156857126,0.020579297934149334,17.68247719100962,1.44,bG565073,bG,G,g
386548250092,2460449.5886266,4.539214741308317,0.07222609219918999,14.75761380016888,0.01729519893412526,17.505905316581334,1.46,bo543125,bo,G,g
386548250092,2460453.0185691,2.5966786113289215,0.1345908174327892,15.364020120526764,0.0563390348487912,16.830102034424858,1.51,bC547259,bC,G,g
386548250092,2460457.007961,2.100040710184239,0.11087835559287008,15.594496337784335,0.05738934066702315,17.040523670415674,1.49,bC548527,bC,G,g
386548250092,2460486.7681428,1.9130055055493669,0.10316564448527091,15.695775072506372,0.05861800698816231,17.11880287244241,1.40,bG575796,bG,,g
386548250092,2460491.0833631,2.823877402605166,0.04237282277893103,15.272951027069205,0.016309991369159733,18.084922119808923,1.47,bC558886,bC,,g
386548250092,2460492.6841603,2.0354027961579764,0.053143559687018616,15.62843970528516,0.028380003652974373,17.839014008525428,1.45,bG578008,bG,,g
386548250092,2460494.474865,2.3047557098893687,0.053590579062516845,15.493503373314574,0.025274101357395176,17.82991948705964,1.51,bo551252,bo,,g
386548250092,2460495.8702041,2.0535122908161743,0.04781837121274858,15.618822355869206,0.0253110198955671,17.95365366366169,1.52,bG579388,bG,,g
386548250092,2460497.4341008,4.394296283567607,0.06842468701985661,14.792842283048763,0.016925271990037332,17.564608562472078,1.52,bo551554,bo,,g
386548250092,2460498.7383643,4.066925913419092,0.05950657429241125,14.876899969784617,0.015904164568149873,17.716228238247254,1.46,bk765548,bk,,g
386548250092,2460499.7821113,1.9374863372907716,0.04309101529583302,15.681969000672034,0.0241746531073148,18.06667379417304,1.50,bs645791,bs,,g
386548250092,2460500.8263989,2.8327111466045434,0.03738857570612658,15.269559893562754,0.014346593810323632,18.220793308195013,1.45,bk766441,bk,,g
386548250092,2460501.9406216,4.445757812214681,0.07720609466135175,14.780201121496043,0.018876347217924555,17.433511649031633,1.41,bG581679,bG,,g
386548250092,2460502.8715223,2.2286876149130412,0.0364205768108157,15.529942623162139,0.017762733200077343,18.249273562313697,1.45,bk767292,bk,,g
386548250092,2460503.9448808,3.1873243609814956,0.04615927012939687,15.141499967036577,0.015741453966867682,17.991993278603402,1.47,bs646949,bs,,g
386548250092,2460510.8306032,1.8224423088512287,0.07797399626146029,15.748431149277888,0.04650591316434126,17.422766129173006,1.48,bG585318,bG,,g
386548250092,2460513.8896846,2.1153130872262262,0.119691740428285,15.586628981430577,0.06150376445097735,16.957480156273753,1.62,bC566005,bC,,g
386548250092,2460517.5035589,4.646671124974018,0.13417070570521478,14.732210782952585,0.03138541972742696,16.833496351281305,1.42,bo553915,bo,,g
386548250092,2460517.7181408,2.045918457786863,0.06946787737800506,15.622844821127943,0.03690692660795332,17.548180538903736,1.44,bk773194,bk,,g
386548250092,2460518.7082098,3.458101426211209,0.059958448710196725,15.052971304797314,0.018846245042128205,17.708014641616856,1.45,bG588410,bG,,g
386548250092,2460525.835747,4.026459751295423,0.0845676714031584,14.887757216733384,0.022829330885620086,17.334629680632755,1.45,bC569270,bC,,g
386548250092,2460527.7956054,5.117794538826194,0.10277705735424819,14.627358505960562,0.021828581028182352,17.122900163715997,1.42,bk775872,bk,,g
386548250092,2460528.47103,4.361213859272798,0.06360822042746203,14.801047163438133,0.015853240006299195,17.643857497809154,1.48,bo556012,bo,,g
386548250092,2460529.5373106,2.1118852252834177,0.04444461549604284,15.588389842576351,0.022874995331779266,18.033092728098083,1.46,bo556457,bo,,g
386548250092,2460529.6563908,2.1913521443319843,0.07842040464336754,15.548285189503826,0.03889816179704632,17.41656791420041,1.41,bG591162,bG,,g
386548250092,2460529.6588831,2.1488752389703922,0.12772390350537757,15.569537618220426,0.06460604477143513,16.886960153933472,1.41,bG591164,bG,,g
386548250092,2460529.9822031,2.3464427497110467,0.034385477910164976,15.474040716202762,0.015928587847358833,18.311702949423893,1.45,bC570543,bC,,g
386548250092,2460530.5383998,2.943132824424687,0.03760088503717112,15.228040966342569,0.013886742343103614,18.21464544312329,1.43,bo556859,bo,,g
386548250092,2460530.636261,2.4182922519587566,0.03771430478628874,15.441293661219188,0.01695155311237088,18.21137534524979,1.64,bk776549,bk,,g
386548250092,2460531.6594936,4.55594865900587,0.07337196794952348,14.753618568858997,0.017505056585288933,17.488815192242477,1.47,bG591793,bG,,g
386548250092,2460531.9826207,2.111010468838304,0.03253558660132197,15.588839654660374,0.016752530869435494,18.37174400827798,1.54,bC571255,bC,,g
386548250092,2460532.6417436,2.0834378049973603,0.04801083414490134,15.60311427132564,0.02504787479749239,17.949292482668994,1.46,bG592197,bG,,g
386548250092,2460533.3667299,2.018128603508883,0.06258429371598365,15.637693527719955,0.033707666644608,17.66147722283836,1.46,bo557040,bo,,g
386548250092,2460533.6532109,4.042261560876711,0.0615550640400182,14.883504592796285,0.016552040806052205,17.679481142759318,1.50,bG592624,bG,,g
386548250092,2460533.9780934,1.9634839273525684,0.04015637039086401,15.667497245827455,0.022229990313480247,18.143254482975795,1.48,bC571570,bC,,g
386548250092,2460534.6156019,2.0467355023350695,0.05297405126673712,15.622411315208646,0.028132843956452023,17.842482642690644,1.48,bG593012,bG,,g
386548250092,2460534.9738259,3.5408648072995925,0.05184998819015903,15.027292258764973,0.01591664349884391,17.865768956926996,1.39,bC571935,bC,,g
386548250092,2460534.9763321,3.5653571051378874,0.055767060481889785,15.01980803434144,0.01700148633124545,17.786696228568122,1.39,bC571937,bC,,g
386548250092,2460535.3570726,2.2908455156021765,0.12427442521390752,15.500076114044274,0.058965519958307164,16.916686203580365,1.41,bo557142,bo,,g
386548250092,2460535.6148457,3.69333036577185,0.0827164009307953,14.981520230480388,0.024343647207884414,17.358661537453763,1.48,bk778605,bk,,g
386548250092,2460535.9787836,1.9418107561444407,0.03872871902848989,15.679548366239711,0.02167895794861285,18.18255777964432,1.58,bC572303,bC,,g
386548250092,2460536.6194248,2.140518476916445,0.05400618303618073,15.573768169760847,0.027424371010325677,17.821531901478536,1.55,bk779029,bk,,g
386548250092,2460537.3352424,2.274406659406625,0.10462242253745595,15.507895326562773,0.049999864372057105,17.103578681646145,1.41,bo557323,bo,,g
386548250092,2460537.8004907,2.048186570546888,0.06706513238596168,15.621641836653964,0.03559093887074699,17.586398645897386,1.50,bC572834,bC,,g
386548250092,2460538.343048,2.562013869994348,0.12303970053213342,15.378611930886144,0.052200656090330616,16.92752744788251,1.49,bo557714,bo,,g
386548250092,2460538.3442767,2.8804506728499524,0.18915915943449743,15.25141451623518,0.0713804211028506,16.460572172752915,1.44,bo557715,bo,,g
386548250092,2460539.3374069,1.782289049454261,0.19989413136677198,15.772620275382682,0.12190852533881724,16.400640501490066,1.57,bo558055,bo,,g
386548250092,2460539.8383383,2.061599108282551,0.10578297252452593,15.614555078045855,0.05577296352745899,17.0916011948827,1.51,bC573527,bC,,g
386548250092,2460540.4430871,2.2891812609438995,0.2809734266776106,15.500865166905369,0.1334127199856127,16.030977491332475,1.58,bo558434,bo,,g
