# "asas_sn_id":601295471956,"ra_deg":286.85108,"dec_deg":-33.39008,"name":"V0412 Sgr"
asas_sn_id,jd,flux,flux_err,mag,mag_err,limit,fwhm,image_id,camera,quality,phot_filter
601295471956,2456777.7809183,3.2245707222259363,0.07054117968206025,15.188601638389216,0.023778419489481062,17.591249598092624,2.57,be001213,be,G,V
601295471956,2456789.6653753,2.443766751462041,0.2028097930667327,15.48963202516832,0.09020722911241913,16.444634088865943,2.98,be003720,be,G,V
601295471956,2456791.6989471,2.387641454363466,0.12644609736486556,15.514858628191998,0.057563672270819634,16.957592819144907,2.85,be004447,be,G,V
601295471956,2456797.7253016,2.710974154718552,0.13518705621576227,15.376967961466386,0.05420282305262055,16.8850186159051,1.59,be006383,be,G,V
601295471956,2456801.7287273,2.7162445179284243,0.0651977382535943,15.374859247484851,0.026090105780105812,17.676775068496717,2.46,be006729,be,G,V
601295471956,2456805.7308537,2.8921099452635963,0.060105211186863086,15.306744407274655,0.022589649953336757,17.76507607508501,1.56,be007689,be,G,V
601295471956,2456808.6724358,2.390351971166922,0.07045601624048063,15.513626769425898,0.032038221681203884,17.592561185071137,3.01,be008169,be,G,V
601295471956,2456809.6863481,3.206070820598534,0.07259131287619147,15.194848625803989,0.024610685592295088,17.56014476602008,2.01,be008604,be,G,V
601295471956,2456810.6775887,2.5228475793035323,0.060981558972132,15.455053872225236,0.026273605973800834,17.74936008678409,2.04,be009027,be,G,V
601295471956,2456811.6796087,3.0005620262079344,0.07136845057770756,15.266774882701199,0.025853290858277447,17.578590723063034,1.70,be009461,be,G,V
601295471956,2456814.6673103,2.5084024282181163,0.07591096006655798,15.461288373228951,0.03289420875518668,17.51159518342465,2.16,be010007,be,G,V
601295471956,2456816.6087716,2.571039253148217,0.057933816066379505,15.434509636387542,0.024492640135882125,17.805026053268787,2.47,be010516,be,G,V
601295471956,2456817.6017639,3.473080985740017,0.07951917928278028,15.107994128611285,0.024886805369539782,17.46117667102621,3.01,be010858,be,G,V
601295471956,2456818.5906012,2.8458972558830813,0.22636930653665632,15.324233362272544,0.08645905735104711,16.32531254261415,1.73,be011284,be,B,V
601295471956,2456826.6089319,2.795047202704648,0.08698388207359732,15.343808537913429,0.033826869834110235,17.363759428078446,1.45,be012074,be,G,V
601295471956,2456828.7411105,2.773930671913347,0.058953005437311995,15.352042397841203,0.02310056065388588,17.786091517615336,1.47,be012960,be,G,V
601295471956,2456829.7897085,3.583978474789971,0.09393185608535783,15.073867922903943,0.02848785066350723,17.280324133569962,1.54,be013330,be,B,V
601295471956,2456830.7045522,2.897917043052863,0.09760164393812595,15.304566531958644,0.036608619858643485,17.23871356192712,1.68,be013644,be,G,V
601295471956,2456831.7034747,2.4178180246608574,0.0707762612320234,15.501222377286641,0.031818241879990584,17.58763735060713,1.59,be013998,be,G,V
601295471956,2456832.6976508,2.8228617676219194,0.10083080154441904,15.333057375133471,0.03882538585062213,17.203373344717917,1.69,be014383,be,B,V
601295471956,2456833.6974573,2.132003057050401,0.06451443584125684,15.637811846807052,0.0328913162446357,17.68821413403755,1.48,be014791,be,G,V
601295471956,2456835.6918588,2.440139809530248,0.06320208241985992,15.491244628866871,0.028153270318960057,17.710527923898397,2.28,be015251,be,G,V
601295471956,2456836.6887341,3.2646646086912963,0.07588781897065443,15.175184976535522,0.025266534127613722,17.51192621541311,1.68,be015419,be,G,V
601295471956,2456837.6724144,2.4236453056225935,0.06291579760516576,15.498608748910634,0.028216478858810033,17.715457126990096,1.55,be015821,be,G,V
601295471956,2456838.698806,3.321581729256023,0.06050797096791207,15.15641904713711,0.019800666977869374,17.75782491905592,1.64,be016227,be,G,V
601295471956,2456839.6860466,2.4510677198247035,0.05944790810933209,15.486393128488086,0.026362915598190158,17.77701495119168,2.24,be016605,be,G,V
601295471956,2456841.6913901,2.4658292844859155,0.05105754976947866,15.479873889492364,0.022506560796857977,17.94220647028387,1.42,be017341,be,G,V
601295471956,2456844.5231664,2.127087320506732,0.1209505869000367,15.640318107550693,0.06180659720535164,17.00583644349836,1.47,be017883,be,G,V
601295471956,2456845.5266542,2.950653347200336,0.08230242149678699,15.284985929260156,0.03031842215072022,17.423824860712436,1.61,be018294,be,G,V
601295471956,2456855.6494478,3.237189080877425,0.0771851585888741,15.184361237425854,0.025916592887711674,17.49352189162649,1.46,be021534,be,G,V
601295471956,2456856.7225914,2.387256739553951,0.07847490084764071,15.515033584298346,0.035730888871681396,17.475529454564192,1.50,be021985,be,G,V
601295471956,2456857.6682137,3.5268813421464635,0.06816430253151752,15.091304283075718,0.021007690931087532,17.628463905436323,1.64,be022349,be,G,V
601295471956,2456858.6514986,2.466907921455578,0.05364995542961901,15.479399055671088,0.02363897267427383,17.888432979910768,1.86,be022721,be,G,V
601295471956,2456859.6441153,3.997030401031813,0.07729149804310759,14.955437775829356,0.021018728767050566,17.492027081780005,1.57,be023100,be,G,V
601295471956,2456862.6464373,2.6452143642571224,0.07078208286440228,15.403629223568513,0.029085373053819964,17.58754804810662,2.49,be023547,be,G,V
601295471956,2456863.6446511,3.194484014417633,0.06679829633511415,15.198779606487605,0.02272881739736985,17.650442928419746,1.51,be023965,be,G,V
601295471956,2456873.6266053,2.259875943519903,0.07303240481649358,15.574569906785126,0.035127171002995734,17.55356739028166,1.52,be026636,be,G,V
601295471956,2456874.6470337,3.1228555717974147,0.08119443221980503,15.223401656735165,0.02826093477625231,17.438540770670077,1.60,be027002,be,G,V
601295471956,2456876.6353051,3.3289226046026568,0.10621048972687049,15.154022159028989,0.03467974422899163,17.146937865336763,1.56,be027488,be,G,V
601295471956,2456879.6281396,2.163816387891856,0.14968213047502107,15.621730390404496,0.07519028362020289,16.774431503696377,1.50,be028695,be,G,V
601295471956,2456880.6226753,4.616882040820601,0.15179047715067456,14.798909457837608,0.03573616298143391,16.75924507826054,1.45,be029076,be,G,V
601295471956,2456881.6200259,2.2685601625931944,0.09691413862206091,15.570405651225176,0.04643538080275697,17.246388543474676,1.53,be029455,be,G,V
601295471956,2456882.6235758,3.5034392907198137,0.0991576122513918,15.098544913938882,0.030764059078239606,17.22154124301519,1.46,be029843,be,G,V
601295471956,2456883.6048054,2.736605138668143,0.17806856017789627,15.366751059209351,0.07072733295248428,16.58588827590836,1.41,be030196,be,B,V
601295471956,2456884.6126415,2.3495762207667874,0.07307367408478423,15.532307559028169,0.03380520534378514,17.552954034009893,1.47,be030540,be,G,V
601295471956,2456885.6330361,2.4543165502608764,0.06078414732794833,15.48495496456485,0.02691980598404995,17.75288057155166,1.42,be030948,be,G,V
601295471956,2456886.6087756,2.185070732715144,0.0750173936640504,15.611117654419456,0.03731716509958916,17.524451465313998,1.59,be031327,be,G,V
601295471956,2456887.6304023,2.8562635686858258,0.07107128083512478,15.320285703177902,0.027046310802345076,17.583121037932333,2.01,be031715,be,G,V
601295471956,2456888.6081007,2.200843465704052,0.07632803112672008,15.603308518031962,0.03769702503496997,17.505646243809323,1.81,be032857,be,G,V
601295471956,2456889.605763,3.0609664429706123,0.06205256543382724,15.245134983261792,0.022035014739816998,17.730457040664472,1.72,be032446,be,G,V
601295471956,2456890.5931165,2.330822522205347,0.06091268493947095,15.541008389700208,0.028406041009486075,17.750587036250877,1.54,be032076,be,G,V
601295471956,2456891.6130933,3.100951231206408,0.05059120102772282,15.231044064209465,0.017733408815431447,17.952168919630658,1.48,be033263,be,G,V
601295471956,2456892.5987188,2.3713622759088984,0.07191893268731234,15.522286637655174,0.03296533545935301,17.570248309609084,1.75,be033640,be,G,V
601295471956,2456894.580609,2.3821558231206272,0.06087912311729114,15.517355988446846,0.027778602586715925,17.751185422742417,2.71,be033903,be,G,V
601295471956,2456895.5883451,3.907143508392253,0.08189059251461896,14.980132996906617,0.022781736430120006,17.429271360083465,1.53,be034307,be,G,V
601295471956,2456896.5902216,2.282126814540077,0.07155597151291498,15.56393196981902,0.03408146708140635,17.575741687434935,1.52,be034681,be,G,V
601295471956,2456907.5693517,2.2798816878158923,0.11217205830348505,15.56500062875039,0.05347915682707171,17.087644671070688,1.58,be036900,be,G,V
601295471956,2456909.5635781,1.7281343307318031,0.1580994066457434,15.865837659813572,0.09944086989111921,16.715030793656084,1.45,be037630,be,G,V
601295471956,2456910.5634623,3.4859514187219194,0.11193644503599424,15.10397807862624,0.03490296746498448,17.089927618350913,1.70,be038014,be,G,V
601295471956,2456911.5615723,1.8597145473022512,0.13585066179270602,15.786165683818005,0.07940130544892683,16.87970199764568,1.58,be038402,be,B,V
601295471956,2456912.5779928,3.348644980602384,0.0960630748091731,15.14760863803983,0.03118168282006453,17.255965184867193,1.42,be038799,be,G,V
601295471956,2456916.5481197,5.13049841826967,0.13156262547161895,14.684382509383891,0.02787309187432291,16.914525064417592,1.47,be039386,be,B,V
601295471956,2456919.5474212,2.4325793022214652,0.060068391593412165,15.494613886527993,0.026840535037527445,17.765741385369132,1.51,be040513,be,G,V
601295471956,2456920.5429768,3.2633115035440987,0.06575051642490966,15.175635074772078,0.021900438422183737,17.667608473030715,1.43,be040832,be,G,V
601295471956,2456921.5402969,2.508383709258728,0.06340925224125467,15.461296475568325,0.027477096110866284,17.706974814266225,1.52,be041207,be,G,V
601295471956,2456922.5379733,2.2813889659874995,0.061509397119323794,15.56428306267491,0.02930584891215671,17.740002717843883,1.49,be041573,be,G,V
601295471956,2456924.5376016,1.9387958345047083,0.07951686461672224,15.740951209587683,0.04457992587211938,17.461208275393115,1.46,be042139,be,G,V
601295471956,2456935.5340565,4.490968903074792,0.12786845334421576,14.828931284823785,0.03094821012722482,16.945447863372273,1.46,be045597,be,G,V
601295471956,2456936.5356012,2.403083447456432,0.10207137994590926,15.507859274489537,0.04616866394404734,17.19009642812604,1.58,be045888,be,G,V
601295471956,2456937.5254645,5.564539982577806,0.21238584651398176,14.59620823633783,0.04148666048159364,16.39454246417979,1.81,be046247,be,G,V
601295471956,2456938.5168212,2.617001045310795,0.1212313284552022,15.41527166424073,0.05035274377883608,17.003319233188005,1.77,be046604,be,G,V
601295471956,2456939.5153821,3.8201807354056116,0.11792927581840658,15.004571629088145,0.03355443219394689,17.033302314609756,1.63,be046971,be,G,V
601295471956,2456940.5186869,2.5534382060921796,0.07396710903159574,15.44196802383534,0.031486578122102364,17.539759781563276,1.67,be047331,be,G,V
601295471956,2456941.5135899,2.4644374207571627,0.06899817593599862,15.480486917944125,0.030432104580969874,17.61526236942082,1.48,be047618,be,G,V
601295471956,2456943.5090588,2.4140314547931756,0.0707656401431423,15.502924092895245,0.03186336860520446,17.58780029459251,2.22,be048341,be,G,V
601295471956,2456944.5033262,2.7801790174920855,0.04956911687063419,15.349599501227324,0.019379858102802322,17.974328439848954,2.41,be048696,be,G,V
601295471956,2456948.5759342,2.563183864808947,0.08064174482573919,15.437832003172767,0.034197340138645685,17.445956603860058,1.52,be049938,be,G,V
601295471956,2456949.5728559,2.277737046303148,0.10580716581763307,15.56602244090464,0.0504921273150787,17.151068690174043,1.46,be050290,be,B,V
601295471956,2456950.572466,2.965246498647174,0.06886387262542198,15.279629400103955,0.02524310727508311,17.61737778862955,1.46,be050559,be,G,V
601295471956,2456952.56496,3.1244443865405906,0.07638337863720138,15.222849407367274,0.026572856255605112,17.504859232561156,1.51,be051126,be,G,V
601295471956,2456953.563062,2.4026720322907344,0.07108864950025293,15.508045171730275,0.032160140942023095,17.58285573407903,1.42,be051446,be,G,V
601295471956,2456954.5583458,3.3439632310510694,0.07505532773343236,15.14912767087662,0.024396762863172824,17.523902579506967,1.50,be051650,be,G,V
601295471956,2456955.5536798,2.3207978304114394,0.09018699889183221,15.545688130026141,0.04223950287138012,17.32449655526817,1.60,be051912,be,G,V
601295471956,2456956.5637799,3.5956651919811042,0.08346342987663796,15.070333289775967,0.025230691565346658,17.40861582418121,1.58,be052068,be,G,V
601295471956,2456957.5497423,2.3772547287077685,0.09578148062577597,15.519592104650723,0.04379434133447272,17.259152528066398,1.53,be052259,be,G,V
601295471956,2456958.5583866,4.213232085162339,0.11745687788997243,14.89824294746109,0.030302275513194987,17.03766026187617,1.49,be052450,be,G,V
601295471956,2456961.5369335,2.9772294462416338,0.09725594778421473,15.275250640207219,0.0355071682014369,17.242565967374695,1.58,be053241,be,G,V
601295471956,2456965.5267582,2.8877666586144737,0.10735586237881596,15.30837615991347,0.040408789405294264,17.135291981358417,1.71,be054077,be,G,V
601295471956,2456966.5233705,2.4772838521285605,0.12725223541064087,15.474841975102995,0.055834395830995434,16.95069284311018,1.69,be054418,be,G,V
601295471956,2456967.522297,2.8971184440124547,0.11177311683766503,15.304865777027523,0.04193564075811307,17.09151298974234,1.77,be054759,be,G,V
601295471956,2456968.5171028,2.030940486295034,0.15267540607007635,15.690538411431312,0.0817116648453734,16.75293368427575,2.16,be055097,be,G,V
601295471956,2456969.5147868,2.8528845668357468,0.11023764575596717,15.321570905448317,0.04200083290734675,17.10653156909023,2.27,be055435,be,G,V
601295471956,2456970.5113901,2.30970713407445,0.08222916808981777,15.550889115088335,0.03869734357824847,17.424791652336143,1.44,be055762,be,G,V
601295471956,2456971.5105464,3.535823951763459,0.08875323788713728,15.088554820989792,0.027283855775334737,17.341895878912183,2.18,be056087,be,G,V
601295471956,2456972.5081994,2.3625525938716083,0.10377421204938042,15.526327691220903,0.047744146254355704,17.172132782441306,1.76,be056414,be,G,V
601295471956,2456973.5059007,3.2341409337635287,0.11725791812274132,15.185384051566455,0.03940899961980004,17.039500945786873,2.09,be056740,be,G,V
601295471956,2456975.5394794,3.3989932393449434,0.09650527671695291,15.131405652604872,0.030861208753079857,17.250978742794075,1.60,be057431,be,G,V
601295471956,2456976.5062172,2.5649870001530957,0.30463126571740934,15.437068483603138,0.129092639057204,16.002920206323747,2.47,be057740,be,G,V
601295471956,2457070.8942723,3.139377637363064,0.16927721229598078,15.217672503640276,0.05860937776236592,16.64086014784654,1.46,be084040,be,G,V
601295471956,2457074.8835167,2.366157429056885,0.10391850607927974,15.524672313406638,0.04773769341175355,17.17062415682352,1.57,be085020,be,G,V
601295471956,2457080.8664272,2.3878140018265395,0.09644201280565495,15.514780168229594,0.04390135693507443,17.251690729177326,1.51,be086934,be,G,V
601295471956,2457082.8623441,2.44184202901205,0.08920277350348288,15.490487493156067,0.03970753851593679,17.336410499369695,1.51,be087438,be,B,V
601295471956,2457084.8641075,2.632485414452929,0.07824778854068977,15.408866470485865,0.03230860980236133,17.478676213055557,1.53,be088142,be,G,V
601295471956,2457085.8555124,4.504060403521864,0.1318576537909359,14.825770889107075,0.03182096239588817,16.912093034032207,1.50,be088494,be,G,V
601295471956,2457086.8566476,2.200474254327159,0.1844502267811859,15.603490675370077,0.09111189396641016,16.54765840985857,1.54,be088848,be,G,V
601295471956,2457087.8684965,3.8630161455396723,0.14539712095107127,14.992465096293088,0.040911128223561036,16.80596687612184,1.50,be089207,be,G,V
601295471956,2457102.856677,3.8596243390026497,0.08626854167141697,14.993418813457817,0.02429515044847639,17.372725252280212,1.49,be093786,be,G,V
601295471956,2457108.8191261,2.362290758120655,0.0821062117710818,15.526448027297095,0.037779380905198987,17.426416356059462,1.55,be094245,be,G,V
601295471956,2457109.8094833,2.62754877698528,0.07240692545894568,15.41090443731536,0.029953080428436512,17.562906126500273,1.48,be094573,be,G,V
601295471956,2457110.8083296,2.2477442203923905,0.08456392353234334,15.58041418041528,0.040893135150085545,17.394393581600585,1.36,be094952,be,G,V
601295471956,2457111.8048184,2.7560080606966766,0.08961215251170099,15.359080195891949,0.03534260838665784,17.33143912033381,1.59,be095336,be,G,V
601295471956,2457112.8107671,2.0761283987792183,0.08210816154548263,15.66664588182049,0.04298770814577318,17.426390573411872,1.48,be095724,be,G,V
601295471956,2457113.7942632,2.922196136290812,0.12835635810426865,15.295507999023958,0.04774415338362952,16.94131292811956,1.55,be096100,be,G,V
601295471956,2457114.7927722,2.341166469871031,0.13535902358882065,15.536200665687673,0.06284447319724958,16.883638361360315,1.58,be096478,be,G,V
601295471956,2457115.7872323,3.0755543117663344,0.16138331923564697,15.239972902737511,0.05703578397949027,16.692709784847693,1.48,be096853,be,G,V
601295471956,2457116.7858145,2.836037417256057,0.1870515771780791,15.328001513485685,0.0716904969159462,16.532452957612048,1.52,be097224,be,G,V
601295471956,2457117.7910841,3.5947232148990005,0.1635905764483763,15.070617763595758,0.04946579564975559,16.67796068681704,1.60,be097616,be,G,V
601295471956,2457118.7726653,2.300973246596647,0.17660567749906403,15.555002481620907,0.08342673832374882,16.59484474088903,1.45,be097953,be,G,V
601295471956,2457133.7770871,2.555548251982128,0.07199774348391025,15.441071191023008,0.03062294627762893,17.569059180648882,1.73,be101982,be,G,V
601295471956,2457135.7507581,2.2521672922993967,0.1081207176894653,15.578279786955008,0.0521819669566787,17.12758409412863,1.49,be102527,be,G,V
601295471956,2457136.7385375,3.8794006899159506,0.07726987149270242,14.98786980777754,0.021649991188395928,17.49233091874758,1.48,be102914,be,G,V
601295471956,2457137.7350144,2.2027555557274625,0.08977946341580102,15.602365641314286,0.044301953080679704,17.329413880104333,1.46,be103311,be,G,V
601295471956,2457138.734771,4.488753921914039,0.10675489738114462,14.829466910551826,0.025850811595960085,17.141386875141077,1.46,be103677,be,G,V
601295471956,2457139.7305088,2.3957437205122147,0.0696499799857364,15.511180508287492,0.03160041674587376,17.60505390376857,1.40,be104074,be,G,V
601295471956,2457140.730013,4.485795063088023,0.08234191131155788,14.830182832939443,0.019952333143580938,17.423304034739182,1.53,be104469,be,G,V
601295471956,2457141.7206609,2.434222953180028,0.06907424154757914,15.493880521444352,0.03084380468775097,17.61406608129477,1.47,be104831,be,G,V
601295471956,2457142.9040091,2.960983112096177,0.05806699255357559,15.281191578499296,0.02131599332533998,17.802533060348836,1.66,be105115,be,G,V
601295471956,2457143.9167961,2.380259523630443,0.06805064257140032,15.518220625808548,0.03107564070942304,17.630275817664863,1.58,be105208,be,G,V
601295471956,2457147.7790772,2.8994701999010077,0.17601663830881073,15.30398478070023,0.06598530757477401,16.598472088002765,1.62,be106425,be,G,V
601295471956,2457152.7982044,2.3432824013233633,0.1354823247800916,15.535219827341908,0.06284492061944087,16.882649793126497,1.52,be107942,be,G,V
601295471956,2457154.6826692,2.1795072972085907,0.07511411854961121,15.613885585973158,0.037460659634750544,17.523052455563995,1.47,be108662,be,G,V
601295471956,2457157.696777,4.219114489440065,0.08751903449242422,14.896728128240873,0.022547239605834303,17.357100098949367,1.43,be109871,be,G,V
601295471956,2457160.6971115,2.5169121188341657,0.07255572439753645,15.457611274835287,0.03133399741423607,17.560677187504503,1.43,be111138,be,G,V
601295471956,2457163.6863807,2.6703362700285136,0.07326627335785325,15.393366517938743,0.02982293074609294,17.5500961387028,1.45,be112312,be,G,V
601295471956,2457164.7869484,2.477184687579899,0.06639523594870388,15.47488543750057,0.029133368653815526,17.657014097192743,1.50,be112804,be,G,V
601295471956,2457169.6376059,2.8100692537439746,0.06048222607096961,15.337988846615287,0.02339499284209833,17.758286975781242,1.53,be114451,be,G,V
601295471956,2457173.6926185,2.937035189405075,0.10364159084987319,15.290008529635857,0.03835633413725199,17.173521217222394,1.72,be115446,be,G,V
601295471956,2457180.6909008,3.7090572981802192,0.1088268798074683,15.036622548418919,0.03189222415228932,17.120515949613125,1.49,be117541,be,G,V
601295471956,2457182.6106536,2.5515713631239776,0.055687683346301156,15.442762106221295,0.02372267202422922,17.847958515537442,1.51,be118330,be,G,V
601295471956,2457186.622879,2.7754665395631126,0.1002414513479547,15.351441414674166,0.0392575798476051,17.20973802874351,1.44,be119608,be,G,V
601295471956,2457189.6083303,3.320951256329385,0.0886607990833563,15.156625151430791,0.029018924503208206,17.343027290685292,1.51,be120712,be,G,V
601295471956,2457191.6393647,3.029295829839463,0.06803811726113776,15.256427187020646,0.024413091172995338,17.630475675211997,1.42,be121528,be,G,V
601295471956,2457194.6800118,2.4919113408076505,0.08647465639296074,15.468449938043307,0.03771971746836496,17.370134281125086,1.48,be122586,be,G,V
601295471956,2457196.6643977,2.674935248475662,0.0936280026930924,15.391498220465063,0.03804561931084501,17.283841996290516,1.59,be123029,be,B,V
601295471956,2457197.642588,3.5862086722827415,0.08264214926619448,15.073192513409023,0.025048297888993168,17.419352385396863,1.67,be123340,be,B,V
601295471956,2457198.7353951,2.633046495163552,0.05894218056923816,15.40863508431099,0.024332114033284207,17.78629089727808,1.68,be123756,be,G,V
601295471956,2457203.6059073,2.7814571807685904,0.13882112519433673,15.349100458096903,0.05424945184432176,16.85621749319934,1.51,be125240,be,G,V
601295471956,2457207.6882983,2.854623075833909,0.2679026587624664,15.320909474106248,0.10200945427726882,16.142413834365847,1.57,be127657,be,G,V
601295471956,2457218.5194538,2.436948973416106,0.08526530849108517,15.492665315239854,0.038031031487937086,17.385425474476186,1.47,be128726,be,G,V
601295471956,2457222.5270852,2.504454823621586,0.06498968052059888,15.462998399229374,0.02820612151648101,17.68024538856047,1.52,be130040,be,G,V
601295471956,2457223.5278509,3.0264875552803057,0.06768463089128779,15.257434173362938,0.02430879018168544,17.636131231449326,2.05,be130440,be,G,V
601295471956,2457224.5715653,2.61282208997918,0.07891955726283711,15.41700680669198,0.03283121640336755,17.469394793168213,1.51,bg002383,bg,B,V
601295471956,2457225.5958742,2.89033488835853,0.07990525330039577,15.307410991622046,0.030049644608970534,17.45591806227635,1.47,be131153,be,G,V
601295471956,2457229.5303519,2.9487138304360485,0.17486444774650753,15.28569983757716,0.06445862936461035,16.60560259206427,1.39,bg003860,bg,B,V
601295471956,2457230.5284834,2.671512406363334,0.10359738098691738,15.392888416106047,0.042150599275004266,17.173984452965374,1.43,be132680,be,G,V
601295471956,2457237.6355925,3.423469427147618,0.0949426247081297,15.12361526999256,0.030144421416234374,17.268703309408448,1.43,be134992,be,G,V
601295471956,2457248.6838811,2.813885222713518,0.08408249435987782,15.33651545762552,0.03247965299751236,17.40059242660393,1.47,be135869,be,G,V
601295471956,2457252.5468028,3.167102942702516,0.06375203121725058,15.208125955022268,0.021879833829012377,17.701121327484895,1.54,be137129,be,G,V
601295471956,2457257.5182515,2.7588008507718516,0.06661349643021121,15.357980526400292,0.02624545166440947,17.653450819574765,1.53,be138825,be,B,V
601295471956,2457268.6799282,2.5465939860806053,0.09669938287983744,15.444882131684414,0.04127396257271363,17.24879713744401,1.45,be142598,be,G,V
601295471956,2457270.5264489,2.51636763253846,0.0506203937653579,15.457846178721322,0.021865710886112992,17.95154259587575,1.41,be143518,be,G,V
601295471956,2457277.4940812,2.676122187103323,0.07604145655445886,15.391016557811456,0.030885643982451166,17.50973032599769,1.53,bg005621,bg,G,V
601295471956,2457278.6389949,2.479231060169077,0.09727899085894436,15.473988894091857,0.04264952760599884,17.242308751876088,1.37,bg006283,bg,G,V
601295471956,2457283.5542589,2.7436383955662933,0.08691330147111014,15.363964224720522,0.034432737204934505,17.36464077552893,1.41,bg007250,bg,G,V
601295471956,2457293.5660274,3.1898469138332026,0.07002682232621658,15.200356801946782,0.02386199503620711,17.59919534517455,2.09,bg010109,bg,B,V
601295471956,2457299.5948642,2.4330869033125584,0.14639266743352256,15.494387351923729,0.06539941684163256,16.79855808323903,1.65,bg011689,bg,B,V
601295471956,2457300.6023215,4.217594025057624,0.15954561695611802,14.897119471201956,0.04111802791710762,16.705144199333983,1.45,bg012066,bg,B,V
601295471956,2457301.5108484,3.143931502846919,0.12009861183862337,15.216098715885195,0.041521887252186813,17.013511424593283,1.65,bg012208,bg,B,V
601295471956,2457303.5118032,3.0488713022240823,0.06734532302094,15.249433673312918,0.02400935651591471,17.64158779281402,1.53,bg012707,bg,G,V
601295471956,2457307.5487982,3.0677538296063895,0.0567386687755653,15.242730137195661,0.02010345988821078,17.82765853868829,1.49,bg013803,bg,G,V
601295471956,2457312.5319318,2.4317618900579254,0.07552843670846851,15.494978784446719,0.033759936444713104,17.517080154326187,1.47,bg014520,bg,G,V
601295471956,2457313.5665417,3.9083921174308665,0.08691909002673101,14.979786082730737,0.024172925573877516,17.364568466284847,1.58,bg014908,bg,G,V
601295471956,2457317.5582533,4.971346083410609,0.13984580298131752,14.718596409823942,0.030576488749321624,16.848232801273575,1.45,bg015525,bg,G,V
601295471956,2457319.5451381,4.766875848645046,0.18742784772981114,14.76419680189181,0.0427378282787362,16.530271098363663,1.53,bg016247,bg,G,V
601295471956,2457324.5515978,3.829663679622382,0.20700408596976766,15.001879814567715,0.05875305512302135,16.42240909891617,1.60,bg017314,bg,G,V
601295471956,2457327.5196987,2.565414148206283,0.07399392941638584,15.43688769068118,0.03135095524614621,17.53936616627892,2.37,bg017989,bg,G,V
601295471956,2457331.5160751,2.201053111331853,0.11597302230360139,15.603205099042231,0.05727150893801918,17.051463955680685,1.39,bg018924,bg,G,V
601295471956,2457332.5246825,4.036160452328585,0.09079071679924204,14.944860347710975,0.02445035644739342,17.3172527814318,1.44,bg019273,bg,G,V
601295471956,2457334.5180712,5.038577199924742,0.12551033013739415,14.704011611744965,0.02707595149886948,16.96565771385464,1.53,bg019951,bg,G,V
601295471956,2457338.5049442,4.982631706724984,0.21803744194078403,14.716134436262344,0.04756466731847361,16.366028698289064,1.59,bg020990,bg,G,V
601295471956,2457436.8969688,3.700385846084834,0.23766946745778245,15.039163876721972,0.06981336228621497,16.272422911025682,1.62,bg047159,bg,G,V
601295471956,2457437.8961496,2.5609812965537406,0.1718238478654506,15.438765387702773,0.07292714409081767,16.624647792412688,1.49,bg047513,bg,G,V
601295471956,2457446.9010386,3.3356902943872244,0.13268992996881593,15.151817101223319,0.04323788242313668,16.905261481484242,1.47,bg050202,bg,G,V
601295471956,2457453.9066918,3.2733870586394906,0.14028166347892043,15.172288001778107,0.04658174125677684,16.844854125770322,1.89,bg052322,bg,B,V
601295471956,2457454.8626163,2.6991085058395052,0.0789354275527902,15.381730544978105,0.03178804319616848,17.469176479524712,1.54,bg052424,bg,G,V
601295471956,2457461.8487651,3.273072753169787,0.0658915865314178,15.172392257463738,0.02188197302938092,17.665281482239237,1.46,bg054099,bg,G,V
601295471956,2457468.8282532,3.64404777118686,0.14078532523782186,15.055821250348798,0.04199383132196817,16.840962922506513,1.48,bg056844,bg,G,V
601295471956,2457474.8329791,3.5924174751857447,0.10051582042842376,15.071314403686513,0.030413037267330814,17.20677033918524,1.47,bg058285,bg,G,V
601295471956,2457486.8081753,2.3106226232855436,0.08237553004825247,15.550458851515492,0.03875086252308396,17.422860838441412,1.46,bg061894,bg,G,V
601295471956,2457522.8260391,4.940242887948041,0.10656859123322872,14.72541065047588,0.0234473138023427,17.143283331857624,1.44,bg062315,bg,G,V
601295471956,2457529.6869044,4.118147598361919,0.18613729299065215,14.92302663428708,0.04912964863996983,16.537772909567376,1.64,bg063429,bg,G,V
601295471956,2457530.8538725,2.451186080137467,0.14622226094335752,15.486340700326656,0.06484095248570843,16.799822656566434,1.36,bg063862,bg,G,V
601295471956,2457536.7944375,2.2975125555652878,0.10867812315940777,15.55663667096811,0.05141577766456296,17.12200106950901,1.42,bg064669,bg,G,V
601295471956,2457546.6210301,3.6902939752738018,0.07409989788845626,15.04212899402868,0.021825731990385733,17.537812369899694,1.41,bg065636,bg,G,V
601295471956,2457548.6089343,4.0759248564501736,0.08373087723557025,14.934215982575685,0.02232912192630707,17.405142290504777,1.49,bg066661,bg,G,V
601295471956,2457551.6347797,2.5181114551455472,0.09679131098467987,15.457094032816281,0.04178049645399714,17.247765463236032,1.90,bg067318,bg,B,V
601295471956,2457554.8301529,2.9655178878420605,0.11862356527314195,15.27953003447232,0.04347930539694528,17.026928961758234,1.56,bg067706,bg,B,V
601295471956,2457555.8709782,2.451410183859181,0.07750586958271252,15.486241439644619,0.034366141974398884,17.489019910609333,1.51,bg068111,bg,G,V
601295471956,2457556.7157067,4.889810746487659,0.5065668870443654,14.7365512778463,0.11260480417682193,15.450764399463825,1.62,bg068318,bg,B,V
601295471956,2457558.7046574,4.8222062571657425,0.2297092875179751,14.751666948915057,0.05177796113566991,16.309410006731333,1.45,bg069028,bg,B,V
601295471956,2457566.8348703,4.319734498636503,0.12196075969633169,14.871138767410566,0.030688470133993246,16.996806091347135,1.46,bg071537,bg,G,V
601295471956,2457567.83508,2.7607581991087913,0.11939867263353236,15.357210477914673,0.04700924765809207,17.019857646859748,1.63,bg071984,bg,G,V
601295471956,2457569.7937797,3.1787862346294977,0.16676418718124067,15.204128095301224,0.05702346979940976,16.65709941610453,1.67,bg072820,bg,B,V
601295471956,2457575.8513536,3.3551330130423294,0.061124503243560585,15.145507048779637,0.019802397454999076,17.74681803704743,1.74,bg073707,bg,G,V
601295471956,2457584.5197585,3.6539699634657374,0.10906238841295443,15.052868971958384,0.03244308944714689,17.118168882947824,1.55,bg074817,bg,G,V
601295471956,2457590.6893378,3.000661233203389,0.33781984386345737,15.266738985810822,0.12237152211556922,15.890643501524364,1.90,bg076830,bg,B,V
601295471956,2457593.7618573,2.6700013542040155,0.08604104827997369,15.393502700428417,0.03502727757719432,17.37559216125511,1.56,bg077814,bg,B,V
601295471956,2457597.6773547,2.6092752483978425,0.15969957180399497,15.418481668097284,0.06652670744410162,16.704097014467422,1.53,bg078825,bg,B,V
601295471956,2457598.7115896,4.116834990849023,0.1275940258433541,14.923372754147326,0.03368829667296982,16.947780542432046,1.45,bg079277,bg,B,V
601295471956,2457600.5414002,2.4840280803694035,0.08102034724372024,15.471890152123839,0.03545273724000508,17.440871143209822,1.42,bg079694,bg,G,V
601295471956,2457603.6403805,3.0044341394140055,0.0560555724295503,15.265374683945538,0.020280015205793086,17.840809414011737,1.48,bg080985,bg,G,V
601295471956,2457605.638908,3.0021086631160077,0.08902722182209129,15.266215385167257,0.03223358320128168,17.338549341123958,1.45,bg081828,bg,G,V
601295471956,2457606.603688,2.538916284224933,0.06185010157436504,15.448160451760176,0.026479160299295517,17.734005350694165,1.41,bg082221,bg,G,V
601295471956,2457608.6162531,2.625520367110787,0.07051603770576774,15.411742925478327,0.029193400299473822,17.591636640382475,1.45,bg083051,bg,G,V
601295471956,2457610.7378203,2.2321895221674604,0.08842008539282684,15.587953741423409,0.043055837112407076,17.34597906868819,1.39,bg083912,bg,G,V
601295471956,2457617.6035604,3.3793112834483763,0.10498386878550282,15.137710908464383,0.03376809393462041,17.15954996113644,1.43,bg086255,bg,G,V
601295471956,2457619.4693411,2.633468845897714,0.13709222904901794,15.408460942034942,0.05658441438436235,16.869824298949332,1.46,bg086982,bg,G,V
601295471956,2457621.6089621,2.4210741434582648,0.10178458801340845,15.499761180601075,0.045696833388040356,17.193151335891482,1.46,bg087880,bg,B,V
601295471956,2457622.4900931,3.7313501772769833,0.07721057930926906,15.030116383682069,0.02249173589724879,17.49316436625553,2.18,bg088203,bg,G,V
601295471956,2457626.6106029,3.520148426970443,0.07272085296746655,15.09337896481654,0.022454850140352867,17.558208983100517,1.61,bg089932,bg,B,V
601295471956,2457630.6237161,3.5916643266066997,0.071875805591878,15.071542051618536,0.02175199810978904,17.57089958031458,1.43,bg090844,bg,G,V
601295471956,2457633.6838116,2.5413434075681365,0.067679823848021,15.447123018224293,0.028947298386626873,17.636208344468763,1.46,bg091910,bg,G,V
601295471956,2457636.6375921,4.27177109978193,0.08556202258866513,14.88326147141154,0.021771344085053632,17.38165378805882,1.52,bg092970,bg,G,V
601295471956,2457639.5932786,2.9562014559266796,0.06149161918938159,15.282946338146328,0.02260966226648632,17.740316571223268,1.47,bg093983,bg,B,V
601295471956,2457645.5574853,3.7027165247906573,0.19371345911534302,15.038480243777459,0.05686584601449417,16.494456902843822,1.43,bg096272,bg,B,V
601295471956,2457648.510743,2.289135478410583,0.10362352664860117,15.560602663563486,0.04920384536371392,17.173710472005034,1.50,bg097118,bg,B,V
601295471956,2457651.597554,3.9241902292560353,0.09449926102442663,14.975406274264973,0.026175231594086707,17.273785362728354,1.59,bg098263,bg,B,V
601295471956,2457653.61438,4.195876373497472,0.14024446148952327,14.902724695166727,0.036330820663994824,16.84514209571978,1.45,bg099039,bg,G,V
601295471956,2457654.5793377,2.605345029378287,0.07003983053441139,15.420118290387247,0.029220794068511104,17.598993677149387,1.39,bg099394,bg,G,V
601295471956,2457657.5970929,3.710612179128894,0.07475026083112976,15.036167490260349,0.02189673282729642,17.528324612646554,1.38,bg100549,bg,B,V
601295471956,2457659.5939338,2.8518320707427485,0.06471786820798874,15.321971532928734,0.024666778119023562,17.684795885483584,1.42,bg101305,bg,G,V
601295471956,2457662.5594763,2.960625983726701,0.057785342963646534,15.281322538579463,0.02121516048987904,17.807812155637297,1.46,bg102411,bg,G,V
601295471956,2457666.5303519,3.7797665857975926,0.07667105607933665,15.016118950975539,0.022048479064078468,17.500777780329965,1.43,bg103564,bg,G,V
601295471956,2457672.5374734,4.433926950220975,0.28636039920334666,14.8428100701313,0.07019991690805508,16.070073995730862,1.47,bg105769,bg,B,V
601295471956,2457673.5211563,3.1417501732642092,0.14777523304832965,15.216852285257483,0.05112604263709348,16.788352261367418,1.40,bg105881,bg,B,V
601295471956,2457680.5452855,2.4925672325371333,0.07370011935036044,15.468164200873119,0.0321390830847461,17.543685915780976,2.43,bg106793,bg,G,V
601295471956,2457681.5675273,2.9657499552495996,0.0646973099692514,15.279445073215097,0.023711763996010046,17.685140834578508,1.57,bg107049,bg,G,V
601295471956,2457683.523283,3.4073214873845985,0.0713155930693725,15.128748624449509,0.022750113036134154,17.579395148164135,1.48,bg107701,bg,G,V
601295471956,2457686.5628267,2.5139527303668876,0.0786971821213119,15.458888635953025,0.03402626243364896,17.47245843860757,2.14,bg108370,bg,G,V
601295471956,2457688.5648073,2.62765055302272,0.0815586186346143,15.410862382990986,0.0337376186977942,17.433681739964072,1.49,bg109038,bg,G,V
601295471956,2457690.5240346,2.552843129973792,0.08204437373041618,15.442221083017442,0.0349330775758219,17.42723438302602,1.52,bg109536,bg,G,V
601295471956,2457691.5327108,4.418221281181013,0.09707864910970719,14.846662746553696,0.02388297553607699,17.244547082898695,1.40,bg109890,bg,G,V
601295471956,2457694.5312637,2.640520109427351,0.07464471890960406,15.40555770627546,0.03072711460992212,17.529858676302275,1.36,bg110551,bg,G,V
601295471956,2457695.5321277,4.409109063782044,0.09363335493445885,14.84890430033342,0.02308298214583605,17.28377993199382,1.35,bg110778,bg,G,V
601295471956,2457699.5162019,2.419454593883666,0.10425612597895169,15.500487714320663,0.04683777755141733,17.16710243598476,1.52,bg111836,bg,G,V
601295471956,2457703.5047768,2.5110577905046063,0.16201123220115912,15.460139634872831,0.07012947535574429,16.688493580871587,1.70,bg112909,bg,G,V
601295471956,2457801.8972116,3.988751710185253,0.4158535570482445,14.957688896001411,0.11332235465240617,15.665005342127001,1.62,bg140326,bg,G,V
601295471956,2457802.8964376,3.1471620380324667,0.3168987312182054,15.214983644460107,0.10944944634748756,15.96005514270368,1.53,bg140675,bg,G,V
601295471956,2457803.8917889,4.321803056024964,0.14919985791435258,14.870618973872213,0.03752456011998812,16.777935369800502,1.46,bg141021,bg,G,V
601295471956,2457804.8911052,2.326658044944599,0.1347969074995395,15.542950008081943,0.06297374813425992,16.88815657177089,1.42,bg141372,bg,B,V
601295471956,2457816.8933514,3.5432054984530517,0.0917572580675487,15.08629055144577,0.028148564941256404,17.305755325426187,1.83,bg143749,bg,G,V
601295471956,2457822.8565279,4.137432924171041,0.0949946133009259,14.917953989308923,0.02495629931649367,17.268108945718268,1.56,bg145575,bg,G,V
601295471956,2457824.8508562,2.9358233443445503,0.15321182809974604,15.290456605838571,0.056725005638162435,16.74912565732582,1.41,bg146292,bg,G,V
601295471956,2457826.8649422,2.8493956631025026,0.11435230706373482,15.322899507136778,0.04362187657838477,17.06674406631473,1.53,bg147032,bg,G,V
601295471956,2457828.8661673,2.990350100911773,0.11171267786693721,15.270476311638062,0.04060622324168209,17.092100237628802,1.39,bg147789,bg,G,V
601295471956,2457831.848778,3.645313957214543,0.1470468688850047,15.055444058469106,0.043846306521704015,16.79371694024386,1.45,bg148898,bg,G,V
601295471956,2457837.9089856,3.3300531253416015,0.08506796931672489,15.153653499535976,0.027766879554041092,17.387941229293318,1.60,bg151125,bg,G,V
601295471956,2457839.8145507,4.703940720439123,0.10875198880330414,14.778626804323611,0.025129713682024737,17.121263374014788,1.40,bg152140,bg,G,V
601295471956,2457843.8086866,3.1479247910567283,0.07200524665228865,15.214720534958916,0.024862910534106657,17.568946037698748,1.45,bg152731,bg,G,V
601295471956,2457845.8152542,2.6366763304147423,0.07596485887259737,15.407139353205864,0.03131613001644924,17.510824555315768,1.57,bg153517,bg,G,V
601295471956,2457848.8264954,3.1236894822516525,0.06277736970901641,15.223111766317587,0.021844767801201898,17.71784860526332,1.42,bg154676,bg,G,V
601295471956,2457851.7939603,2.5974013528139683,0.10613107511973575,15.423433748536917,0.04441356902182405,17.147749984417032,1.77,bg155616,bg,G,V
601295471956,2457853.7698272,3.0261184155270304,0.11968489724309242,15.257566608349514,0.04298981789494845,17.017258015526505,1.57,bg156409,bg,G,V
601295471956,2457855.7687033,2.764636193957483,0.15129013249010986,15.355686431013797,0.059481893691590376,16.762829885662015,1.45,bg157223,bg,G,V
601295471956,2457857.819326,2.0954994580342294,0.35459598177842766,15.656562522399746,0.18393248134653342,15.83802186882366,1.58,bg158033,bg,B,V
601295471956,2457858.7579691,5.245485363034376,0.22228702870059702,14.66031720573115,0.04606176908753367,16.345071091946505,1.42,bg158398,bg,B,V
601295471956,2457865.9163014,2.880023518563907,0.0717551834818744,15.31129131885084,0.027081294354534494,17.57272319544887,1.49,bg159951,bg,G,V
601295471956,2457868.8690745,3.3391520565913546,0.08171546902801995,15.15069091405765,0.02659991533229184,17.43159569917614,1.46,bg160934,bg,G,V
601295471956,2457870.7233801,2.4890816192940495,0.0877785552742336,15.469683560114984,0.03833199859120226,17.35388532212407,1.44,bg161668,bg,G,V
601295471956,2457871.8784216,2.893326595614489,0.07261276552036673,15.306287756736833,0.027278952595088654,17.559823949788257,1.44,bg162212,bg,G,V
601295471956,2457873.7818819,3.469567976868513,0.0793555047231177,15.109092902657185,0.024860727321026347,17.463413748118818,1.44,bg162983,bg,G,V
601295471956,2457877.7089435,4.795880072642634,0.12007599946533673,14.757610618387798,0.02721448175230833,17.0137158681212,1.42,bg164460,bg,G,V
601295471956,2457878.8401102,2.2852452779127628,0.08428273557980803,15.562449353975804,0.04008833099620748,17.398009835830887,1.40,bg164985,bg,B,V
601295471956,2457880.6997736,2.6062486475990543,0.11748576151433814,15.419741787118495,0.04899836199709509,17.03739330312457,1.74,bg165693,bg,G,V
601295471956,2457882.9154049,2.4168754001578705,0.0782465714900485,15.501645751210662,0.03519032101500963,17.47869310051328,1.48,bg166199,bg,G,V
601295471956,2457883.8695199,3.2396207105925283,0.3391614420810491,15.183545987749765,0.11379534035792038,15.886340210741656,1.69,bg166591,bg,G,V
601295471956,2457886.7950771,3.120398807231642,0.1255674999517618,15.224256146464839,0.043740054211895286,16.965163274832854,1.63,bg166791,bg,G,V
601295471956,2457890.794366,3.031479696883815,0.13905290347145102,15.255644744704941,0.04985831191626425,16.85440623990223,1.56,bg168119,bg,G,V
601295471956,2457893.883427,2.2805975267985055,0.07957798358247117,15.564659781979683,0.037927695362908596,17.46037406764941,1.70,bg168705,bg,G,V
601295471956,2457894.7058967,4.340569341607189,0.09459072471973856,14.865914658096745,0.02368721636228504,17.272735011460142,1.54,bg169011,bg,B,V
601295471956,2457901.6662829,3.0769284758992645,0.08319865143743269,15.239487901860077,0.0293907763824078,17.41206567644857,1.64,bg170339,bg,G,V
601295471956,2457905.8169998,2.6340847309472095,0.07716412220636937,15.408207052372694,0.03184181772555493,17.49381784327753,1.55,bg171982,bg,G,V
601295471956,2457906.8661229,4.56478551536704,0.10123668275225209,14.811230463905222,0.024106252569009865,17.199011628468785,1.68,bg172461,bg,B,V
601295471956,2457907.7868999,3.183542155808003,0.12293298682135868,15.20250489182747,0.041972999012614635,16.9881853098892,1.47,bg172743,bg,B,V
601295471956,2457910.8769141,4.134163410945324,0.0798602900634104,14.918812307080282,0.020996911462808802,17.456529185482758,1.39,bg174084,bg,G,V
601295471956,2457911.8884825,2.6458209628163165,0.07655686370209137,15.403380271906071,0.03145110098315408,17.502396060097944,1.49,bg174501,bg,G,V
601295471956,2457918.7518462,2.2189045735072246,0.4437587480867738,15.594434841242492,0.21738044577072937,15.594489074528282,1.66,bg177077,bg,B,V
601295471956,2457923.7716422,4.562531672222947,0.09243588478228171,14.811766673856258,0.02202149925194389,17.297754887231783,1.40,bg178869,bg,G,V
601295471956,2457926.7566972,2.719813168558989,0.143223820817836,15.373433724073656,0.05723851472813656,16.8223182553572,1.66,bg180199,bg,B,V
601295471956,2457927.7502358,2.3751172732834642,0.2127035954130034,15.520568759212168,0.09734237666163963,16.3929193161365,1.37,bg180403,bg,G,V
601295471956,2457932.7133949,3.473618131397707,0.09891741504235499,15.1078262219612,0.030953007880172734,17.224174497065746,2.48,bg181521,bg,G,V
601295471956,2457933.7472794,2.5106207882472646,0.08158263317069982,15.460328603229174,0.035320656787619066,17.433362097308784,1.52,bg181996,bg,G,V
601295471956,2457935.7662837,2.4756874200694776,0.07009007836120752,15.475541879887317,0.030773217638995463,17.598215029856583,1.46,bg182891,bg,G,V
601295471956,2457939.6617847,2.7371279823578996,0.16538251252612038,15.366543643059323,0.06567599386310485,16.666132429833404,1.50,bg184304,bg,B,V
601295471956,2457945.6817553,3.1694606384726396,0.1284496176227506,15.207317997919729,0.04405139091969561,16.940524354256993,1.60,bg186453,bg,G,V
601295471956,2457947.6651929,2.650255415209728,0.5944771885086407,15.277018407748935,99.999,15.277018407748935,1.54,bg187321,bg,B,V
601295471956,2457948.7698427,3.8272001394244,0.1440793267174083,15.002578470033017,0.04091972149823951,16.815852217780915,1.34,bg187800,bg,B,V
601295471956,2457949.7169704,3.1263865305239564,0.2259777769403354,15.222174727110065,0.07856610691456722,16.32719206380328,1.53,bg188201,bg,B,V
601295471956,2457951.7824431,2.7294135719045984,0.08073353420418906,15.369608037687817,0.03215117065057216,17.444721482065173,1.63,bg188732,bg,G,V
601295471956,2457953.8286215,2.8647323613720714,0.07100450618733649,15.317071269307059,0.026941019731500097,17.584141615182283,1.69,bg189647,bg,G,V
601295471956,2457954.6809079,2.388306577676755,0.0953946882852552,15.51455621767091,0.04341564836780492,17.26354591060188,1.58,bg189974,bg,B,V
601295471956,2457957.6670963,3.8067042533328057,0.07918307444178363,15.008408561138042,0.022609731003005534,17.465775493430872,1.38,bg190888,bg,G,V
601295471956,2457960.6983292,2.5713717055369134,0.07499848518563937,15.434369252587736,0.03170295932616421,17.524725164603087,1.55,bg192133,bg,G,V
601295471956,2457966.6434696,2.935643541126397,0.07658048625200355,15.290523103314433,0.02835482503357008,17.50206109468422,1.46,bg194667,bg,G,V
601295471956,2457973.6346545,2.565637851742779,0.16413859354159396,15.43679301885604,0.06953885350496096,16.674329624293552,1.52,bg197467,bg,G,V
601295471956,2457979.7165106,2.8187648462704895,0.0788157386985827,15.334634287937403,0.030392489571260523,17.470824017864267,1.42,bg198938,bg,G,V
601295471956,2457980.6145643,3.71026601891589,0.0763829005823844,15.036268782497238,0.022377072564094352,17.504866027796666,1.40,bg199281,bg,G,V
601295471956,2457982.7136717,3.9725918309236032,0.08698304427520336,14.9620965415161,0.02379977387046941,17.363769885561,1.38,bg200185,bg,G,V
601295471956,2457984.6612595,3.489734750637362,0.10047354513013791,15.102800359119296,0.03129474958562629,17.20722707800289,1.36,bg200884,bg,B,V
601295471956,2458001.6904365,3.465480284965932,0.20399059030796377,15.110372823268818,0.06398215666398922,16.438331056871746,1.60,bg203775,bg,G,V
601295471956,2458002.6770587,2.8237850897850523,0.22355410543413393,15.332702302703616,0.08605243853089606,16.33889976910376,1.46,bg204067,bg,B,V
601295471956,2458004.677732,2.5694260050101767,0.14025480474707946,15.435191116323798,0.059332658122016074,16.845062023858205,1.45,bg204578,bg,B,V
601295471956,2458005.6277563,2.619593223856675,0.11421381610271474,15.414196758612505,0.047391118267891746,17.06805978770624,1.61,bg204929,bg,G,V
601295471956,2458008.5506773,3.316068372791792,0.06635675536508524,15.1582227131959,0.021750730050479606,17.65764353805569,1.51,bg205581,bg,G,V
601295471956,2458011.630075,2.6800071851933183,0.06280698099800493,15.389441508544248,0.02547323678223745,17.717336598011794,1.81,bg206443,bg,G,V
601295471956,2458013.6227864,2.8541950443956114,0.05556300839000404,15.321072285119113,0.02115993244944819,17.85039201358466,1.84,bg207201,bg,G,V
601295471956,2458014.4759914,2.3669553336126783,99.99,15.46459046599836,99.99,99.99,2.29,bl002556,bl,G,g
601295471956,2458014.4797005,3.1703607225174126,0.051382767671063825,15.147293925029553,0.017616555122068646,17.87559687816471,1.63,bk002564,bk,G,g
601295471956,2458015.4898469,2.3305810969469367,0.032483009242040124,15.48140507322274,0.015149706134491939,18.373499972221076,1.52,bk003095,bk,G,g
601295471956,2458015.5047909,2.19472171058535,0.038092625539954746,15.546616972817851,0.018865730247766728,18.20053834267921,1.63,bl003102,bl,G,g
601295471956,2458016.4841417,2.642232341083014,0.0322321351637004,15.34513811216157,0.01325959454095584,18.38191792250629,1.55,bk003573,bk,G,g
601295471956,2458016.4952114,2.7343972841342117,0.04657494402275026,15.307911587218019,0.018514112579362304,17.98225975743964,1.46,bl003577,bl,G,g
601295471956,2458016.6027088,3.791692105274504,0.08249705865489397,15.012698743722975,0.02364926092086814,17.421260232384586,1.63,bg208248,bg,G,V
601295471956,2458018.4913378,2.023548704731137,0.04232791007326822,15.634781467597666,0.022736590326764262,18.08607354680418,1.65,bl004106,bl,G,g
601295471956,2458019.4779321,2.2743619753876665,0.05579262135029274,15.507916657635445,0.02666424883017388,17.786198694687062,1.56,bk004505,bk,G,g
601295471956,2458019.4853278,2.3562398572350824,0.04001272299116762,15.469516877101263,0.01845826097637889,18.147145342729864,1.59,bl004506,bl,G,g
601295471956,2458019.5856402,2.6164365628622495,0.06608350883698288,15.415505880860705,0.02745333172961997,17.662123657015286,1.39,bg209288,bg,G,V
601295471956,2458020.4783481,1.931094239208408,0.05957746992088736,15.685556951596663,0.03353441699757282,17.71493547127418,1.55,bk004912,bk,G,g
601295471956,2458020.4893619,2.3669553336126783,99.99,15.46459046599836,99.99,99.99,1.66,bl004916,bl,G,g
601295471956,2458022.4791716,2.11197476222593,0.07250875837864557,15.588343811931182,0.03731761818962704,17.50166444033262,2.03,bl005720,bl,G,g
601295471956,2458022.5428466,2.5335694095359726,0.07780111722916475,15.450449387770133,0.033378375762091204,17.484891809847404,1.47,bg210202,bg,G,V
601295471956,2458028.6206602,2.61331671890782,0.12972843561878897,15.416801287260908,0.05395793327713808,16.929768441154224,2.08,bg211741,bg,G,V
601295471956,2458029.5572066,2.674834056414769,0.07835495118396654,15.331823512107661,0.031840638859712916,17.417474500498397,1.62,bl007381,bl,G,g
601295471956,2458030.4862967,2.0280091818284323,0.14574419086233514,15.632390829938164,0.07811483309980878,16.743662477765252,1.76,bl007737,bl,B,g
601295471956,2458031.6220322,3.45851426088759,0.31700580931118866,15.112557477530684,0.09962992946328264,15.95968834121872,1.58,bg212834,bg,B,V
601295471956,2458032.4982874,2.201051383543924,0.08865261244563231,15.543490169091607,0.04377977542343398,17.283411766281024,1.52,bl008518,bl,G,g
601295471956,2458032.5056349,1.850169131419832,0.08222659568939929,15.732037045213971,0.04830733197694792,17.365109836053122,1.51,bk008529,bk,B,g
601295471956,2458032.6077589,2.5568785977055093,0.1751577546126262,15.440506134703655,0.07446144055499053,16.603782970588593,1.40,bg213148,bg,G,V
601295471956,2458033.5152236,4.725969315913152,0.13942506652630984,14.773554160563494,0.032067280852711655,16.851504242711602,1.46,bg213448,bg,G,V
601295471956,2458033.5283183,3.6808813557523488,0.07585061848930759,14.985186074164389,0.02239852809057684,17.452742795458043,1.62,bl008952,bl,G,g
601295471956,2458034.5989602,1.9700159554283025,0.09330288886153286,15.663891263316819,0.051479879269858725,17.227902884787625,1.57,bl009394,bl,G,g
601295471956,2458035.4849866,2.8702348624540757,0.07690883604090068,15.25527203437186,0.029125338141334778,17.437700014755414,1.68,bl009694,bl,G,g
601295471956,2458036.5281061,2.521164067983463,0.08772857404683525,15.455778632351503,0.037822665694007204,17.354503717853312,1.39,bg214537,bg,G,V
601295471956,2458037.5208899,3.826697106606196,0.09253257275622921,15.002721184502818,0.026283471262214655,17.296619800257083,1.52,bg214902,bg,G,V
601295471956,2458040.5567826,2.615599775572779,0.0882920785401623,15.415853175949973,0.03669125968101024,17.347552041319062,2.15,bg215997,bg,G,V
601295471956,2458043.5085277,2.5376669059763786,0.07471328737746392,15.448694864444635,0.03200187336811185,17.52886177931441,1.71,bg216898,bg,G,V
601295471956,2458057.5047042,2.09470519117492,0.08926123100088826,15.597258349796455,0.0463182492618249,17.275983431698762,1.45,bl017055,bl,G,g
601295471956,2458057.5196736,2.153087432996025,0.06252808585450598,15.56741145703991,0.031566442527996036,17.662452776408898,1.60,bk017053,bk,G,g
601295471956,2458058.5090303,2.9849506328034097,0.07970401906536946,15.2127227401333,0.029023864709801762,17.398940058456784,1.44,bl017446,bl,G,g
601295471956,2458060.5115876,2.007099827095522,0.3125436788809838,15.643643188474385,0.1692598372546508,15.915363811870716,1.69,bl017900,bl,B,g
601295471956,2458167.8961761,2.8881390863125604,0.2229835739884425,15.24852036215426,0.08392028318029811,16.28195843127609,1.55,bk049594,bk,G,g
601295471956,2458170.886459,2.482364795144798,0.04232811082686984,15.412901613625117,0.01853426869658742,18.08606839736646,1.47,bk050295,bk,G,g
601295471956,2458176.8994099,2.281703636356162,0.11051460111297431,15.504417535939156,0.05264687513010352,17.044091460192988,2.04,bl052458,bl,G,g
601295471956,2458178.8912164,2.1338442109771942,0.18065564145650811,15.57715884977046,0.09202397563043846,16.510511791130238,2.01,bl053179,bl,G,g
601295471956,2458179.8866489,2.6129911264689265,0.15046592804871128,15.357220785040193,0.06259107431914289,16.70904519111377,2.03,bl053395,bl,G,g
601295471956,2458180.8766799,2.1648453420042766,0.1855125289769399,15.561498433507152,0.09314478467506428,16.48170749662111,1.50,bk053757,bk,G,g
601295471956,2458180.8858841,1.9137548894141743,0.13935969648906701,15.695349839087132,0.07915221108213424,16.792297631901235,1.62,bl053776,bl,G,g
601295471956,2458181.6196017,2.053851686194822,0.0941398183803897,15.618642925045336,0.04982145995823163,17.218207221174502,2.22,bo032128,bo,G,g
601295471956,2458181.6325187,1.911167992264904,0.10805972296297242,15.696818463897662,0.061457821126823325,17.068480986975946,1.56,bp032123,bp,G,g
601295471956,2458181.8721423,3.1699817145829043,0.08433727219024963,15.147423729575902,0.028918446945976086,17.337591736293586,1.41,bk054137,bk,G,g
601295471956,2458181.8849833,3.0196034083896417,0.10796378263419121,15.200190855003761,0.03886336110225943,17.069445381059033,1.57,bl054159,bl,G,g
601295471956,2458182.6279782,2.4732200319188244,0.09061176927740575,15.41690873372701,0.03982300494549374,17.25967908523383,1.59,bp032561,bp,G,g
601295471956,2458182.8683379,2.7490154442206416,0.15451105125463302,15.361838455125707,0.06109343444944017,16.739957525257637,1.45,bg253088,bg,G,V
601295471956,2458186.6207154,2.8709013929927214,0.07229597329384528,15.255019932241398,0.027372092910967618,17.504855339331844,1.51,bp033649,bp,G,g
601295471956,2458186.8511672,2.7342425268852693,0.12979036249512912,15.36768882003427,0.05159618416646992,16.929250280208233,1.44,bg254204,bg,G,V
601295471956,2458191.8972226,2.8458259741165075,0.03754144191712581,15.264544775033599,0.01433886523577006,18.216363238236532,1.52,bk057975,bk,G,g
601295471956,2458192.8807778,2.3887244126352476,0.04351464578740389,15.454650502172527,0.019800747118252526,18.056051979737376,1.44,bk058366,bk,G,g
601295471956,2458192.9098166,2.1871731099477385,0.1324178047598533,15.550357727651337,0.06580750093509544,16.84777465191032,1.47,bl058400,bl,G,g
601295471956,2458193.853979,2.1341295394103805,0.03704969424349233,15.57701367951931,0.018870179172690207,18.23067904076934,1.58,bk058747,bk,G,g
601295471956,2458194.8456336,2.752420259992253,0.03393283230179077,15.300778757438867,0.013400393067741595,18.326090334440913,1.49,bk059145,bk,G,g
601295471956,2458194.8910945,2.2840929381202155,0.04587517087043525,15.503281194613471,0.021831124001703006,17.998696374261904,1.59,bl059193,bl,G,g
601295471956,2458195.6179562,2.2383403564333975,0.03766521759865819,15.525250309917855,0.01829054003959437,18.21278940951148,1.62,bp035316,bp,G,g
601295471956,2458195.633758,2.2763299745784003,0.035996963684083894,15.506977579302298,0.017188691831230826,18.261975936667014,1.56,bo035343,bo,G,g
601295471956,2458195.875778,2.6458533778189217,0.08429637288202627,15.403366970202438,0.03463022291076584,17.397834173343156,1.41,bg257632,bg,G,V
601295471956,2458196.6438287,2.7466150161372567,0.04475187570927319,15.303071147087525,0.01771028807330405,18.025612504317095,1.96,bp035797,bp,G,g
601295471956,2458196.8632374,2.9873870095069774,0.09214606903938423,15.271552684124927,0.03352721638550357,17.301164361417484,1.39,bg258013,bg,G,V
601295471956,2458196.8663728,2.593830295849166,0.045307406077738234,15.365211726053186,0.018986277012065733,18.012217614368303,1.48,bl059984,bl,G,g
601295471956,2458197.6430881,2.3112380897674014,0.03815903419328026,15.490453906846984,0.01794588418358346,18.198647176042137,1.49,bo036277,bo,G,g
601295471956,2458198.6383364,2.3049836143224445,0.029553080343745423,15.49339601622689,0.013936287103089537,18.476133725254346,2.09,bo036734,bo,G,g
601295471956,2458198.8304048,2.9311998853701837,0.03893309196783605,15.232452034772496,0.014437288441884712,18.17684337229537,1.47,bk060751,bk,G,g
601295471956,2458198.8645365,2.7842828528409305,0.05028152390548431,15.288282240348888,0.01962941023620584,17.8991195324976,1.48,bl060790,bl,G,g
601295471956,2458199.8451234,2.1988361063461106,0.04342942020198714,15.544583472893583,0.021468581213332394,18.05818053289952,1.50,bk061167,bk,G,g
601295471956,2458200.5677155,2.253884293231958,0.040710293284419795,15.517736579587213,0.019632915017105897,18.128380033622747,1.56,bo037279,bo,G,g
601295471956,2458200.5911613,2.0932072609201677,0.036571011299966476,15.598035040903419,0.018990522334429286,18.244798186265495,1.60,bp037284,bp,G,g
601295471956,2458200.8478983,3.0143550591857156,0.040007617220080754,15.20207960654674,0.014426482482245066,18.14728389551569,1.48,bk061581,bk,G,g
601295471956,2458200.859075,2.7107539896215536,0.04606371599848767,15.317340358207261,0.01847060143111158,17.994243186591074,1.52,bl061602,bl,G,g
601295471956,2458201.5631665,2.751779337313739,0.03611602316896555,15.301031609083273,0.014265877496235037,18.258390804048016,1.47,bo037666,bo,G,g
601295471956,2458201.5901827,2.4125415730449125,0.03886032802837682,15.443878607617329,0.01750829393337868,18.178874455811552,1.54,bp037672,bp,G,g
601295471956,2458201.8582668,2.3277144641869016,0.03244328451106004,15.482741359134767,0.015149813359197004,18.374828573671678,1.47,bk061922,bk,G,g
601295471956,2458201.8849939,2.0204474251680904,0.04075047603542216,15.63644673732326,0.02192286477684082,18.12730889541787,1.49,bl061955,bl,G,g
601295471956,2458202.8387163,3.163513923355913,0.04155556593424996,15.149641246707828,0.01427813959449157,18.10606760837163,1.48,bk062259,bk,G,g
601295471956,2458202.8804886,2.775403276600353,0.04673742748403332,15.291750380592893,0.018304205389318245,17.978478600621067,1.46,bl062304,bl,G,g
601295471956,2458203.5577378,2.678579757215058,0.03689335638121424,15.330304166218738,0.014971170531468746,18.235270193791745,1.52,bo038328,bo,G,g
601295471956,2458203.8490638,2.2575030360731727,0.03835503496055208,15.515994764631287,0.01846741941238883,18.193084654089905,1.55,bk062677,bk,G,g
601295471956,2458204.5640484,2.186621159612318,0.04294002168291071,15.550631756299527,0.021345232303585055,18.070484962940206,1.48,bo038803,bo,G,g
601295471956,2458204.8408966,3.3019390876716903,0.06001373272146616,15.103142978835727,0.019755760613229305,17.7070140120357,1.52,bl063082,bl,B,g
601295471956,2458205.5551099,3.029305899537545,0.04543018352997396,15.1967077956905,0.016300973196285425,18.009279383212906,1.49,bo039117,bo,G,g
601295471956,2458206.8085625,3.110199418648576,0.0822157668550171,15.168095032639489,0.028732872701672282,17.365252831536512,1.59,bk063866,bk,G,g
601295471956,2458208.8032266,2.734128254193083,0.11151774619103975,15.308018415117214,0.04433403638841866,17.034280652408086,1.55,bk064704,bk,G,g
601295471956,2458208.8291919,2.8960309968352993,0.15169078081490775,15.245557607541897,0.05693353547480761,16.700242644361314,1.45,bl064737,bl,G,g
601295471956,2458209.8098543,2.5567456254062457,0.0820220131160084,15.380846818424654,0.0348702511492327,17.3678145508544,1.98,bk065144,bk,G,g
601295471956,2458209.8284122,2.3588594578734607,0.09748458657170002,15.46831045689348,0.04492065298314878,17.180300725940107,1.53,bl065171,bl,G,g
601295471956,2458210.82757,2.2293838126736687,0.07462694360643218,15.529603513691683,0.0363850506984655,17.47040147349204,2.08,bk065596,bk,G,g
601295471956,2458210.8470621,2.588292940664015,0.11968696490349069,15.367532052690331,0.05026267507248868,16.957523476419208,1.51,bl065623,bl,G,g
601295471956,2458211.8536217,2.312577648997638,0.09126873449370092,15.489824812576128,0.0428980822467971,17.251835539521693,1.55,bl066056,bl,G,g
601295471956,2458212.8720926,2.48178508793174,0.07140636016554582,15.413155195457682,0.03127410558352426,17.518298371155005,1.61,bk066476,bk,G,g
601295471956,2458213.799528,3.1347018711051806,0.14559184683084256,15.219290796696388,0.0504839100915951,16.804513755951398,1.43,bg264305,bg,G,V
601295471956,2458220.8843953,1.9917016633227826,0.07095366908613443,15.652004907138348,0.038722442610118465,17.5252034659873,1.40,bl069459,bl,G,g
601295471956,2458223.8256653,3.2571135618198275,0.049309671132620844,15.117983370165476,0.016455511177346782,17.92031034633135,1.50,bl070687,bl,G,g
601295471956,2458223.8367332,3.4490441738813495,0.06166801888938719,15.055818730630165,0.019434501831595622,17.677490619540812,1.42,bk070684,bk,G,g
601295471956,2458225.8881795,3.15270794900163,0.06703351098673788,15.15335626789231,0.023111088347139735,17.586910694308248,1.48,bk071603,bk,G,g
601295471956,2458226.807767,2.3093573190020646,0.040233365143901294,15.491337784721978,0.01893683505572583,18.141174714558737,1.51,bk071975,bk,G,g
601295471956,2458226.8651449,2.201972009494087,0.0438187592844485,15.543036137009343,0.02163019601220606,18.048490420253245,1.41,bl072031,bl,G,g
601295471956,2458227.8619175,3.4742399696793993,0.07564160736111197,15.047916091388316,0.023665359662412264,17.455738739200967,1.55,bl072465,bl,G,g
601295471956,2458228.8417917,2.6282700397391716,0.0734806127040602,15.410606443371025,0.030388898397971206,17.546924471350714,1.55,bg269841,bg,G,V
601295471956,2458229.8486935,3.2263994314003717,0.07295284322009009,15.187986073361149,0.02457741838959837,17.554750837450985,1.43,bg270268,bg,G,V
601295471956,2458229.8512597,3.0647082753840804,0.04775521649719359,15.184092769698069,0.016937287126352476,17.955088565768065,1.49,bl073332,bl,G,g
601295471956,2458230.5428149,3.033070679236831,0.05602033876444485,15.19535929544648,0.020075916129119045,17.781776284573354,1.54,bo044100,bo,B,g
601295471956,2458230.7710257,2.6276180283640365,0.0367172056675533,15.351160039916923,0.01518866354606043,18.24046655602737,1.52,bk073696,bk,G,g
601295471956,2458230.8343185,2.3431223860859594,0.06380862768112677,15.475578189080839,0.029600333475146238,17.640442100337662,1.58,bl073758,bl,G,g
601295471956,2458231.5386015,2.2150244687274467,0.03298942015168945,15.53661930200797,0.01618856400393263,18.35670390617497,1.55,bo044516,bo,G,g
601295471956,2458231.5496352,2.065128226442617,0.04335553513225733,15.612698065463945,0.022819687931279437,18.06002923384703,1.51,bp044530,bp,B,g
601295471956,2458231.8424431,2.5706646978818397,0.05627435812893773,15.374952038372635,0.023794538675282296,17.776864236207935,1.48,bk074192,bk,B,g
601295471956,2458233.5564366,2.336990461267897,0.038942013494859776,15.478423272866888,0.018112301371964748,18.17659460409464,1.46,bo044983,bo,G,g
601295471956,2458236.7376446,3.4442878765035467,0.23932649735013667,15.11703279701704,0.07552722259203001,16.26487943176638,1.46,bg272743,bg,G,V
601295471956,2458238.8158236,2.699417932642406,0.1176156696154805,15.321890300675102,0.047359513175537944,16.976477647776502,1.48,bl076926,bl,G,g
601295471956,2458240.7770701,4.078865417427232,0.19678926338824582,14.933432964608023,0.052441390278332056,16.477352893428943,1.55,bg274300,bg,G,V
601295471956,2458240.7878481,3.4799897428944773,0.10507263843731535,15.046120712567284,0.03281888684843767,17.098916516965204,1.56,bl077601,bl,G,g
601295471956,2458241.7793372,2.0432290741021513,0.09148777683212196,15.624272972904429,0.04866964597730534,17.24923292570124,1.53,bl078039,bl,G,g
601295471956,2458245.8465874,2.158824863438452,0.05517495352409915,15.564522094176423,0.02778028759320096,17.798285671413264,2.37,bk079812,bk,G,g
601295471956,2458246.8864345,3.3800184565509626,0.05919029267856608,15.07776794292215,0.019034592703457105,17.722014392853488,1.59,bl080301,bl,B,g
601295471956,2458248.8723153,3.9834840366277087,0.08637355337700048,14.899407919487466,0.023568387945240278,17.311688644731042,1.53,bl080930,bl,G,g
601295471956,2458249.8706097,2.047500494695588,0.05429389817919551,15.622005583876868,0.02882299997944124,17.815763051098465,1.47,bl081376,bl,G,g
601295471956,2458250.801685,2.0555416331729464,0.04496490546728457,15.6177499286446,0.023777138082873496,18.02045639968162,1.48,bl081768,bl,G,g
601295471956,2458250.8553097,3.461584088711395,0.04670201635345815,15.05187840741736,0.014664691064216168,17.979301532496056,1.50,bk081798,bk,G,g
601295471956,2458251.7711682,2.5820871117036828,0.05918871546383394,15.37013839742714,0.024916107591864658,17.722043324319706,1.46,bl082192,bl,B,g
601295471956,2458252.8214566,1.8039421589659665,0.07516893592463972,15.759509101413522,0.04529267456242172,17.462544605167377,1.46,bl082413,bl,G,g
601295471956,2458253.7599843,2.8054783720792793,0.051199640555137836,15.28004830978052,0.019836824894451082,17.87947333133992,1.46,bk082802,bk,G,g
601295471956,2458253.7930965,2.478955334802997,0.042749444104665794,15.414393867709734,0.018744503548702152,18.075314432135265,1.45,bl082840,bl,B,g
601295471956,2458254.518112,2.331535254924133,0.03441478750829169,15.48096065536734,0.01604409697318569,18.31077788049968,1.47,bp050352,bp,G,g
601295471956,2458254.5254695,2.3822931208020823,0.031961398228270925,15.45757763063813,0.014582861338416624,18.391076185655535,1.43,bo050353,bo,G,g
601295471956,2458254.7260714,2.0608538577668805,0.05145989001756386,15.614947633391887,0.027141499069312767,17.873968477239078,1.44,bl083179,bl,G,g
601295471956,2458254.7335934,2.5705051144669047,99.99,15.375019441511474,99.99,99.99,1.51,bk083173,bk,G,g
601295471956,2458255.5176497,1.889513380193218,0.04371193190604031,15.709190693208914,0.025145611542707735,18.05114060862506,1.48,bp050789,bp,G,g
601295471956,2458255.5249502,1.880756679708052,0.04985028347536437,15.714234089939325,0.02881026095438502,17.908471530728892,1.45,bo050790,bo,G,g
601295471956,2458256.5173739,2.3066314645045787,0.027234726137713786,15.492620092543614,0.01283385042158233,18.564833080124256,1.50,bo051221,bo,G,g
601295471956,2458256.5247372,2.390159498502376,0.033402343386506286,15.453998414882404,0.015190155723114739,18.343198270451595,1.50,bp051232,bp,G,g
601295471956,2458258.7051149,1.8597102436789075,0.04805673375798333,15.726452414122111,0.028088020888882015,17.948254986319547,1.49,bl084860,bl,G,g
601295471956,2458259.6832203,4.454859262207311,0.06117048943702243,14.777980651356856,0.014925199320124326,17.686285722975686,1.51,bk085285,bk,G,g
601295471956,2458259.7227606,3.7981790913432216,0.07939459414278156,14.951127025552779,0.022721011784572916,17.40316327898543,1.49,bl085329,bl,G,g
601295471956,2458260.7622667,2.0153430361691993,0.07507159370683894,15.639193174705227,0.04048916582067576,17.46395152226446,1.46,bl085813,bl,B,g
601295471956,2458260.7684035,1.993412139873819,0.05840122858382775,15.651072875319631,0.03184469233280955,17.736585652840784,1.39,bk085806,bk,B,g
601295471956,2458261.7350888,4.264842582071193,0.06353876704948734,14.825308107966242,0.01619376938272906,17.64504365339186,1.44,bl086246,bl,B,g
601295471956,2458262.5357791,2.946589975071844,0.07873880836699193,15.226766354894188,0.02904566362898276,17.41216851671242,1.49,bo052013,bo,B,g
601295471956,2458262.8476057,2.080039192966338,0.03831098883897106,15.60488682678801,0.02001999737005366,18.194332207354606,1.51,bk086777,bk,G,g
601295471956,2458264.6681619,2.1307674755040567,0.07732509570039382,15.5787254747862,0.03944541956449881,17.43183944600609,1.44,bl087557,bl,G,g
601295471956,2458264.6706111,2.258359677303608,0.04483869416186896,15.515582844930195,0.0215810225161745,18.023508221090275,1.57,bk087547,bk,G,g
601295471956,2458265.7039375,2.4987628992399276,0.04466623265003629,15.405752999610108,0.019429715758642892,18.027692302251527,1.41,bl088041,bl,G,g
601295471956,2458265.7412134,3.100134300683197,0.06272639891493782,15.17161435158184,0.021992875718570164,17.659014722276144,1.49,bk088059,bk,G,g
601295471956,2458274.3966963,1.8916891097441604,0.05919373155114002,15.707941213123032,0.03401246654334692,17.72195131494272,1.55,bp053432,bp,G,g
601295471956,2458276.7360098,3.1881307802467744,0.06274451050680944,15.141225301596133,0.021392019211152597,17.658701272549063,1.47,bk090918,bk,B,g
601295471956,2458276.7472075,2.982114549071901,0.056349276262771794,15.2137548183577,0.020538853327469218,17.775419755345037,1.46,bl090939,bl,G,g
601295471956,2458277.4842643,2.499420539150309,0.03363274129798341,15.40546728642118,0.014626321151316098,18.335734944637313,1.47,bp054643,bp,G,g
601295471956,2458277.6833823,1.8517050255782173,0.04679773214598312,15.731136109137056,0.02747041210993821,17.9770785930918,1.55,bl091348,bl,G,g
601295471956,2458280.4495348,1.924809434268008,0.04278909212773725,15.689096275648355,0.02416337010797533,18.074307931461423,1.57,bo055175,bo,G,g
601295471956,2458280.5132451,1.9536928474387047,0.039936277880498645,15.672924905948985,0.02221894693073349,18.149221647592203,1.63,bp055231,bp,G,g
601295471956,2458282.449145,1.9646704090028213,0.03888055097029779,15.666841362166666,0.021510716633344057,18.178309584897086,1.52,bo056078,bo,G,g
601295471956,2458282.478984,1.8535138918693175,0.04042033101813979,15.730076008872214,0.023703702790547614,18.136140946932684,1.61,bp056108,bp,G,g
601295471956,2458283.5307109,2.910006557036611,0.033419531778408416,15.240330703355598,0.012482988374088441,18.342639709059675,1.61,bo056507,bo,G,g
601295471956,2458283.5415849,2.8501543700158947,0.052694485141775126,15.262894665041241,0.02009596914717948,17.84822769759592,2.01,bp056518,bp,G,g
601295471956,2458283.822932,2.00357988152608,0.03965528382697472,15.645548966847336,0.021513277196772134,18.156887954879895,1.52,bk092977,bk,G,g
601295471956,2458285.9053819,1.9710860278838636,0.051137093540761965,15.663301673684177,0.028199579592469305,17.88080051003217,1.48,bl093973,bl,G,g
601295471956,2458286.4337163,2.1596231821834007,0.03449749620921473,15.564120670532999,0.01736288015317874,18.308171672453305,2.18,bo056773,bo,G,g
601295471956,2458286.4412916,1.877455860325876,0.04154759522926356,15.716141283847037,0.024054056636616195,18.106275881628306,2.26,bp056785,bp,B,g
601295471956,2458287.603353,2.9995881123854713,0.04676105643990838,15.207411562815622,0.01694473819618814,17.97792982566037,1.50,bl094675,bl,G,g
601295471956,2458287.6256239,2.985454496351995,0.04071587732521151,15.212539481916673,0.014824003665454312,18.128231118471255,1.50,bk094681,bk,G,g
601295471956,2458288.7663175,2.7224567892118694,0.043056921609047685,15.312663133862628,0.017190723443038892,18.067533170575057,1.45,bl095276,bl,G,g
601295471956,2458290.4648288,2.166758208106257,0.03403075821941669,15.560539496202408,0.017071565460297318,18.32296154777992,1.47,bo057307,bo,G,g
601295471956,2458290.4758803,2.033466782126317,0.0351567378574087,15.629472916424165,0.018792461147176767,18.287619184648083,1.47,bp057322,bp,G,g
601295471956,2458290.5739424,1.9225061693077976,0.07688705157468914,15.690396266973677,0.04347080050020949,17.438007593640545,1.57,bk096050,bk,B,g
601295471956,2458290.7425094,1.7354987637240256,0.05425576536558773,15.801504850683454,0.03398081245504791,17.81652587572038,1.47,bl096197,bl,B,g
601295471956,2458292.8769217,4.912999910465296,0.07125927604746436,14.671698731731675,0.015765466363882912,17.520537096793007,1.49,bl097244,bl,G,g
601295471956,2458293.7304933,2.6342191525928706,0.082860631196612,15.348435864659944,0.03419074050309219,17.35677001833406,1.61,bl097598,bl,B,g
601295471956,2458293.7566575,3.0183835386865234,0.0956543850129452,15.200629563047151,0.034446304218850504,17.200878401794384,1.48,bk097607,bk,B,g
601295471956,2458294.694146,2.5705051144669047,99.99,15.375019441511474,99.99,99.99,2.09,bk097928,bk,G,g
601295471956,2458294.7239757,2.1415245196625894,0.07621182968625433,15.573257994102175,0.038682230602803375,17.44758464081258,2.05,bl097964,bl,G,g
601295471956,2458295.4619373,1.8947411265032965,0.14165588052123168,15.706190917671217,0.08126375736584505,16.77455409149992,1.55,bp058167,bp,G,g
601295471956,2458295.5559467,4.0172676964193705,0.11255799221218289,14.8902386909465,0.030454939265795577,17.024199767356333,1.42,bk098288,bk,B,g
601295471956,2458295.7206469,3.1857811631144966,0.11448297747538519,15.142025772178737,0.039060441575757915,17.005788321348476,1.56,bl098432,bl,G,g
601295471956,2458296.7312773,1.8845853262523735,0.13514403159696967,15.712026109047056,0.0779458931745783,16.825648434963124,1.53,bl098911,bl,G,g
601295471956,2458303.6448569,1.9431227121866574,0.06574225028353325,15.678815052148313,0.036775324199199766,17.60802919790889,2.10,bl101828,bl,G,g
601295471956,2458304.4059304,4.785499823696085,0.07383512370477349,14.70024736086804,0.016770571978066345,17.48198309433764,1.45,bo059823,bo,G,g
601295471956,2458305.3657995,2.1811440357142757,0.036039531706642404,15.553354757452363,0.01796002620071385,18.26069276350914,1.43,bo060243,bo,G,g
601295471956,2458305.3842584,1.8989723466119577,0.03500355380721864,15.703769021131205,0.020035753107560964,18.29236026338694,1.58,bp060264,bp,G,g
601295471956,2458305.5729881,2.075558402897535,0.04527034441230755,15.607228226683826,0.023707786796863993,18.01310611499886,2.08,bk102341,bk,G,g
601295471956,2458306.3773676,2.90017078580138,0.03758584216348501,15.244006688614862,0.014086817391813953,18.215079897272595,1.48,bo060690,bo,G,g
601295471956,2458306.3810131,2.999531444883017,0.04693398263011715,15.207432074478529,0.017007722522137624,17.973922090768376,1.54,bp060699,bp,G,g
601295471956,2458306.7184599,2.0660132359843746,0.04473353480110386,15.612232873494857,0.023534896362528406,18.02605756878499,1.98,bl102748,bl,G,g
601295471956,2458306.7893353,2.1197553927742105,0.044512652989093744,15.584351250263897,0.02282495359197318,18.03143191307648,1.54,bk102792,bk,G,g
601295471956,2458307.3557759,2.236326347565031,0.03354335385181033,15.526227670976187,0.016303598654072726,18.338624402371483,1.49,bo061121,bo,G,g
601295471956,2458307.3806928,2.0607580524561118,0.03322093828565589,15.614998108447178,0.0175225400598821,18.34911087540057,1.54,bp061147,bp,G,g
601295471956,2458308.3522963,1.8981942749102882,0.043227136260399056,15.704213974283082,0.024753007790294507,18.063249448787925,1.54,bo061568,bo,G,g
601295471956,2458308.3818389,1.8475860763796823,0.03761772011368052,15.733553920547541,0.022130945201017833,18.214159434313512,1.50,bp061598,bp,G,g
601295471956,2458308.7407513,2.1634550182721415,0.045302274822261616,15.562195947421893,0.022760631791181322,18.012340585551897,1.51,bl103280,bl,G,g
601295471956,2458309.3559477,2.4669375042228436,0.024031277102362785,15.419670253538587,0.010588413094138075,18.700698483249425,1.52,bo062021,bo,G,g
601295471956,2458309.8172231,5.1957887620034775,0.12455338517614616,14.670652688892256,0.026056508553995633,16.97396755489603,1.58,bg280640,bg,G,V
601295471956,2458310.3709363,1.737820959423517,0.039196785877163375,15.80005304519354,0.024516450793946168,18.169514470232954,1.47,bp062208,bp,G,g
601295471956,2458310.7636947,2.1962956703050938,0.047980122376788385,15.54583860872702,0.023745576534350266,17.949987233110043,1.46,bk104201,bk,B,g
601295471956,2458311.7858576,2.3228727541558074,0.04918617588143149,15.485002072255993,0.023015997995619784,17.92303296539923,1.57,bl104690,bl,G,g
601295471956,2458312.7387977,2.9950583200123706,0.10218563265415968,15.26876819595662,0.03708486712907118,17.1888817984475,1.67,bg281912,bg,G,V
601295471956,2458313.7166232,2.3466040765475595,0.08519567360708624,15.533681852522509,0.03946298141074752,17.38631254104059,1.70,bg282338,bg,G,V
601295471956,2458314.6970062,3.0364991183746413,0.042792436605264696,15.194132723871313,0.015318139816914628,18.074223071553142,1.47,bk105977,bk,G,g
601295471956,2458315.3325259,3.043281171131313,0.0423356781867588,15.191710424734122,0.015120864264487296,18.08587430832973,2.07,bo062518,bo,B,g
601295471956,2458316.5082076,2.5373935794729316,0.11003835210238214,15.448811812993977,0.04713770280917784,17.10849619888394,1.42,bg283246,bg,G,V
601295471956,2458316.7257832,2.5705051144669047,99.99,15.375019441511474,99.99,99.99,1.57,bk106678,bk,G,g
601295471956,2458316.7294456,2.8399218902747303,0.04614693541469044,15.266799634038906,0.017662356341223116,17.992283448615982,1.67,bl106693,bl,G,g
601295471956,2458317.2716169,4.527693732985146,0.07005952440956566,14.760373016856562,0.016819083060353505,17.5389726493492,1.63,bo062792,bo,G,g
601295471956,2458319.7710506,2.292867205562335,0.09865822533164191,15.558834147719995,0.04676991375134457,17.227023145955066,1.61,bg284036,bg,G,V
601295471956,2458319.7821964,1.8354320602041505,0.05197508737389945,15.740719838720112,0.03078003343950382,17.863152541230413,1.58,bl107342,bl,G,g
601295471956,2458322.2259757,2.2982820390279066,0.08035646232605755,15.496557314580965,0.038004030534971436,17.390088589474995,1.50,bo064520,bo,G,g
601295471956,2458323.2439096,1.696026150368355,0.10223907678485544,15.82648426180667,0.06552341852969099,17.12859831352054,1.62,bp064983,bp,G,g
601295471956,2458323.2512396,1.828530517076395,0.10876836019521831,15.744810090160533,0.06465655200663185,17.061384158675597,1.50,bo064983,bo,G,g
601295471956,2458323.5677435,3.321150965163217,0.13937721744963844,15.156559861525839,0.04561580520664232,16.851876918822253,1.52,bg285631,bg,G,V
601295471956,2458328.35179,1.913848858082146,0.10865798943325876,15.695296528874433,0.061711513819276094,17.06248644956816,2.00,bp066450,bp,G,g
601295471956,2458328.6677238,1.6908995510272207,0.11876505407353202,15.82977110022805,0.07634542808974223,16.965918934401152,1.64,bl110712,bl,G,g
601295471956,2458328.6980659,2.3203847006288583,0.0993364773462652,15.486165639031446,0.04653298733992329,17.15986872380928,1.99,bk110724,bk,G,g
601295471956,2458331.6076499,3.012617391592518,0.06480462597402833,15.202705675003315,0.023381598684889593,17.623625590466073,1.48,bl111999,bl,G,g
601295471956,2458332.342936,2.4701122017427237,0.054903146477784735,15.4182739198102,0.024159766137717587,17.80364752541796,1.53,bp067186,bp,G,g
601295471956,2458332.3527883,2.6743522288469723,0.04487405723126483,15.332019107328438,0.018238491040294933,18.022652267702448,1.41,bo067188,bo,G,g
601295471956,2458333.2953259,1.93402239392476,0.037635559688077413,15.683911876170145,0.02115188385654728,18.213644664134346,1.45,bo067530,bo,G,g
601295471956,2458333.3100303,2.023657201453231,0.03648880594091486,15.63472325518049,0.019599043533395376,18.247241482062936,1.55,bp067548,bp,G,g
601295471956,2458334.2789702,3.2950745027581827,0.053203081441948366,15.105402525813783,0.017550266709155448,17.837798644685815,1.43,bo067947,bo,G,g
601295471956,2458334.3076438,2.9415696254111077,0.04339652783972065,15.228617791362584,0.016035703710268526,18.059003154041854,1.48,bp067976,bp,G,g
601295471956,2458334.5712816,1.9114575290203548,0.03948519134429905,15.696653990272477,0.0224533820878561,18.16155499410488,1.52,bl113277,bl,G,g
601295471956,2458334.7236646,2.1481781557151094,0.04077575247834358,15.56988988218604,0.020632120277008326,18.126635650731174,1.47,bk113388,bk,G,g
601295471956,2458335.6225166,3.376702435997976,0.06696802930951563,15.138549426675862,0.02155692945578782,17.647687596187012,1.48,bg290264,bg,G,V
601295471956,2458336.613361,2.1185790521036343,0.04060777902869933,15.58495393780759,0.02083419554477266,18.13111751853199,1.47,bk114192,bk,G,g
601295471956,2458336.7906497,2.5943423370125753,0.10570614413557453,15.424713197134254,0.04428790337992404,17.15210581550711,1.46,bg290820,bg,G,V
601295471956,2458338.6029285,2.304314336338665,0.042737336564070715,15.493711317754768,0.02015941400333742,18.075621978990103,1.49,bl114838,bl,G,g
601295471956,2458338.6066054,2.0995331953578056,0.03845148647076281,15.59475875832346,0.019906850762050843,18.190357777524348,1.48,bk114829,bk,G,g
601295471956,2458338.789147,2.3447752301042883,0.10957543132784343,15.534528360454269,0.050795371844183236,17.11307342150994,1.50,bg291441,bg,G,V
601295471956,2458339.2755603,2.183254014525239,0.03371836821887504,15.552304953773392,0.016787052717673574,18.33297423887106,1.43,bo068511,bo,G,g
601295471956,2458339.2902879,2.0847860431345446,0.03725538143539525,15.60241189493581,0.01942404591321815,18.22466807585268,1.59,bp068529,bp,G,g
601295471956,2458339.628729,3.7526322015483924,0.05261339544064731,14.964225619899604,0.015239562587949493,17.849899785976426,1.99,bl115302,bl,G,g
601295471956,2458339.6624818,3.8611822673405554,0.10434706962054406,14.99298064700447,0.02937461119299546,17.166155750482254,1.70,bg291771,bg,G,V
601295471956,2458340.2648019,3.7589531806772993,0.05259186300085023,14.962398331208744,0.015207709628584642,17.850344222882665,1.49,bo068879,bo,G,g
601295471956,2458340.2869001,3.979962017434823,0.06231764388244017,14.900368303716842,0.017019400974357224,17.66611304872982,1.57,bp068903,bp,G,g
601295471956,2458340.6516237,2.0266199649563004,0.050566611965990146,15.633134830466327,0.027120875945712945,17.892980970774257,1.43,bl115765,bl,G,g
601295471956,2458341.7787864,3.2258406127628696,0.09233913287436957,15.188174141264385,0.03111394353844667,17.298891913873508,1.47,bg292716,bg,G,V
601295471956,2458342.2549972,2.327643446372081,0.038159290872347144,15.482774485100254,0.017819520486819396,18.19863987279601,2.14,bo069175,bo,G,g
601295471956,2458342.2762504,2.955445470218679,0.05032502424790963,15.223508245383957,0.01850858486957562,17.898180629404298,2.43,bp069197,bp,B,g
601295471956,2458342.7595261,1.9903547231079644,0.049629738924875294,15.652739412966861,0.027103394068554373,17.91328563490285,1.45,bl116737,bl,G,g
601295471956,2458342.7752669,2.5411905368151104,0.08345642604308504,15.447188331043872,0.035697247118770745,17.40870693755563,1.49,bg293140,bg,G,V
601295471956,2458344.262761,2.074225463794989,0.037214472865880685,15.607925718571902,0.019501502942040318,18.225860932207546,2.00,bo069759,bo,G,g
601295471956,2458344.2847898,2.293992848577127,0.03310071501709156,15.498585473099201,0.015684023637812305,18.35304717348148,1.45,bp069783,bp,G,g
601295471956,2458344.741984,2.8011174385374424,0.07850332678321213,15.341453111358824,0.030462736710455126,17.475136239935548,1.51,bg293967,bg,G,V
601295471956,2458344.7961467,2.0926229918920036,0.05629805086318255,15.598338140648513,0.029242502726977412,17.776407213746225,1.48,bl117652,bl,G,g
601295471956,2458345.2374799,2.4826003970661255,0.030104384294614487,15.412798570994934,0.013180597602676003,18.456066238213385,2.33,bo069852,bo,G,g
601295471956,2458345.2743509,2.1722516794681748,0.03474520823316488,15.557790268111745,0.017385890891551275,18.30040331440657,1.54,bp069888,bp,G,g
601295471956,2458345.6385918,2.7496220849916164,0.10252401228081391,15.361598886015177,0.04052889464038225,17.185292408740548,1.48,bg294315,bg,G,V
601295471956,2458346.2380691,2.0551681186349766,0.04479520194320653,15.617947236789654,0.0236917050499642,18.024561864459244,1.47,bo070275,bo,G,g
601295471956,2458346.2711268,1.8564481539119488,0.03529517743135809,15.72835855992858,0.020665442885712853,18.283352187776366,1.50,bp070308,bp,G,g
601295471956,2458347.5732457,2.4250043624778206,0.09787447108672022,15.498000093977119,0.04387014568121277,17.235682823310526,1.44,bg294731,bg,G,V
601295471956,2458349.5137781,2.1499711297169064,0.052821915512949735,15.568984051898823,0.026705068158340384,17.84560524584481,1.62,bl119425,bl,G,g
601295471956,2458355.4668862,2.185947179281748,0.13375319544509767,15.550966463407697,0.06650842685973193,16.83688019550162,2.22,bo072840,bo,G,g
601295471956,2458355.5907701,2.7956298187075417,0.14439850516734676,15.343582244286491,0.056142947063567775,16.813449650221234,1.47,bg297411,bg,B,V
601295471956,2458356.6793114,2.8302664905774697,0.1191077595334551,15.270497298543564,0.045743026830031785,16.96279047279005,1.52,bk122457,bk,G,g
601295471956,2458357.5610202,2.1664093583877433,0.09825562242350522,15.560714314629998,0.04929797278490688,17.17174708360369,1.46,bl122804,bl,G,g
601295471956,2458358.6653121,3.637074943959823,0.15643578984479095,15.057900779449039,0.046751552999367035,16.726516095493643,1.47,bg298311,bg,G,V
601295471956,2458359.246856,3.617954497011935,0.05183529604946029,15.003907871183424,0.015573085052278252,17.866076653227502,1.46,bo073038,bo,G,g
601295471956,2458360.2507572,2.1380086054163727,0.03339488849904972,15.57504200003798,0.01697785114373946,18.34344061705845,1.49,bo073456,bo,G,g
601295471956,2458360.2617092,2.0884197118829406,0.033876108449416194,15.600521162992628,0.017631444867485968,18.327906825124288,1.58,bp073471,bp,G,g
601295471956,2458360.5310745,3.1447875790638657,0.07004443384710429,15.2158031157999,0.02420998311253153,17.59892232033745,1.39,bg299034,bg,G,V
601295471956,2458360.7256636,2.57468720368702,0.07907347013921368,15.373254435891862,0.0333824722246962,17.40756361586987,1.47,bl123943,bl,G,g
601295471956,2458361.2475575,3.2496356171893908,0.0561679857249262,15.120478957001122,0.018787385906812195,17.778918487315075,1.50,bo073863,bo,B,g
601295471956,2458361.5682959,2.6579769889784193,0.09598185719842107,15.398403362551518,0.039250943888177035,17.25688352105855,1.40,bg299406,bg,G,V
601295471956,2458362.2441596,2.259423267574447,0.04114905121395888,15.515071630248347,0.01979586128118703,18.116741046428846,1.59,bo074263,bo,B,g
601295471956,2458362.2589276,2.152982006170903,0.04285698391711999,15.567464621868126,0.02163681723175758,18.072586601248005,1.50,bp074281,bp,B,g
601295471956,2458362.7214419,3.4815515632204614,0.13032332953342568,15.105349325416089,0.04068754703149713,16.92480097640796,2.22,bg299741,bg,G,V
601295471956,2458363.5258464,2.5588959048485886,0.030815171979010462,15.379934074103307,0.013089532906607325,18.43072912178114,1.44,bk124777,bk,G,g
601295471956,2458363.7187778,2.927094344309712,0.10220458112603388,15.293689603085065,0.03795297415763926,17.188680487028357,1.53,bg300145,bg,G,V
601295471956,2458364.7151755,3.627266404282672,0.10130551576776804,15.060832770831205,0.030357486541906772,17.198273663734014,1.45,bg300551,bg,G,V
601295471956,2458365.2418983,2.044178981148412,0.03046074442901165,15.623768326206127,0.0161969695997668,18.443289329350748,1.52,bo074740,bo,G,g
601295471956,2458365.2455497,2.1539508244059755,0.04152016740551288,15.566976162403922,0.02095248240292068,18.1069928717434,1.49,bp074749,bp,G,g
601295471956,2458365.7154493,2.6230992465458436,0.09864285741495772,15.412744597778241,0.04087550150127251,17.22719228343102,1.45,bg300950,bg,G,V
601295471956,2458366.2443495,2.2693615098927507,0.04873235107729199,15.510306410725796,0.02334134363001812,17.93309720071603,1.67,bp075113,bp,B,g
601295471956,2458366.5421448,1.9501179884203474,0.04510351808403351,15.674913401350668,0.025139793297599994,18.017114565788667,1.51,bl126067,bl,G,g
601295471956,2458366.7080344,3.6371797924867675,0.10257668527912811,15.05786948061614,0.030654628971833044,17.184734741377927,1.49,bg301350,bg,G,V
601295471956,2458367.5533581,2.5709573677686333,0.044282377039803957,15.37482843446382,0.018721826789100476,18.037063297978193,1.53,bl126497,bl,G,g
601295471956,2458367.5876,3.2837559776764915,0.0982847089015741,15.168854213579788,0.032533235128935856,17.231141504392422,1.65,bg301664,bg,G,V
601295471956,2458368.6593787,2.5184268253539512,0.027790362041379447,15.39724228066149,0.011994358922111443,18.54290509988296,2.10,bk126933,bk,G,g
601295471956,2458368.6704499,2.771015077827625,0.04142003295214211,15.293468400032065,0.016247394432539856,18.109614511279418,1.57,bl126954,bl,G,g
601295471956,2458370.5921394,2.18714187280647,0.11432241406832512,15.610089016448995,0.0568154700422229,17.067027927227812,1.66,bg302853,bg,G,V
601295471956,2458371.5323376,2.7770161458589007,0.04725008771695763,15.29111961030572,0.018494235646875707,17.96663406372288,1.54,bl128093,bl,G,g
601295471956,2458371.5916672,2.672602221885608,0.033910336580794245,15.332729809468088,0.013791450594117233,18.326810360348766,1.50,bk128129,bk,G,g
601295471956,2458372.2632959,2.632826684643891,0.02608297517238322,15.34900994468435,0.010768297106429719,18.61174779148671,2.06,bo075627,bo,G,g
601295471956,2458372.3076675,2.5035340045424657,0.041234894522053665,15.403681885706186,0.017902907427120234,18.114478391479906,2.11,bp075670,bp,G,g
601295471956,2458372.581692,2.7365870519996127,0.14487221442546547,15.366758235040262,0.057542404205079785,16.809893647369982,1.59,bg303647,bg,G,V
601295471956,2458372.6108149,1.952802703980217,0.057460761288060415,15.673419702875957,0.03198344056921449,17.754212172468844,1.53,bl128551,bl,B,g
601295471956,2458373.5107478,3.1841409512254413,0.04595667221107381,15.142584911659194,0.015688031824731056,17.99676917827995,1.48,bk128873,bk,G,g
601295471956,2458373.6335708,2.6555044591528603,0.04539299235602882,15.339698034712402,0.01858035256260883,18.01016857929998,2.18,bl128984,bl,G,g
601295471956,2458375.5479703,3.5598323938633443,0.10992415380349801,15.081207527656318,0.033564157705665884,17.109623565916333,1.54,bg304459,bg,G,V
601295471956,2458376.6684119,2.1901409146424724,0.040418956044345346,15.548885476183266,0.02005973569123534,18.13617788092564,1.44,bk130194,bk,G,g
601295471956,2458383.622698,3.180152621576157,0.07385169389235133,15.143945714524135,0.025242052778582606,17.481739459151495,1.48,bk132853,bk,G,g
601295471956,2458384.5590452,2.9330794343832958,0.19078188587500503,15.291471842490779,0.07070098840508518,16.511013550015463,1.48,bg307906,bg,G,V
601295471956,2458389.2493591,2.234396953032167,0.03590497651204519,15.527164796128783,0.0174665241687232,18.26475399403992,2.31,bp078080,bp,G,g
601295471956,2458390.2491018,2.0761112993518434,0.04252856427221536,15.606939041972844,0.02226600294036168,18.080938807559733,1.47,bo078260,bo,G,g
601295471956,2458392.6329937,2.486632574424563,0.03181732485595341,15.411036575963506,0.013907985084798572,18.39598145609612,1.50,bk135649,bk,G,g
601295471956,2458393.6285125,2.233100482582846,0.042367982067641564,15.52779495874892,0.020622517786608837,18.085046162423787,1.48,bG001931,bG,G,g
601295471956,2458394.6296655,2.5203405948283963,0.03983960813397731,15.396417535745677,0.017181773754553358,18.15185296641094,1.51,bG002289,bG,G,g
601295471956,2458395.2294656,2.6541219158826745,0.07271462825515193,15.340263452017117,0.0297792045402287,17.498586140985616,1.53,bp079641,bp,G,g
601295471956,2458396.2410592,2.0003778724069883,0.041126894262152824,15.647285517622016,0.022347350744953413,18.11732582501037,1.58,bp080015,bp,G,g
601295471956,2458396.6229147,2.595827448196842,0.05980960990374439,15.36437607144,0.025044209156778473,17.710713186886743,1.47,bG002955,bG,G,g
601295471956,2458397.6161914,2.0145519721712977,0.04237846488567853,15.639619432377973,0.02286540601835822,18.084777559419464,1.45,bG003305,bG,G,g
601295471956,2458398.3048414,2.0978557792807453,0.03646093137624558,15.595626550883674,0.018891406901994357,18.248071215702545,1.43,bo080449,bo,G,g
601295471956,2458398.6167367,2.7114789903779535,0.046450107698273825,15.317050013038658,0.018620556411202735,17.98517379824926,1.43,bG003657,bG,G,g
601295471956,2458399.2389716,2.6635936349219076,0.050638312962891154,15.336395701266174,0.02066443011548022,17.89144254008361,2.02,bp080791,bp,G,g
601295471956,2458399.2612562,2.9037195196585053,0.0342716214662796,15.242678962173766,0.012828980971181549,18.315303980568927,1.54,bo080801,bo,G,g
601295471956,2458401.2511578,2.902716862465631,0.05438305558012966,15.24305393269077,0.020364375767849604,17.81398159815035,2.02,bp081401,bp,G,g
601295471956,2458401.5730962,2.0637868939833472,0.047232322615659045,15.613403496901697,0.024876348063673417,17.9670423558869,1.44,bG004149,bG,G,g
601295471956,2458402.2592309,1.922078711302893,0.06533425286497227,15.690637700911676,0.036947234172526044,17.61478828880271,1.42,bo081784,bo,B,g
601295471956,2458402.2668002,2.3000818108166343,0.03730849441281833,15.495707413374834,0.01763098648386021,18.223121302924692,1.54,bp081800,bp,B,g
601295471956,2458404.5955021,3.0397161158180275,0.06293644765909587,15.192983057249368,0.02250512206786714,17.65538504580594,1.52,bG004743,bG,G,g
601295471956,2458409.5556807,2.3375100998606246,0.08317938036960179,15.47818188218634,0.038678921632188605,17.35260140934372,1.50,bG006504,bG,G,g
601295471956,2458410.5753313,2.060813910780406,0.07414622438049018,15.614968679187871,0.03910771454477751,17.47741800868414,1.47,bG006902,bG,G,g
601295471956,2458411.5727039,2.532441925850832,0.0652713392372818,15.391216885100459,0.028015295096164683,17.61583430233919,1.56,bG007281,bG,G,g
601295471956,2458412.498626,2.0741038454134957,0.08287802708524954,15.607989380576601,0.04343312522581282,17.356542101125456,1.54,bk142013,bk,G,g
601295471956,2458413.2702828,2.0758298280764533,0.11273990010002186,15.607086251938195,0.05903343714233568,17.022446497313286,2.07,bp084167,bp,G,g
601295471956,2458414.5663827,1.8970382601599467,0.1004211830886241,15.70487539731574,0.05753888161946511,17.148077277424477,1.44,bG008420,bG,G,g
601295471956,2458414.5892275,1.9479064462173297,0.1337262339050163,15.67614538526255,0.07462093590425573,16.837099076784362,1.44,bl142848,bl,G,g
601295471956,2458415.3407111,2.060973522056917,0.1503196470598885,15.614884591522262,0.07927851521071497,16.710101242941366,1.63,bp084864,bp,G,g
601295471956,2458415.5623165,2.3986805810372682,0.11128980081149398,15.450134574193555,0.050430714181540576,17.036502198679337,1.54,bG008754,bG,G,g
601295471956,2458416.2454017,2.6267938782574305,0.10928925870879497,15.351500633548383,0.04522344653413185,17.05619691088474,1.56,bp085152,bp,G,g
601295471956,2458416.5594994,2.271786143446882,0.11140982735463621,15.509147006590936,0.05330503435733446,17.035331858368373,2.05,bG009084,bG,G,g
601295471956,2458417.3237268,1.752086338820707,0.14468207185101253,15.79117686377867,0.0897576324252594,16.75160381333636,1.46,bp085581,bp,G,g
601295471956,2458417.5517556,2.832760576173476,0.1026925507084979,15.26954094810677,0.03940408471703911,17.123793258620616,1.53,bG009361,bG,G,g
601295471956,2458418.5432264,2.199923151081348,0.05383473962498826,15.544046847095172,0.0265991206568948,17.824984069186762,1.61,bk144185,bk,B,g
601295471956,2458423.5366643,2.40602084329084,0.048058699895887076,15.446817159029745,0.02171124885463996,17.94821056666654,1.50,bG010746,bG,B,g
601295471956,2458424.2656676,3.1972762009716584,0.04703741492125141,15.138115234780516,0.01599099411519903,17.971531996941913,1.45,bo087201,bo,G,g
601295471956,2458424.5335182,2.2240220464975216,0.039062382415431675,15.532217902164598,0.019091137782553766,18.173243792971792,2.18,bG011072,bG,G,g
601295471956,2458425.2698822,2.2159825476176045,0.04515213846836264,15.536149783024843,0.022147471978702666,18.01594480161702,2.28,bo087561,bo,G,g
601295471956,2458425.5301345,2.2419573429186523,0.04075996275156792,15.523497259430656,0.01976144081358123,18.127056165304193,1.52,bG011386,bG,G,g
601295471956,2458426.5296295,2.3616857263828206,0.059487772270782786,15.467010360276728,0.027379012080703195,17.71657134758588,2.35,bG011750,bG,B,g
601295471956,2458427.2865451,2.3862788047906984,0.04742276712915459,15.455762662768338,0.02160120012232678,17.962673382536003,1.50,bo087939,bo,B,g
601295471956,2458427.296819,2.171218336285774,0.12268777554016931,15.558306877238625,0.06142002189848002,16.930637380662404,1.55,bp087956,bp,B,g
601295471956,2458427.5227403,2.1193522282900306,0.04628010214621251,15.58455777027584,0.023735770856346164,17.98915483937906,1.56,bk146523,bk,G,g
601295471956,2458428.2847357,2.7606852844579466,0.03890741490199765,15.29752337154213,0.015318902378994005,18.177559670843387,2.29,bo087993,bo,G,g
601295471956,2458430.2881821,2.1808420433747067,0.045060433498497435,15.553505094482885,0.022458633449579348,18.01815219772744,2.00,bp088390,bp,G,g
601295471956,2458430.5181534,2.5759253983765578,0.06771351173268364,15.372732419218222,0.02857289393321951,17.57595226744567,2.13,bG013155,bG,G,g
601295471956,2458533.6354918,1.6698589969410733,0.14532430024325005,15.843366120215327,0.09459552944646041,16.746795010329606,1.95,bo111318,bo,G,g
601295471956,2458533.891858,2.4893272292106237,0.16086263536754702,15.409860648238203,0.07024013900829938,16.63650266306771,2.28,bk182196,bk,G,g
601295471956,2458534.8912752,2.514577568792619,0.19120237376294524,15.3989030294698,0.08264953513978318,16.448907412175807,1.47,bG046990,bG,G,g
601295471956,2458539.8835978,1.9514924242854448,0.08081851099058916,15.67414844807049,0.045014885277165295,17.38386349971829,1.43,bG048772,bG,G,g
601295471956,2458540.9012621,3.0107278637670247,0.1852629706810473,15.203386867513577,0.06688508670676462,16.483169052296795,1.49,bl184842,bl,G,g
601295471956,2458546.6328103,1.915144988055936,0.05238158074073057,15.694561476613234,0.029729603325196894,17.854694111012105,1.45,bp115229,bp,G,g
601295471956,2458547.8917726,2.3410712035896473,0.06354540773366633,15.476529064914008,0.029504055774455577,17.644930184798998,1.48,bk187319,bk,G,g
601295471956,2458548.6273359,2.0183373712860826,0.0477978018329515,15.63758121822164,0.025741054576032586,17.954120800548434,1.56,bp115606,bp,G,g
601295471956,2458548.8761062,3.379841656559436,0.057684556194638775,15.077824736450015,0.018551343799702455,17.749991722279763,1.48,bk187692,bk,G,g
601295471956,2458549.6130052,3.8077505970651417,0.05742046096762001,14.948394385045209,0.016391185015669763,17.75497392478835,1.55,bo115929,bo,G,g
601295471956,2458549.6227597,3.690033343555844,0.0708567907367505,14.982489896005934,0.020871966085433336,17.526686915767772,1.49,bp115935,bp,G,g
601295471956,2458549.8700647,2.1978248098831537,0.04918200965963465,15.54508294338897,0.02432346104720644,17.923124934521557,1.50,bG052283,bG,G,g
601295471956,2458550.881835,2.570294097274352,0.055493194929682105,15.375108575125324,0.023467621936697155,17.79204128812602,1.51,bl188464,bl,G,g
601295471956,2458550.8855151,2.5176377391641505,0.03969689660591688,15.397582522308904,0.01713860576022768,18.15574922108397,1.58,bk188472,bk,G,g
601295471956,2458551.8773079,2.1198377770247485,0.05351179294653626,15.584309053968195,0.027438416733391636,17.83151685511746,1.54,bl188849,bl,G,g
601295471956,2458551.8809866,2.5970982769953403,0.037815725730063705,15.363844662004492,0.015826913471347518,18.2084595128052,1.49,bk188857,bk,G,g
601295471956,2458553.8627463,2.467698480833408,0.048697957579702834,15.419335387961423,0.021450174321441723,17.933863743850434,1.46,bG053747,bG,G,g
601295471956,2458554.5932053,2.275375685966175,0.036925927664298294,15.507432839720494,0.01763967073372914,18.234312074947002,1.53,bo116435,bo,G,g
601295471956,2458554.6153868,2.1380289458540642,0.06321299530112019,15.575031670685462,0.03213697252998161,17.650624687595254,1.59,bp116452,bp,G,g
601295471956,2458554.8581105,2.0182227953612495,0.0499793522099409,15.637642854478592,0.026917435954918138,17.90566405426859,1.46,bG054124,bG,G,g
601295471956,2458555.5818453,1.976225415851231,0.0489829267052449,15.66047442135353,0.026941416302553926,17.927528785339938,1.47,bo116821,bo,G,g
601295471956,2458555.6151788,2.2848105312138713,0.07822325570125291,15.502940142624213,0.03721327294958341,17.419300892435654,1.56,bp116847,bp,G,g
601295471956,2458556.5803768,2.485781468795223,0.035767207662318355,15.411408257081305,0.015639910475234713,18.268928020937174,1.62,bo117216,bo,G,g
601295471956,2458556.8563575,2.190864433694829,0.05746131186922771,15.548526859484742,0.02850835803592359,17.75420176914265,1.45,bG054885,bG,G,g
601295471956,2458557.6110901,1.9358050613475801,0.04948572000549077,15.68291156971138,0.02778628239326976,17.916440877620396,1.57,bp117636,bp,G,g
601295471956,2458561.8738638,3.066685309441592,0.05050578704401607,15.183392590367227,0.017901280722884855,17.89428775340845,1.58,bk192799,bk,G,g
601295471956,2458562.8365429,2.3251199971058156,0.09559819799351942,15.483952194017192,0.04469063313072337,17.201516346464455,1.45,bG057542,bG,G,g
601295471956,2458563.8355867,3.3944219422488735,0.15114863491190544,15.073151056938679,0.04840058108999132,16.70413003836226,1.49,bG057938,bG,B,g
601295471956,2458563.8573468,2.846609288795185,0.13642488155430868,15.264245966853112,0.05209282331672093,16.815406647952795,1.48,bl193593,bl,G,g
601295471956,2458564.5922855,2.53657107568758,0.10169285833704617,15.389448032480484,0.04357682567746826,17.134414475293596,1.56,bp119891,bp,G,g
601295471956,2458565.8740018,2.9575556545054034,0.1076245867428735,15.22273330774138,0.03955403046479894,17.072861869292183,1.50,bl194424,bl,G,g
601295471956,2458566.8253552,2.132288669476511,0.09986823568407707,15.57795062435764,0.05090888098094071,17.154072167672506,1.47,bG056089,bG,G,g
601295471956,2458567.8428734,3.0939962820924594,0.09699858425996748,15.17376615355041,0.0340767196040488,17.185727122492317,1.47,bG059150,bG,G,g
601295471956,2458567.8930536,2.812812205503348,0.09756713077908415,15.277213777503906,0.03770291841744994,17.17938177745796,1.49,bl195260,bl,G,g
601295471956,2458568.8871898,2.1600366696694557,0.08432724141852839,15.563912812344814,0.04243448563036016,17.33772087753141,1.44,bl195666,bl,G,g
601295471956,2458572.8248096,2.1252303184025925,0.20249126594114392,15.581550615032814,0.10356487021857204,16.38662487263176,1.56,bG061028,bG,B,g
601295471956,2458575.5399223,2.5553729408603796,0.03440234957191628,15.381429893064125,0.014633424981698943,18.311170350124403,1.48,bo123291,bo,G,g
601295471956,2458575.5734211,2.3515289955140717,0.0384330564672713,15.471689776830733,0.017765063266139434,18.19087830145967,1.44,bp123313,bp,G,g
601295471956,2458575.8023561,2.0632156819145093,0.05494742359372526,15.613704047054641,0.02894775420306106,17.802772276971076,1.48,bG062037,bG,G,g
601295471956,2458575.8210759,2.0920875861130233,0.05618486776544289,15.598615966046857,0.02919118150027563,17.778592203786573,1.47,bl197818,bl,G,g
601295471956,2458576.534948,2.092098347101047,0.03748309749125092,15.598610381402924,0.019474465590756947,18.218051930197532,1.48,bo123693,bo,G,g
601295471956,2458576.8099635,2.644935147004075,0.04872533490313388,15.344028052945491,0.02002405261500465,17.933253529367565,1.54,bl198225,bl,G,g
601295471956,2458578.8222754,2.7246637489800034,0.06095738496204623,15.311783338294667,0.024317873043036262,17.690074792094347,1.49,bl198954,bl,G,g
601295471956,2458578.8296366,2.693588915790217,0.03572286258448518,15.324237331664278,0.014415413663820199,18.270274978983664,1.43,bk198965,bk,G,g
601295471956,2458579.8302754,2.1638412625223955,0.04927379525744083,15.56200212692046,0.02475157213865156,17.921100574950938,1.48,bk199385,bk,G,g
601295471956,2458580.8052724,2.9545633245264122,0.05082274115852313,15.223832365890825,0.018697216436804998,17.887495398168916,1.58,bl199781,bl,G,g
601295471956,2458580.8907394,2.614285295573758,0.034545197279472015,15.356683171886626,0.014363056526868484,18.306671418491373,1.53,bk199854,bk,G,g
601295471956,2458581.7973249,2.1814709760021227,0.05452409727601354,15.553192024363598,0.027167596442064238,17.81116940157377,1.51,bG064323,bG,G,g
601295471956,2458581.8007633,2.247249126912705,0.055829000778169574,15.520937571356663,0.027003546590038428,17.785490974039405,1.63,bl200200,bl,G,g
601295471956,2458582.7799111,3.117913521241745,0.0442379228414652,15.165405458819475,0.01542207582510908,18.03815379443408,1.50,bk200609,bk,G,g
601295471956,2458583.5813429,2.6323246967887832,0.057716913787164426,15.349216976296855,0.023832840960746948,17.749382859834075,1.40,bo125716,bo,B,g
601295471956,2458583.7917462,2.326073806652723,0.04637185216462018,15.483506895190382,0.021669212297261355,17.987004504827016,1.47,bl201037,bl,G,g
601295471956,2458583.9111547,2.3180849971000894,0.04249509613932449,15.48724223185136,0.019926069125314177,18.081793571169914,1.45,bk201136,bk,G,g
601295471956,2458585.5125724,2.9962536422526584,0.04343404795451089,15.208619184853784,0.015756650579885952,18.058064845175483,1.50,bo126511,bo,G,g
601295471956,2458585.8640672,2.637543721388585,0.06364280455741408,15.347066453602762,0.026227797065305355,17.643267337644584,1.54,bk201946,bk,G,g
601295471956,2458586.7451406,2.4480615616680352,0.03260022343513413,15.428009785129717,0.014474728098270339,18.36958916983727,1.47,bk202275,bk,G,g
601295471956,2458586.771341,2.541523486806337,0.05775282680955992,15.38733030359969,0.024699677998413497,17.74870749554049,1.50,bl202291,bl,G,g
601295471956,2458587.8854011,2.2315780360469457,0.05135487946872069,15.528535426570292,0.025013922999768505,17.87618632580258,1.45,bG066518,bG,B,g
601295471956,2458588.7608485,2.2899852655372173,0.058254641266225586,15.500483902367518,0.02765094745316748,17.739314280930426,1.55,bk203141,bk,G,g
601295471956,2458589.7614701,2.5145457507852105,0.06849088891178343,15.39891676783349,0.029606388493478807,17.56355860455457,1.51,bk203570,bk,G,g
601295471956,2458591.503637,2.246530981757253,0.08520659812407295,15.521284591541598,0.04122616971599538,17.326457545360988,1.48,bo127743,bo,G,g
601295471956,2458592.7471517,2.026601739751016,0.23808572974841088,15.633144594435166,0.12769595111215565,16.2108071972396,2.28,bk204821,bk,B,g
601295471956,2458593.7683044,2.8164456329046033,0.13518188787411464,15.275812191597565,0.05217101758653181,16.825344343287245,1.52,bl205227,bl,G,g
601295471956,2458593.8887965,2.496698741950376,0.10515771810332844,15.406650266205311,0.04578120122507344,17.098037727809896,1.43,bk205327,bk,G,g
601295471956,2458594.8377808,2.4254521473742914,0.09622378562291314,15.438083845549357,0.043122298431028626,17.194434514301417,1.47,bk205717,bk,G,g
601295471956,2458595.762452,2.5767005629723463,0.09323089890900259,15.37240574141201,0.03932856423171027,17.22874093244275,1.48,bl206083,bl,G,g
601295471956,2458596.7372431,2.119348359174327,0.11080143863653488,15.584559752411124,0.05682706470727645,17.04127711326232,1.54,bG069961,bG,G,g
601295471956,2458601.6780185,2.2800709788979274,0.13521660877057698,15.505194705149636,0.06446052605856478,16.8250655123394,1.44,bo130310,bo,G,g
601295471956,2458601.7269577,2.8147255718204263,0.06952598753492678,15.276475475516191,0.026848701108920566,17.547272695885635,1.49,bG071564,bG,G,g
601295471956,2458601.740357,2.8033886498959433,0.06632205660634194,15.280857345590578,0.025715018845528598,17.598495649050104,1.49,bl208182,bl,G,g
601295471956,2458602.7052712,2.4206127908099093,0.041162408407600534,15.440252312725626,0.018483645314524233,18.11638866806198,1.54,bk208603,bk,G,g
601295471956,2458603.9040292,2.823912485029278,0.039377844300390576,15.27293753851571,0.015156986946744496,18.164510767822563,1.46,bk209206,bk,G,g
601295471956,2458603.9321913,2.4513276575051917,0.13547497258119268,15.426562209170642,0.06007169401801823,16.822992931973463,1.44,bl209222,bl,G,g
601295471956,2458604.7053597,2.623773405195766,0.029196153414103115,15.352749808025447,0.012095156273903819,18.489326518871795,1.56,bk209491,bk,G,g
601295471956,2458605.7027417,2.5398027062633095,0.034240032093870006,15.388065668241298,0.014653668214939955,18.31630520374656,1.45,bk209933,bk,G,g
601295471956,2458606.7475637,2.346269631928112,0.03322494781738352,15.474120823496547,0.01539212425678014,18.348979842645303,1.46,bl210409,bl,G,g
601295471956,2458606.8185143,2.1887337572205805,0.03666641228997793,15.549583281864322,0.018209065326418663,18.241969567716833,2.13,bG073464,bG,G,g
601295471956,2458607.7656592,2.49228550944596,0.04677993674662461,15.408571141204483,0.02040205953153063,17.97749153583387,1.49,bG073847,bG,G,g
601295471956,2458607.7728535,2.485868075297955,0.05758547925056575,15.411370429871338,0.025179498804003688,17.751858147518757,1.53,bl210872,bl,G,g
601295471956,2458607.8704872,2.8084271371081986,0.03666244814736972,15.278907720135603,0.014189610472764394,18.24208695705383,1.63,bk210955,bk,G,g
601295471956,2458608.7537812,2.4624789684482904,0.05069601073816573,15.421634297379283,0.02237759599332934,17.890206146174197,1.50,bl211300,bl,G,g
601295471956,2458608.8878877,2.2500999698816417,0.04603299510212154,15.519561087666641,0.02223717386390988,17.99496752930138,1.51,bk211412,bk,B,g
601295471956,2458611.7109682,2.1530487521129245,0.06000856664751244,15.567430962802575,0.030295042234282796,17.707107477892645,1.45,bl212173,bl,G,g
601295471956,2458612.7847402,2.5316243188041585,0.04548834215800218,15.391567475134895,0.019530484758140128,18.007890338764504,1.44,bl212674,bl,G,g
601295471956,2458613.4306198,2.5952488699644904,0.02811491409966243,15.364618095751819,0.011775244213546903,18.53029870910585,1.53,bo132905,bo,G,g
601295471956,2458614.4573737,2.149285435535969,0.03634365367162151,15.56933038294125,0.018380048889293364,18.25156914814662,1.56,bp133362,bp,G,g
601295471956,2458614.5126127,2.3405257740954335,0.03595032568334603,15.476782052326003,0.016695582416844348,18.26338353863385,1.49,bo133411,bo,G,g
601295471956,2458615.6830455,2.259043890748454,0.04075342010551715,15.515253950111152,0.01960882475470194,18.1272304578549,1.54,bk213923,bk,G,g
601295471956,2458616.4530363,2.072744356390828,0.04800477118934665,15.608701268947204,0.02517391928144581,17.94942960142879,1.48,bp134219,bp,G,g
601295471956,2458617.4199925,2.7398601192130734,0.07777239190322947,15.305744644979992,0.03085384104015738,17.425576971537993,1.53,bo134564,bo,G,g
601295471956,2458617.7863388,2.087682683626042,0.054580179847979415,15.600904399893913,0.028417289135345795,17.81005320547574,1.53,bl214900,bl,G,g
601295471956,2458618.6630994,2.6477072148200413,0.0857927323383658,15.342890725138584,0.03522027262343828,17.319014362654585,1.45,bk215256,bk,G,g
601295471956,2458618.7002878,2.7120797915077155,0.09318700155040532,15.31680946561681,0.037347802005566234,17.229252266947494,1.54,bl215281,bl,G,g
601295471956,2458619.6695155,2.267139153030067,0.1034701019292323,15.511370179334252,0.0496076749178263,17.11560341915653,1.48,bG076081,bG,G,g
601295471956,2458619.696336,2.398760684417358,0.12169957810682121,15.450098316890928,0.0551460389422884,16.939417929757678,1.57,bl215698,bl,B,g
601295471956,2458620.4410464,2.170125870049418,0.08126059277865508,15.558853311759343,0.040701201944169,17.377940646223774,1.49,bo135777,bo,G,g
601295471956,2458620.69251,2.2996253374717477,0.09613845240711599,15.495922909545657,0.045441453497250636,17.195397794505325,1.57,bG076504,bG,G,g
601295471956,2458620.7037755,2.8280754091777416,0.1260692781645361,15.271338158486037,0.04845409130435063,16.90111744594485,1.51,bl216125,bl,G,g
601295471956,2458620.8191373,2.9161920041481375,0.08193500634799078,15.238025335172816,0.03053975505796687,17.368966882206507,1.49,bk215832,bk,B,g
601295471956,2458621.6986533,2.860699078451074,0.12660877800020584,15.258885182104633,0.04810650585145044,16.89648106870618,1.60,bk216187,bk,G,g
601295471956,2458621.7134792,2.224231852133338,0.08718280291786812,15.532115482842261,0.042605232959047265,17.30156354287305,1.53,bl216585,bl,G,g
601295471956,2458628.4192907,2.535142676965572,0.07103924660807473,15.390059606525847,0.030458472062213582,17.523894744003815,1.50,bo138429,bo,G,g
601295471956,2458628.4303842,2.190759524466643,0.07389605770887549,15.548578851051504,0.03666390626649372,17.481087437002838,1.52,bp138432,bp,G,g
601295471956,2458631.6649454,2.7209594469961926,0.05070935552633915,15.313260449454502,0.020257143032172388,17.88992038378741,1.54,bG079979,bG,G,g
601295471956,2458635.8424847,2.5513596827573592,0.03510931798151395,15.383136401252305,0.014957633144291101,18.289084628617736,1.50,bk220281,bk,G,g
601295471956,2458636.6367345,2.3323997840992936,0.05209751632298862,15.480558140911869,0.024278743086726572,17.86059806293099,1.47,bl220655,bl,G,g
601295471956,2458636.8920378,2.2758082897879106,0.04094455125672533,15.507226434690288,0.019555666098011824,18.12215032218299,1.51,bG081050,bG,G,g
601295471956,2458637.6368067,2.8549815451480036,0.057363249735827786,15.261057359099272,0.021839496130710064,17.756056244055408,1.57,bl221115,bl,G,g
601295471956,2458638.6657974,2.2766410209015433,0.045938585491708504,15.506829230342793,0.02193285838270178,17.99719656499793,1.48,bk221520,bk,B,g
601295471956,2458640.8490067,2.129737212292445,0.05161104122909504,15.5792505741221,0.026340788682246475,17.870784059316186,1.47,bk222588,bk,B,g
601295471956,2458641.6283693,2.2297083052806816,0.07957226262254098,15.52944549346563,0.03879054027034356,17.40073634314278,1.48,bl222952,bl,B,g
601295471956,2458641.7476348,3.3017655222601,0.0508018007184714,15.10320005172509,0.016724188387925193,17.887942845090883,1.50,bk222968,bk,G,g
601295471956,2458642.7248493,2.286644331419141,0.0417912403290675,15.502069074904297,0.019865468627145604,18.09992745936225,1.53,bk223409,bk,G,g
601295471956,2458643.6582606,2.248246028230608,0.054913455819981645,15.520456035137045,0.026548935563666103,17.80344367234167,1.52,bl223896,bl,G,g
601295471956,2458643.7249599,2.7513425219538403,0.052614098657754654,15.301203971703677,0.02078593894258576,17.849885274402624,1.48,bG084015,bG,G,g
601295471956,2458644.659411,2.47302363892304,0.0575073582040224,15.416994953088686,0.025275940376805944,17.753332068285463,1.51,bl224356,bl,G,g
601295471956,2458644.7707004,2.2317256684865816,0.03903045723159057,15.528463600902409,0.01900968861603281,18.174131514049105,1.47,bG084493,bG,G,g
601295471956,2458645.643884,2.2070846764398646,0.06457806216845013,15.540518133504587,0.03180373937827229,17.62742808956961,1.57,bl224806,bl,G,g
601295471956,2458645.7105133,2.5232868660106424,0.05648570915815669,15.395149054407476,0.024332354272341854,17.772794147592684,1.43,bG084890,bG,G,g
601295471956,2458646.7307579,2.2914725799490543,0.06347388411793309,15.499778960309346,0.030108740076494864,17.646152924843793,1.60,bl225336,bl,G,g
601295471956,2458646.7558454,2.1973167500224116,0.062199781717290015,15.54533395645871,0.03076864470617135,17.668168459970072,1.59,bG085365,bG,G,g
601295471956,2458647.6018057,2.2512091760656503,0.09398920417804964,15.519025996519666,0.04538102435818363,17.21994568050571,1.44,bG085692,bG,G,g
601295471956,2458647.7148076,1.9836813675331206,0.0970197720849484,15.656385837105937,0.05316190177080843,17.185489986283077,1.62,bl225784,bl,G,g
601295471956,2458648.5839979,2.912504881683728,0.054710708303600766,15.23939896738028,0.020418218549109288,17.807459768094102,1.55,bk226062,bk,G,g
601295471956,2458648.669732,2.8643733193521834,0.0973849503062846,15.257491572856804,0.03695510153634488,17.181410993987424,1.50,bl226211,bl,G,g
601295471956,2458650.5766624,3.0337555918230126,0.15938480562621504,15.195114147699751,0.057105573833465574,16.64652331859149,1.49,bG086635,bG,G,g
601295471956,2458651.6557905,2.0162250809740527,0.17678512664134172,15.63871809008986,0.09530570181006363,16.534026301510128,1.42,bl227227,bl,G,g
601295471956,2458655.3051442,3.094875640348092,0.13157402287383016,15.173457615544297,0.046210335688343776,16.8547152278403,2.05,bo145714,bo,B,g
601295471956,2458655.3803705,2.885947994608972,0.12075404398600553,15.249344370407469,0.04548051312156326,16.947886401570717,2.04,bp145765,bp,G,g
601295471956,2458655.5638778,2.1853933219820947,0.3388243948022497,15.551241593165056,0.16852224354771622,15.827703933250346,1.43,bG088703,bG,B,g
601295471956,2458655.7068113,1.5592529965634567,0.41914315806862285,15.596734658200065,99.999,15.596734658200065,1.55,bl228963,bl,B,g
601295471956,2458655.7703997,2.625849752268361,0.22676393702261288,15.351890940544756,0.09386772416397574,16.263705640182327,1.44,bk228934,bk,B,g
601295471956,2458656.7487326,2.8204543765048733,0.11637805975840627,15.274267924788187,0.044850181621623325,16.98796283041663,1.50,bl229459,bl,B,g
601295471956,2458658.3377651,2.0364583481519447,0.0362039955258729,15.627876792650905,0.019323827116608273,18.255749355062044,1.56,bp146175,bp,G,g
601295471956,2458658.411655,2.495538590040498,0.03659337435352927,15.407154897243656,0.015938606225025194,18.24413446504536,1.51,bo146242,bo,G,g
601295471956,2458659.8293672,2.065167323149706,0.0580983651080145,15.612677510658672,0.03057882823761863,17.742230832727877,1.53,bG090223,bG,G,g
601295471956,2458659.8927318,1.9975021389625405,0.07761293181781632,15.648847489689961,0.04223368814738073,17.427805388541323,1.46,bl230481,bl,G,g
601295471956,2458660.7114216,3.13139357321094,0.05536273098037793,15.160721482518353,0.019217284603003523,17.79459684837071,1.42,bG090390,bG,G,g
601295471956,2458661.5858923,2.3751931887096998,0.03797035049403791,15.460818274350103,0.01737632134446958,18.20402909640912,1.53,bp147238,bp,G,g
601295471956,2458662.8405224,2.935268879881346,0.053237570936017775,15.230945896908999,0.01971435234675785,17.837095032055323,1.49,bG090933,bG,G,g
601295471956,2458666.8487848,3.368683163176837,0.050574727827240804,15.081415207440497,0.01631870009263769,17.892806725813106,1.53,bk231366,bk,G,g
601295471956,2458666.8524687,3.3079957362034893,0.059687574601249745,15.101153269525101,0.01961241901541205,17.712930782101026,1.61,bl231449,bl,G,g
601295471956,2458667.7694104,2.0293434094819602,0.05751137593712537,15.631676758736097,0.03080423197816831,17.753256216324036,1.48,bl231778,bl,G,g
601295471956,2458667.7843293,2.1748075030889846,0.041549156501961504,15.556513565660133,0.02076603403676918,18.106235082673873,1.41,bk231710,bk,G,g
601295471956,2458668.5237414,2.4090106462860508,99.99,15.445468824016274,99.99,99.99,1.43,bG091654,bG,G,g
601295471956,2458669.3742952,1.9050179811865853,0.040501355242534225,15.700317924099254,0.02310907962806997,18.133966722263118,1.43,bo147806,bo,G,g
601295471956,2458669.6297508,2.8229110962243578,0.04930094945541504,15.27332262017314,0.01898323635135677,17.920502403549463,1.50,bG092159,bG,G,g
601295471956,2458673.302449,2.091423699292166,0.0490584265992443,15.598960559817087,0.025496687618274783,17.925856572915045,1.54,bp148270,bp,G,g
601295471956,2458674.3760218,2.8638592340651345,0.046315204821643904,15.257686453565565,0.017578592319675613,17.988331638966997,1.50,bo148667,bo,G,g
601295471956,2458674.5634296,2.617302865120019,0.028821498765665605,15.35543067082215,0.01196946538634533,18.50334920869852,1.98,bk234184,bk,G,g
601295471956,2458674.602353,1.9791358877695489,0.06687599705345182,15.658876587394808,0.03672880755397657,17.589464936520024,1.53,bl234295,bl,G,g
601295471956,2458674.8580187,2.5453270559580163,0.0424881187710276,15.385706637454916,0.018144127170805893,18.081971855349888,1.53,bG094034,bG,G,g
601295471956,2458675.3454918,1.9714274364654596,0.058950823581785154,15.663113631379728,0.03250283574677082,17.726415919309446,1.60,bp149026,bp,G,g
601295471956,2458675.3605536,2.2399839657700396,0.057206144197125545,15.52445334832463,0.027759391347803194,17.75903392024618,1.47,bo149044,bo,G,g
601295471956,2458675.6278292,3.7475590026708057,0.11190978738756505,14.96569442419683,0.032458747990535254,17.030470434832395,1.55,bl234739,bl,G,g
601295471956,2458676.5516943,2.0446249473731277,0.058173185040551606,15.623531483507549,0.03092582967424074,17.740833505166634,1.48,bG094616,bG,G,g
601295471956,2458676.5928212,2.0872966366254317,0.03982120736281838,15.601105189011339,0.02073683265092573,18.152354552634314,1.62,bp149346,bp,G,g
601295471956,2458676.6484215,2.1880659503241,0.05748409093977492,15.549914602545812,0.028556135400753607,17.753771442025197,1.49,bk235057,bk,G,g
601295471956,2458677.3036274,1.8988189839291403,0.09437971838110949,15.703856709686363,0.05402655612910059,17.215443918639643,1.58,bp149557,bp,G,g
601295471956,2458677.8033632,2.576643516978383,0.08720806432752007,15.372429778968993,0.036788703460308284,17.30124899397875,1.99,bk235430,bk,B,g
601295471956,2458678.5082274,2.5099490695060194,0.14434153700980534,15.40090334951281,0.06250842971946675,16.754162297597397,1.69,bp150153,bp,G,g
601295471956,2458678.6712912,2.2283890626178677,0.0982005794731063,15.53008807681251,0.04789996598325559,17.172355485120686,1.47,bk235748,bk,G,g
601295471956,2458683.6366528,1.9290868296118218,0.10079846273437662,15.686686182290458,0.056795549463398785,17.144005839478645,1.59,bl238005,bl,G,g
601295471956,2458683.6420785,1.9189594475929797,0.08332839352091131,15.692401129519485,0.04719971591750411,17.350658088467174,1.50,bG097441,bG,G,g
601295471956,2458684.6324902,2.1194183742458717,0.06230560170112989,15.584523884479323,0.031953804370513234,17.666322875270804,1.49,bG097871,bG,G,g
601295471956,2458684.6767284,1.9281808378891898,0.10119043049939537,15.687196215877625,0.05704319647181815,17.139792002559584,1.52,bl238489,bl,G,g
601295471956,2458685.2994677,2.434067830819424,0.043232023970155964,15.434233930624242,0.01930567825898422,18.063126691096713,1.53,bp151834,bp,G,g
601295471956,2458686.35743,2.033319381707626,0.04773411381992305,15.629551621310426,0.02551734213167694,17.955568450610212,1.61,bp152281,bp,G,g
601295471956,2458688.7348137,2.069632805848045,0.05882907139146914,15.61033237281839,0.030896612498666185,17.728660628529987,1.51,bG098913,bG,G,g
601295471956,2458688.7434187,2.1611955822335664,0.06445911574751492,15.563330444498874,0.03241921130288836,17.629429752567827,1.49,bl239498,bl,G,g
601295471956,2458689.6774749,2.3009935492528557,0.03565120128767719,15.495277119426154,0.016841118811505556,18.272455190851886,1.60,bl239834,bl,G,g
601295471956,2458690.4185185,2.1245558753212284,0.036908838785760664,15.581895228735366,0.018883148000019025,18.234814657005572,1.47,bo152393,bo,G,g
601295471956,2458691.4257066,2.3607514379711136,0.035563159535116136,15.467439965047404,0.016374281327798397,18.275139766431362,1.51,bo152832,bo,G,g
601295471956,2458691.7709707,1.978507650729055,0.05213952605052447,15.659221287314914,0.02864451793255458,17.859722913683303,1.54,bl240576,bl,G,g
601295471956,2458693.7311818,2.1129860021304046,0.05316162437865498,15.587824072289473,0.0273472584609478,17.83864500507374,1.46,bl241394,bl,G,g
601295471956,2458694.5502807,3.1971788241725174,0.04118026560663524,15.138148302654455,0.014000204783561555,18.115917752876296,1.54,bk241619,bk,G,g
601295471956,2458695.8138795,2.0433337310020736,0.0517281593359115,15.624217361481936,0.027516924570200243,17.868323048924168,1.57,bl242341,bl,G,g
601295471956,2458698.4066819,1.798691038841727,0.040069734090581725,15.762674194809904,0.024214307990413603,18.14559946046252,1.52,bp154534,bp,G,g
601295471956,2458698.8033964,2.721633948626022,0.05110831594083319,15.312991338466341,0.02041145810774351,17.88141168432571,1.57,bG102804,bG,G,g
601295471956,2458699.3226042,4.514548556151686,0.069419137653765,14.763529801203617,0.01671387149074913,17.548942575374568,1.47,bp154859,bp,G,g
601295471956,2458699.4793942,2.7106258778038916,0.03288350501696503,15.317391671947348,0.013186231463557761,18.360195355665198,1.42,bo154790,bo,G,g
601295471956,2458699.7999759,2.0281309678125865,0.062119663869374606,15.632325631277668,0.03329241298646686,17.669567868723238,1.47,bG103224,bG,G,g
601295471956,2458700.3274279,1.9742353316322923,0.03706929452603734,15.661568322449078,0.020409274819345388,18.230104809058084,1.46,bp155282,bp,G,g
601295471956,2458700.765805,3.1480362382601976,0.059690370855660355,15.15496631466421,0.020609939967668404,17.712879918524166,1.59,bl244357,bl,G,g
601295471956,2458701.4644134,2.7703562419477477,0.09364252934929933,15.293726575104573,0.03674089145907345,17.223957772000965,1.58,bl244560,bl,G,g
601295471956,2458702.3208623,2.0603761363151,0.04900298350010088,15.615199344400034,0.025851645027965806,17.927084305341026,1.49,bp155586,bp,G,g
601295471956,2458702.4760029,1.8864471251994366,0.06728303509423549,15.710954029868171,0.03876797436893456,17.58287667650425,1.39,bl245009,bl,G,g
601295471956,2458702.7815302,3.229126525537497,0.05725977673683635,15.127352966950374,0.019274217738207387,17.758016485643754,1.49,bG104278,bG,G,g
601295471956,2458704.4765598,2.1733564441397255,0.05531640205068695,15.557238224304129,0.02766528432566326,17.795505800182195,1.47,bk245802,bk,G,g
601295471956,2458704.611296,1.972904071968812,0.06866255621217557,15.66230069935376,0.037829114113807606,17.56084069250545,1.56,bl245988,bl,G,g
601295471956,2458705.3899914,5.115860448306007,0.10583821125177413,14.627768899339797,0.022487230668579498,17.09103438312624,1.54,bo155968,bo,G,g
601295471956,2458705.4992281,3.3141765539385863,0.10859801217077844,15.099126520825532,0.03561708788164955,17.06308592195567,1.54,bl246340,bl,G,g
601295471956,2458705.7831351,2.0656474925182517,0.08219235103706436,15.612425096888769,0.04325012487386915,17.36556210338772,1.46,bG105533,bG,G,g
601295471956,2458712.5093714,1.9609176048771535,0.09410793137700649,15.668917258330735,0.052164981079877666,17.21857504362561,1.51,bl249109,bl,B,g
601295471956,2458712.5133858,2.421500335764235,0.14258972261664699,15.439854288278092,0.06400528905242664,16.767420051013865,1.50,bk249042,bk,B,g
601295471956,2458712.6261676,1.815582078921153,0.11374109829845533,15.752525904036334,0.06809476146555785,17.012847067594844,1.45,bG108129,bG,G,g
601295471956,2458713.5682943,3.070788018921794,0.08766466023887384,15.18194102857773,0.031030365360792983,17.29557922655565,1.47,bG108511,bG,G,g
601295471956,2458715.5415462,4.727708323736346,0.06981214108436577,14.713438935096741,0.016050643747889445,17.542813217226012,1.60,bk250343,bk,G,g
601295471956,2458715.7219137,3.106715831632849,0.0879478879511716,15.169311795869799,0.030770606506184538,17.29207707535716,1.47,bl250557,bl,G,g
601295471956,2458716.3127026,3.6676812206347194,0.05500956918504755,14.989086668292996,0.016302673647684056,17.801545002125813,1.50,bo159252,bo,G,g
601295471956,2458716.545776,2.195006210343295,0.04109438252485499,15.546476238953044,0.02034974064389901,18.11818446339408,1.54,bk250787,bk,G,g
601295471956,2458716.7419302,1.880522036894941,0.07331171359698252,15.714369554613391,0.04237474682598643,17.48970718424919,1.63,bl251012,bl,G,g
601295471956,2458717.5653781,3.2800077021392573,0.055235734934104185,15.110378463465953,0.01830448211463664,17.79709026931938,1.48,bl251312,bl,G,g
601295471956,2458717.5690627,4.434091293365214,0.06454970605669463,14.783054045917595,0.015823473025838107,17.62790493909744,1.42,bk251245,bk,G,g
601295471956,2458717.754203,2.807527190603419,0.08087748970009136,15.27925569465745,0.031312364555411185,17.383071453869505,1.58,bG110328,bG,G,g
601295471956,2458718.5745936,2.0213995848120523,0.05233940028687165,15.63593519187647,0.02814418926034344,17.855568756148447,1.50,bG110604,bG,G,g
601295471956,2458718.6367912,2.036093927347425,0.0537920167040777,15.628071100709109,0.02871654523824954,17.82584604488916,1.50,bl251800,bl,G,g
601295471956,2458719.3349046,1.8050680115622484,0.0454506846389943,15.75883169741248,0.027369006469238896,18.008789537613342,1.47,bp160593,bp,G,g
601295471956,2458719.5900984,3.514694000472787,0.06199338457451378,15.035346822143714,0.0191721138906788,17.67177724237689,1.56,bl252192,bl,G,g
601295471956,2458719.6892425,3.836219816568578,0.06894725611090201,14.940306911236643,0.019535551472333976,17.556348143270057,1.43,bG111104,bG,G,g
601295471956,2458719.7424509,3.235579741499976,0.059542257086930596,15.125185353374329,0.020002549722265173,17.715577377543998,1.42,bk252244,bk,G,g
601295471956,2458722.4922038,2.693183523691037,0.055506816673505786,15.324400750069263,0.022402296707042715,17.791774808504947,1.57,bp161378,bp,G,g
601295471956,2458722.6643039,2.2129172090452256,0.03777164009244132,15.537652706903081,0.018552944668443417,18.209726004308987,1.44,bk253360,bk,G,g
601295471956,2458723.7156125,4.5565559002467975,0.09197282127430705,14.753473865765137,0.021939916923095524,17.243491839666557,1.53,bG112530,bG,G,g
601295471956,2458724.3590642,4.74679530573582,0.09139407532897297,14.70906436176984,0.02092809565794942,17.250345503270953,1.56,bp161698,bp,G,g
601295471956,2458724.720973,1.9873260292908643,0.0555242390990327,15.654392820251426,0.03036866267224,17.791434072155226,1.45,bl254354,bl,G,g
601295471956,2458725.7083395,4.526480152170846,0.08148755713903205,14.76066407127016,0.01956783829713296,17.374912365003652,1.41,bG113363,bG,G,g
601295471956,2458725.744611,4.420213732311678,0.0696004047388964,14.786457448615733,0.01711514836796405,17.546111198645725,1.45,bl254816,bl,G,g
601295471956,2458727.3055002,2.2717714570528083,0.0381073155933233,15.509154025562044,0.018232905903250447,18.200119719705164,1.60,bp162390,bp,G,g
601295471956,2458727.4661669,1.989831135346566,0.04496327601498001,15.653025067060621,0.02456144405174712,18.020495745642634,1.47,bo162328,bo,G,g
601295471956,2458727.7235994,3.6184163312186586,0.06662292000608108,15.003769285107222,0.020013235285593827,17.593581452940317,1.48,bG114140,bG,G,g
601295471956,2458728.4646462,4.420261750691344,0.06697154270508403,14.786445653934916,0.016468516848088546,17.587914853627325,1.67,bo162750,bo,G,g
601295471956,2458728.4909554,3.7649525046781998,0.07010128252553083,14.960666867544868,0.020238514597122607,17.538325702450443,1.53,bp162962,bp,G,g
601295471956,2458728.7025483,2.229079537820603,0.04037392990765205,15.529751709246389,0.019687366770351992,18.13738804964912,1.54,bG114526,bG,G,g
601295471956,2458729.4117748,2.162901944880505,0.03419198167320801,15.562473544399476,0.017183024666858653,18.317829931343148,1.53,bo163128,bo,G,g
601295471956,2458729.422893,2.131109953638881,0.03331438382046064,15.57855097849094,0.016991749627718315,18.346061148915254,1.56,bp163330,bp,G,g
601295471956,2458729.6986602,1.9040381498044898,0.06164906175507293,15.700876507849653,0.03519354364861629,17.67782443294473,1.49,bG114928,bG,B,g
601295471956,2458730.3214434,2.1318621528924964,0.03975857591402896,15.578167823287991,0.020271406069186565,18.15406356069509,1.46,bo163492,bo,G,g
601295471956,2458730.3497429,1.8969607449429504,0.04728344821354641,15.704919762681895,0.027093366345635354,17.9658677599958,1.46,bp163705,bp,G,g
601295471956,2458732.2429691,1.737434240347514,0.07072945980331227,15.800294682068811,0.044249069016228645,17.528639758521393,1.52,bp164084,bp,G,g
601295471956,2458733.2807686,3.1505473142927727,0.07763345692402851,15.154100606911612,0.026783978747409797,17.427518298435952,1.54,bp164244,bp,G,g
601295471956,2458738.6918951,3.707670525351122,0.1275548957010313,14.977312786068318,0.037394537840942724,16.888397781495538,1.57,bk258647,bk,G,g
601295471956,2458740.7086667,3.302288535286685,0.17833384889637716,15.10302808033456,0.05869903190876978,16.524556154321054,1.52,bl259569,bl,G,g
601295471956,2458741.5488706,1.97875000796352,0.09978538515150197,15.659088298236632,0.05481358166932002,17.15497326656154,1.57,bG118060,bG,G,g
601295471956,2458742.4245124,2.0628780608060717,0.146159091876169,15.613881729620571,0.07701307272820217,16.740576021516837,1.52,bo166148,bo,G,g
601295471956,2458742.4281636,1.576876098439691,0.13256904064283823,15.905571696312402,0.09138117030882496,16.84653532781335,1.54,bp166342,bp,G,g
601295471956,2458742.6797808,4.183349226610646,0.11363869452462667,14.84625531962867,0.029526657576121152,17.013825021623973,1.52,bG118546,bG,G,g
601295471956,2458743.4211137,3.198600182022816,0.11304784597741822,15.137665728224693,0.03841620911057616,17.019484882245006,1.51,bp166745,bp,G,g
601295471956,2458743.4247787,3.099104039952686,0.10443284402465682,15.171975231846249,0.03662799294021091,17.10554784812348,1.46,bo166557,bo,G,g
601295471956,2458743.4829244,2.8990498501133515,0.050420793670201275,15.24442641414395,0.018904542296485687,17.89611641745863,1.54,bk260533,bk,G,g
601295471956,2458743.5389701,2.5821579620598025,0.04642091533252382,15.37010860612341,0.019540832670645953,17.985856362269917,1.45,bl260647,bl,G,g
601295471956,2458743.6788016,2.4218476069483037,0.10761188364171674,15.439698592299806,0.04829760485565237,17.0729900280269,2.05,bG118938,bG,G,g
601295471956,2458744.6803375,3.9900574863409037,0.09783569678776048,14.897617740320504,0.026652034224166204,17.17639725541979,1.45,bG119263,bG,G,g
601295471956,2458746.5100526,1.9737562570366816,0.05330260956192732,15.661831822825969,0.029353988813206677,17.83576943265612,2.06,bl261771,bl,G,g
601295471956,2458746.6694209,2.2106168869563083,0.05672899302538372,15.538781914068876,0.02789354831425984,17.76812792484669,1.56,bG120036,bG,G,g
601295471956,2458747.4049482,4.076127772930247,0.06523769194044272,14.87444614922545,0.017396543648310697,17.616394142357162,1.60,bo167739,bo,G,g
601295471956,2458747.6698391,2.306786076922568,0.0435869091478333,15.492547318597413,0.02053813122710237,18.054250428324078,1.46,bG120425,bG,G,g
601295471956,2458750.3335844,2.5338322434135496,0.042260957957928405,15.39062097650909,0.018128991762070747,18.08779226825019,1.51,bp168476,bp,G,g
601295471956,2458750.6619164,2.0389525712138092,0.04864794627604892,15.626547813231307,0.02593400318404036,17.93497933445365,1.44,bG121534,bG,G,g
601295471956,2458751.2292627,1.933261161986807,0.058415022941993903,15.684339306470498,0.03284325542912577,17.73632923245481,2.06,bp168800,bp,G,g
601295471956,2458751.6586528,2.4702497329898945,0.05131145412183077,15.418213469723202,0.02257800859273296,17.877104805551202,1.73,bG121923,bG,G,g
601295471956,2458752.2823809,2.9326593529104823,0.04488320642048947,15.23191157269232,0.01663544519307961,18.022430923922222,1.61,bp168903,bp,G,g
601295471956,2458754.3461268,2.7088518569609557,0.05275034268698106,15.318102485357878,0.021166653636022204,17.84707739812537,1.56,bp169725,bp,G,g
601295471956,2458754.6467119,2.0937471056376076,0.05781646693080647,15.597755062233194,0.030015079483640416,17.747511738632053,1.48,bG123057,bG,G,g
601295471956,2458755.5396126,3.9900662553105057,0.05932847784930583,14.897615354195155,0.016162006291832894,17.719482596241868,1.44,bk265284,bk,G,g
601295471956,2458755.5804853,3.511088363321794,0.058219215989559425,15.036461223625864,0.01802340185210282,17.73997472967888,1.50,bl265387,bl,G,g
601295471956,2458756.6451634,1.9942247252119074,0.054663189194530656,15.65063038099877,0.02979429010325876,17.80840319649085,1.45,bG123813,bG,G,g
601295471956,2458757.642368,3.4157786187255263,0.07218820375498873,15.066341333004939,0.022971464963790513,17.50647502273519,1.44,bG124184,bG,G,g
601295471956,2458758.3864326,2.9240659038863406,0.04581153984866774,15.2350977304907,0.01702942192350703,18.000203386884095,1.57,bo170150,bo,B,g
601295471956,2458758.4048461,2.644681664348555,0.05226386165727553,15.34413211163496,0.021480296114822023,17.857136872433596,1.51,bp170354,bp,G,g
601295471956,2458758.6404986,2.0694340832027374,0.04925695658341222,15.610436628379688,0.025871889631053257,17.921471674488277,1.55,bG124542,bG,G,g
601295471956,2458760.3109051,3.6940448433659996,0.06901005144671646,14.981310214291438,0.020305905495508737,17.5553597335149,1.45,bo170537,bo,G,g
601295471956,2458761.2869544,2.1463984078746976,0.08905221801756001,15.570789778484396,0.04509688825448127,17.278528759249166,1.48,bp171094,bp,G,g
601295471956,2458764.4920801,2.8137751692156,0.08596392545128836,15.276842140308272,0.03320771695828933,17.31685001427184,2.15,bG126031,bG,G,g
601295471956,2458765.5552036,2.2628526289456943,0.14976202690392038,15.513424944995664,0.07193787601092339,16.71413633832518,1.42,bk268511,bk,B,g
601295471956,2458766.2863527,1.8413346424427197,0.06588450131125738,15.73723381240309,0.03889221803093799,17.605682453812857,1.48,bp172744,bp,G,g
601295471956,2458766.6144948,2.2242225715110076,0.13694112316525778,15.532120013093314,0.06692183094681889,16.81130589757389,1.52,bG126837,bG,G,g
601295471956,2458767.3457014,2.398105871635833,0.10759676755131053,15.450394741208907,0.04876890949279418,17.073142550581775,1.56,bp172901,bp,G,g
601295471956,2458767.5643228,1.7681478731672804,0.1984108370792854,15.781269164855626,0.12197167251669447,16.408727138025835,1.51,bl269351,bl,G,g
601295471956,2458769.3340175,2.3726386971373925,0.12263036891917536,15.461986598890276,0.056179594230168016,16.93114552446955,1.42,bo173457,bo,B,g
601295471956,2458770.331616,2.3573536260898518,0.11278130461673755,15.469003782708997,0.05200253929943808,17.02204782630228,1.61,bo173831,bo,G,g
601295471956,2458770.3697274,1.9919647864871604,0.15591597851337385,15.651861480297828,0.0850787578365368,16.670414049823577,2.06,bp174053,bp,G,g
601295471956,2458771.3409998,2.7737493387796337,0.10416687080011987,15.292397593005314,0.04082014837547044,17.108316566346417,1.57,bo174187,bo,G,g
601295471956,2458771.3748806,2.5729418805718227,0.1376154518174374,15.373990681855496,0.058136568872592186,16.805972610590793,1.51,bp174405,bp,G,g
601295471956,2458772.3488086,1.9898664007514184,0.10300703162254038,15.653005824931551,0.05626717691440436,17.120473430974535,1.53,bp174759,bp,G,g
601295471956,2458773.5983179,2.478183156921697,0.09399343838397518,15.4147321199052,0.041226485042798265,17.21989676928061,1.50,bG129096,bG,G,g
601295471956,2458774.595135,3.037189565348499,0.06738654124992279,15.193885874446112,0.024116453356984306,17.581207696682306,1.44,bG129452,bG,G,g
601295471956,2458775.3235043,2.8449107243348113,0.049267714281944285,15.264894016225245,0.01882374124849235,17.921234576049482,1.58,bp175531,bp,G,g
601295471956,2458776.2487854,2.293911463671796,0.08967671481529534,15.498623992881758,0.04249278647424365,17.270941386218265,2.22,bp175832,bp,G,g
601295471956,2458776.3352436,1.993314400766673,0.04310946518335996,15.651126111420071,0.023507638489801915,18.066209023882756,1.42,bo175699,bo,G,g
601295471956,2458777.5888758,2.2836859558426053,0.05468342577081921,15.503474669562642,0.026027443099416316,17.808001326093773,1.50,bG130409,bG,G,g
601295471956,2458782.5702238,1.916599731716372,0.06118870805367588,15.69373706473187,0.034701802455212406,17.685962402583705,1.51,bG131788,bG,G,g
601295471956,2458784.5699951,1.8141838690595673,0.07398814444615305,15.753362369618642,0.04432951781167132,17.47973527205072,1.46,bk274827,bk,B,g
601295471956,2458785.566332,2.758260611811826,0.0629627174494243,15.298477378012,0.024811918085258455,17.65493195204888,1.48,bG132826,bG,G,g
601295471956,2458786.2862513,2.5855578356606785,0.034721197776178284,15.368679980193829,0.01459663050073196,18.301153864923833,1.45,bo176978,bo,G,g
601295471956,2458786.3267523,2.3685685170383985,0.04126274997363818,15.463850741408976,0.01893583186051022,18.113745190583824,1.49,bp177199,bp,G,g
601295471956,2458786.5639944,1.9306600520904238,0.050920996895348195,15.685801095910392,0.02866838706738022,17.885398368002733,1.47,bG133168,bG,G,g
601295471956,2458787.2822667,2.0421802144426637,0.04785496228761618,15.624830461689815,0.025470946681510388,17.952823165648535,1.53,bo177333,bo,G,g
601295471956,2458787.3233315,2.1596057338170507,0.04744930940996791,15.564129442618679,0.02388182968195049,17.962065871516135,1.60,bp177555,bp,G,g
601295471956,2458788.323556,2.371851389352156,0.05895928580193235,15.4623469362749,0.027019475379946162,17.726260076204042,1.57,bp177761,bp,G,g
601295471956,2458791.3049635,2.309077459060429,0.1052444541002894,15.491469367860365,0.04954192650069534,17.097142561980526,1.46,bo178323,bo,B,g
601295471956,2458792.5276835,2.1892951949081434,0.09022809199424808,15.549304812610643,0.0447970713430178,17.264286177269703,1.50,bG134453,bG,G,g
601295471956,2458793.5247171,2.8425675387194125,0.07390284435958623,15.265788641745864,0.028259373808199036,17.480987727028165,1.47,bG134791,bG,G,g
601295471956,2458794.521224,2.0766075085526596,0.09144040425896753,15.606679572299143,0.04786255628489985,17.249795267912585,1.52,bG135125,bG,G,g
601295471956,2458795.2623561,2.026819940835232,0.08589226982323406,15.633027701184997,0.04606287957324328,17.31775541211377,2.14,bo179204,bo,B,g
601295471956,2458795.5139238,2.5413500843578687,0.09984808747938259,15.387404383473498,0.04270585565401033,17.154291234747497,1.49,bG135455,bG,G,g
601295471956,2458795.5585744,3.1063189336437373,0.11976840985609774,15.169450512787776,0.0419091075231946,16.956784902584822,1.49,bl278469,bl,G,g
601295471956,2458796.5145543,2.424567930482835,0.17469751330329197,15.438479731045557,0.07831853215133748,16.546923803569065,2.16,bG135794,bG,B,g
601295471956,2458797.511265,2.4359264039069126,0.10348767888039193,15.433405214986815,0.04617816338715029,17.115418995722777,1.52,bG136127,bG,G,g
601295471956,2458797.5497472,2.8913223232616794,0.18199110191137297,15.247324348993674,0.06841728213058665,16.502515225068226,1.45,bl279162,bl,G,g
601295471956,2458798.5080611,2.6912675109130975,0.15940155442207424,15.325173450764737,0.06437953806221355,16.646409231062375,2.24,bG136458,bG,G,g
601295471956,2458799.2763556,2.183613866843572,0.14471868994070425,15.552126013305362,0.07203788464485893,16.751329055345444,2.29,bp180163,bp,G,g
601295471956,2458799.5061869,2.5903744525950296,0.22201595261170567,15.366659251711152,0.09316092790355611,16.28668015862274,2.49,bG136794,bG,G,g
601295471956,2458800.2732449,2.735242825407602,0.16278016165926845,15.30757590342089,0.06468711175539787,16.62363692281865,1.64,bp180444,bp,G,g
601295471956,2458903.8994738,4.226140223967182,0.2521817705862529,14.835205865003529,0.06486074897560651,16.14835638741115,1.53,bl311074,bl,B,g
601295471956,2458904.898744,1.7461873670002646,0.14892729723795758,15.794838517431533,0.0927033948687108,16.720204841654077,1.42,bl311449,bl,G,g
601295471956,2458906.8970436,2.0005935086632096,0.11535717172019815,15.647168483997746,0.06267551583451561,16.99752911231224,1.52,bl312154,bl,G,g
601295471956,2458907.8974703,1.834004705648149,0.10939204826992405,15.741564508186043,0.06483320349572065,17.055176225964296,1.62,bl312530,bl,G,g
601295471956,2458908.8785658,2.8149519044730367,0.06595993088109639,15.276388174758226,0.025469556666578824,17.60444013174499,1.53,bk312591,bk,G,g
601295471956,2458909.6348783,2.081527632665552,0.0629561988172749,15.604110170779993,0.03287520656197666,17.655044365896554,1.52,bp204726,bp,G,g
601295471956,2458909.878243,1.935397045379736,0.06540234098296702,15.683140438004914,0.036731223310560675,17.61365737756617,1.44,bG167825,bG,G,g
601295471956,2458909.8994817,2.1799012292489044,0.09979120379618185,15.553973581578004,0.04975853874619446,17.154909957400616,1.54,bl313275,bl,G,g
601295471956,2458911.8779987,2.1154423350484945,0.0632166486112237,15.586562643849668,0.03248197663061581,17.650561940743724,1.61,bl313988,bl,G,g
601295471956,2458920.8439104,4.683386885979635,0.11851876900435454,14.723665533450628,0.02750674929364288,16.96817278136681,1.51,bk317004,bk,G,g
601295471956,2458923.8385986,2.291069565050867,0.1182377962723554,15.499969931981095,0.05609578414151991,16.97074979468461,1.43,bG172741,bG,G,g
601295471956,2458928.6040774,2.018795061025006,0.04744380935936629,15.637335038374655,0.025544622629068547,17.9621917310969,1.43,bo207968,bo,G,g
601295471956,2458928.6152315,1.9492599040604197,0.04771780485158311,15.675391248482715,0.02660865238055792,17.955939469607163,1.46,bp208144,bp,G,g
601295471956,2458930.5949134,2.447451126362742,0.060090307669819536,15.428280552159562,0.026687173080383167,17.705629542290982,1.49,bp208868,bp,G,g
601295471956,2458932.589267,2.1568729963019053,0.04672160728998749,15.565504189323207,0.023545362122414894,17.97884617466348,1.56,bp209533,bp,G,g
601295471956,2458932.5966626,2.4675290287798424,0.0400288628384412,15.41940994591412,0.017632876052347667,18.146707479921922,1.56,bo209372,bo,G,g
601295471956,2458978.4313366,3.071383497721517,0.2113209110683204,15.18173050599877,0.07478605085817658,16.34028442545789,1.47,bo210981,bo,B,g
601295471956,2458978.4325584,3.1048499290132257,0.4917813224789293,15.169964088115485,0.172164493601742,15.423210535177052,1.61,bo210982,bo,B,g
601295471956,2458978.4601937,3.320177703543332,0.10940688234912863,15.097162300369327,0.035817517889364096,17.055029004980756,1.56,bp211178,bp,G,g
601295471956,2458983.4159538,2.3239560227996927,0.06274612575211808,15.484495858636382,0.029347504828410798,17.658673322570266,1.54,bo212681,bo,G,g
601295471956,2458983.4540066,2.146731499697249,0.07049498402491321,15.57062130007365,0.03569378967354863,17.532245070304135,1.58,bp212885,bp,G,g
601295471956,2458985.4685973,2.2377349017607955,0.04387018029529627,15.525544033336017,0.021309485115650707,18.04721706332067,1.61,bp213517,bp,B,g
601295471956,2458985.6522379,1.9885562236783105,0.04387125965515514,15.653720935852952,0.023980288427990597,18.047190350741587,1.48,bo213449,bo,G,g
601295471956,2458989.4093678,2.9040220527516754,0.050610367542992335,15.242565847246528,0.01894313061994298,17.89204188329994,1.50,bo214595,bo,G,g
601295471956,2458989.4514422,2.757482567455956,0.05126450364070178,15.298783683401583,0.020207665942704178,17.87809871956116,1.56,bp214802,bp,G,g
601295471956,2458991.5110857,2.7406953586411413,0.047235460900803376,15.305413711483425,0.018733527650785,17.966970218070674,1.50,bo215162,bo,G,g
601295471956,2458993.4696203,2.9847968380597765,0.04047555350317849,15.212778682372772,0.014739752565497685,18.134658620334957,1.54,bo215938,bo,G,g
601295471956,2459000.5024662,2.014452953082432,0.0424682068821446,15.63967279970403,0.022914952849347966,18.082480800596635,1.51,bo217144,bo,G,g
601295471956,2459014.5267563,2.5425819760637403,0.03724542316312291,15.386878212220347,0.015922458348723547,18.224958329276536,1.56,bo221044,bo,B,g
601295471956,2459014.5306189,2.384211643180537,0.050174102758732096,15.45670361102772,0.02287425630690266,17.90144157410968,1.61,bp221222,bp,G,g
601295471956,2459017.3767045,2.0399525661671527,0.044951850563087314,15.626015449417682,0.02395188395267174,18.020771673115895,1.53,bp222299,bp,G,g
601295471956,2459017.3878968,2.0638273531428406,0.044622082053134726,15.613382211979392,0.023501124271549705,18.02876603526091,1.43,bo222133,bo,G,g
601295471956,2459020.3474498,1.6716525802363944,0.05756717979741706,15.842200564770124,0.03743183377857312,17.752203226462523,1.59,bp223467,bp,G,g
601295471956,2459022.4380397,2.927930160303192,0.04657577699835113,15.233663838991108,0.017290659883151975,17.982240339623917,1.48,bo223720,bo,G,g
601295471956,2459023.4822427,1.9149891410963988,0.05291693801789589,15.694649833146324,0.03003589401874412,17.84365384580189,1.63,bp224324,bp,G,g
601295471956,2459024.322079,2.103411907839034,0.0450526700974639,15.592754801735476,0.023281361773077592,18.018339273863067,1.64,bp224563,bp,G,g
601295471956,2459031.2942107,4.250653704619603,0.09779954382451077,14.828926309816705,0.02500882437626783,17.17679853876152,1.51,bo225493,bo,G,g
601295471956,2459031.3207252,3.5531838137113945,0.11536296492539158,15.023521434676521,0.03529075152513403,16.997474588310016,1.60,bp225688,bp,G,g
601295471956,2459033.4633712,2.756075272779679,0.09240096738877127,15.299337935613405,0.03644161504229659,17.23844931625431,1.51,bo226315,bo,B,g
601295471956,2459034.3868465,1.7297420915316863,0.13360865281854958,15.805112238122888,0.0839586417263532,16.83805414892155,1.54,bp226857,bp,G,g
601295471956,2459038.2980996,2.280062150939589,0.09948055847820741,15.50519890890146,0.04742460278092808,17.158295074668917,1.63,bp227905,bp,G,g
601295471956,2459039.2822787,1.8877675961331977,0.06247489541456091,15.710194304593132,0.03597238089843536,17.663376767009677,1.52,bp228317,bp,G,g
601295471956,2459046.2717297,3.026953553786706,0.05802884567908507,15.197551229528141,0.020837727153417578,17.74353078248863,1.53,bp228584,bp,G,g
601295471956,2459047.4349005,1.7756306416825387,0.048690257752097316,15.776684044917129,0.029805857122769588,17.93403542748979,1.54,bo228955,bo,G,g
601295471956,2459048.269129,3.3623529381734745,0.06108855958161882,15.083457376400279,0.019748256492359995,17.68774089908399,1.58,bp229415,bp,G,g
601295471956,2459049.2499491,2.053884886865481,0.04069598931983958,15.618625374177837,0.021537122787506434,18.128761584821977,1.67,bp229802,bp,G,g
601295471956,2459050.2468445,4.035909585342558,0.06593446208040818,14.885212051354838,0.017757556766370936,17.604859442963942,1.61,bp230172,bp,G,g
601295471956,2459051.4292434,1.6555488360667705,0.04857757581214194,15.852710631592375,0.03189378149951184,17.936551015882767,1.50,bp230726,bp,G,g
601295471956,2459052.3417591,3.3127613094433697,0.05627970475431036,15.099590259053377,0.018466042799361586,17.776761085338105,1.57,bp231041,bp,G,g
601295471956,2459052.5072047,2.3468586738365245,0.04072045043904724,15.473848278580757,0.01885983151278608,18.12810917792208,1.68,bo230996,bo,G,g
601295471956,2459053.2365124,2.0164214970800005,0.04273072570956737,15.638612325265957,0.023034093346019035,18.075789939837748,1.55,bp231379,bp,G,g
601295471956,2459054.2369373,2.153175150404922,0.05372499096124167,15.567367224731825,0.027121216448515808,17.827199733699054,1.53,bp231800,bp,G,g
601295471956,2459056.2293223,1.8103249067191693,0.05641720844974048,15.755674305921236,0.033874058979775315,17.774111628307637,1.55,bp232572,bp,G,g
601295471956,2459058.3358,3.3147150338637417,0.06517639031249234,15.098950127187525,0.021372546897644056,17.6174148511737,1.48,bo232932,bo,G,g
601295471956,2459058.4990592,2.7483871335305037,0.04876163029252522,15.302370855430771,0.019284682063333627,17.93244506805031,1.65,bp233239,bp,G,g
601295471956,2459059.3770318,1.87006579955914,0.06807139857910782,15.720423402889246,0.03956580065092255,17.570228927418228,1.50,bp233553,bp,G,g
601295471956,2459068.4705976,2.7016232785724013,0.1016460851372724,15.321003647913294,0.04089573702799593,17.134913969944595,1.47,bo235871,bo,B,g
601295471956,2459069.3776697,2.5637295200221057,0.06892243245883282,15.377885112051233,0.029221369442517128,17.556739120262264,1.50,bp236320,bp,G,g
601295471956,2459078.2798195,2.216540924471228,0.03868310969621704,15.53587623682801,0.01896958359813902,18.18383716316669,1.49,bo237196,bo,G,g
601295471956,2459078.3382666,2.1401325320090723,0.039216443360166796,15.5739639504303,0.01991772389429096,18.168970101849048,1.55,bp237414,bp,B,g
601295471956,2459081.3835266,4.221715794030611,0.06334268977499478,14.836343139170262,0.01630871264540881,17.648399358325324,1.52,bo237769,bo,G,g
601295471956,2459083.330357,2.614958742194407,0.029865159949467698,15.356403519463917,0.012414012449242237,18.46472849881857,1.53,bo238149,bo,G,g
601295471956,2459084.3238044,2.3039428240085544,0.03933686180331736,15.493886379334082,0.018558385232613713,18.16564133635434,1.64,bp238698,bp,G,g
601295471956,2459094.5012455,2.111388009483901,0.2373392979653169,15.588645495084535,0.12218384144913604,16.214216477904046,1.62,bp240587,bp,G,g
601295471956,2459097.4272579,1.4510865431309918,0.26664581168969004,15.99583233570302,0.1997347473053983,16.08780369534527,1.48,bo241027,bo,G,g
601295471956,2459102.3119789,2.251362910154276,0.05841978963128002,15.518951854601317,0.028205035737217724,17.736240639559874,1.63,bp242266,bp,G,g
601295471956,2459104.4488216,3.681879601770433,0.07342754208847074,14.984891665081715,0.021677119944378376,17.487993134218303,1.58,bo242896,bo,B,g
601295471956,2459108.4391738,3.472362342340391,0.06306967168155664,15.048503028120573,0.019742752685195857,17.653089185903525,1.46,bp243473,bp,G,g
601295471956,2459112.4172135,1.6460454839039758,0.055986757991560755,15.858961043366824,0.03697052865491012,17.782427312285925,1.53,bp244810,bp,B,g
601295471956,2459114.2350366,2.028542794440983,0.05138836798323306,15.632105187087046,0.027535490931705143,17.87547854801982,1.52,bo244952,bo,G,g
601295471956,2459115.2728529,3.859618483149154,0.07025970851680749,14.933704678512123,0.01978673506753516,17.535874752136237,1.52,bo245335,bo,G,g
601295471956,2459115.2853434,3.4416434326114707,0.06538499115396547,15.058150937889362,0.0206502050401923,17.613945438149656,1.49,bp245516,bp,G,g
601295471956,2459120.3488287,2.122381978641492,0.11142149157930016,15.583006748902552,0.05706339299561099,17.035218191482674,1.44,bo246531,bo,G,g
601295471956,2459127.2526636,1.906690331905668,0.05389403531923946,15.699365211199881,0.030723643054578927,17.823788854842782,1.49,bp248075,bp,G,g
601295471956,2459127.3763527,2.9217185709828506,0.1168159762261066,15.235969669737134,0.04345863029496932,16.98388500466482,1.51,bo248005,bo,G,g
601295471956,2459133.3807926,1.8248448416708847,0.06022865943510383,15.74700076163082,0.035874794762632244,17.703132619480215,1.55,bp249620,bp,G,g
601295471956,2459134.3367661,2.829567728181632,0.036529282476808374,15.270765388245916,0.014032440866200414,18.246037757180062,1.52,bo249579,bo,G,g
601295471956,2459138.3313872,3.3390108876973996,0.05584313758636492,15.091021034320464,0.01817875551634793,17.785216082830473,1.49,bo250732,bo,G,g
601295471956,2459138.3428048,3.056725125993255,0.06647340203413439,15.186924655195176,0.023637617019852702,17.596020846324073,1.49,bp250909,bp,G,g
601295471956,2459142.5854063,2.2413599589848774,0.06522688122123316,15.52378659936589,0.031632038241743814,17.61657407762982,1.51,bl319283,bl,G,g
601295471956,2459146.4971581,2.9306707613709064,0.12445695115744669,15.232648043561841,0.04615984044317358,16.915092716954977,1.51,bG173581,bG,B,g
601295471956,2459147.5355287,1.8325505955852461,0.08282561980362228,15.742425687082342,0.04912707339678198,17.357228875207028,1.49,bl320908,bl,G,g
601295471956,2459149.5618882,2.3017803256528957,0.10027594929058466,15.494905938197569,0.04735273641895732,17.149648656331003,1.54,bk321326,bk,B,g
601295471956,2459151.5477555,1.7254680603865569,0.13549523583588763,15.807798310759473,0.08535506025153836,16.822830548444895,1.40,bG176003,bG,G,g
601295471956,2459152.2895342,2.10775063088227,0.13537135055304172,15.590517552370747,0.06981033248637726,16.8238237070917,1.49,bp254925,bp,B,g
601295471956,2459153.5371184,2.2710153768705004,0.16463306929255175,15.509515435271643,0.07879690740274255,16.611347924154735,1.46,bG174950,bG,G,g
601295471956,2459155.5340769,2.4263532801462926,0.1570344316849746,15.437680534863585,0.07034820570205244,16.662653393614942,1.47,bG175297,bG,G,g
601295471956,2459156.5308677,3.2971448966423074,0.07603535574178141,15.10472053950968,0.025066270484639292,17.45010165596769,1.49,bG175621,bG,G,g
601295471956,2459157.5277099,2.3827504654291456,0.06801171285087411,15.457369214655278,0.031025395193697812,17.571181330101044,1.48,bG176487,bG,G,g
601295471956,2459158.5419023,2.9836381347604584,0.07517324267509881,15.213200248878625,0.027386044384547007,17.462482400469494,1.50,bl323683,bl,B,g
601295471956,2459159.5213075,2.620591293749149,0.06805175573359278,15.354067387647575,0.028226186924632093,17.570542275265563,1.52,bG177023,bG,G,g
601295471956,2459163.2955338,3.01480593748367,0.059704234422688476,15.201917217486898,0.021525732775804787,17.71262777686865,1.50,bp255563,bp,G,g
601295471956,2459164.2650608,2.1800040234833507,0.08427094805677227,15.5539223844003,0.04201774657144236,17.33844591192718,1.61,bo255804,bo,G,g
601295471956,2459164.3093884,2.196788913750416,0.05296424655632805,15.54559480178074,0.0262063564018608,17.842683614941805,1.59,bp255806,bp,G,g
601295471956,2459167.5159264,3.155809483382613,0.06497257561680948,15.152288679992253,0.022378526071599854,17.620815403356048,1.53,bk325362,bk,B,g
601295471956,2459168.5093142,1.933548378058183,0.12569350462194712,15.684178015419246,0.0706594032709337,16.904358522631668,2.25,bk325699,bk,B,g
601295471956,2459169.5082558,3.397733496618523,0.16557477768010817,15.072092343017772,0.052968422807148266,16.60515515997919,2.20,bk326039,bk,B,g
601295471956,2459259.8834734,2.1367476096041362,0.06599731117120344,15.57568255532499,0.033572616378439064,17.60382500619723,1.49,bk354185,bk,G,g
601295471956,2459260.8842019,4.796455264099345,0.14684343448418974,14.69776462673728,0.033277164071941784,16.735504277554075,1.48,bG205386,bG,G,g
601295471956,2459265.6395274,4.699193472316,0.1818517319424847,14.72000730753847,0.04206358541926996,16.503347007444567,1.48,bo279862,bo,G,g
601295471956,2459265.8945325,2.1924646396744567,0.15384283885171007,15.54773412792603,0.07627054684793351,16.684947398163036,1.53,bl356596,bl,G,g
601295471956,2459266.8746169,1.9903634167083257,0.06684806164827387,15.652734670628252,0.03650636660835426,17.589918564409153,1.55,bk356674,bk,G,g
601295471956,2459267.8782022,2.4329432600244543,0.04624568116477497,15.43473567069668,0.02066100166422104,17.989962659775426,1.50,bk357050,bk,G,g
601295471956,2459268.6407376,2.2518558718084654,0.19625005833116593,15.518714146267097,0.09472865624540706,16.42061612518686,1.55,bp281023,bp,B,g
601295471956,2459268.8710877,1.9156012278301915,0.06310325891933029,15.69430285543846,0.03580625123270135,17.65251113987168,1.46,bk357418,bk,G,g
601295471956,2459269.8623328,2.648844005387913,0.05388348838230826,15.342424665378411,0.022111158298514986,17.82400135167735,1.58,bk357784,bk,B,g
601295471956,2459269.8876914,2.4727378428067834,0.07567879141813928,15.417120433944195,0.033266589957595225,17.455205141905523,1.51,bl358083,bl,G,g
601295471956,2459271.8871274,2.623694940472569,0.10442598100248073,15.352782277774732,0.04326208025892242,17.105619201887464,1.47,bl358739,bl,G,g
601295471956,2459271.894581,2.677632565129603,0.09776270652644498,15.330688169200275,0.03968573314563219,17.17720757055162,1.58,bk358465,bk,G,g
601295471956,2459273.8709956,2.9098268366080284,0.14343626646577085,15.240397759906159,0.053580159247766004,16.760993180556312,1.52,bk359197,bk,G,g
601295471956,2459274.8556633,2.13018252579088,0.10736745321859553,15.57902357783146,0.05478579984836952,17.07545898228235,1.50,bk359560,bk,G,g
601295471956,2459276.6259713,2.5837966485622,0.07926276321322279,15.369419795842376,0.033344411006036224,17.404967590470946,1.59,bo282845,bo,G,g
601295471956,2459278.8391938,1.8436347842533025,0.11976837726466974,15.735878388639692,0.07061215153774139,16.956785198035835,1.47,bG211474,bG,G,g
601295471956,2459283.8248282,2.245883755780668,0.06531675115576828,15.521597437403505,0.031611818049280954,17.61507917427403,1.53,bG213171,bG,G,g
601295471956,2459285.652292,2.2429681997668682,0.14442732850672746,15.523007831507684,0.06999039337876668,16.75351716615746,2.08,bp285213,bp,B,g
601295471956,2459287.819225,2.123227841141852,0.07200427126904321,15.58257412151001,0.036861570262223746,17.50924496294886,1.68,bG214550,bG,G,g
601295471956,2459287.8487822,1.9880405934917458,0.06831363399912543,15.654002502423916,0.03735031882253046,17.56637213995156,1.57,bl364453,bl,G,g
601295471956,2459291.8015684,1.849726557623358,0.06168456100973445,15.732296792210526,0.03624775543380535,17.67719941559377,1.42,bG215716,bG,G,g
601295471956,2459291.8426564,1.8218977648651955,0.07582828688831879,15.748755614675275,0.045239668523147016,17.453062500137065,1.54,bl365701,bl,G,g
601295471956,2459295.5476656,2.882472599850945,0.0534577265325555,15.250652653085336,0.020158465511489292,17.832614398948728,1.47,bo287334,bo,B,g
601295471956,2459295.7949747,2.037207797832152,0.06156287697680754,15.627477297635131,0.03284700299015742,17.67934334337315,1.51,bk366681,bk,G,g
601295471956,2459296.6006642,1.8396024390954329,0.054009165856929504,15.73825568046838,0.03191212069209179,17.82147193673254,1.48,bp287869,bp,G,g
601295471956,2459296.7915991,3.564674580091366,0.06200953477994716,15.020015899380093,0.01890822478312885,17.671494428666637,1.45,bk367069,bk,G,g
601295471956,2459297.8097747,2.2428748291732115,0.04406577163356197,15.523053029626903,0.021355439563349947,18.04238716285704,1.52,bk367477,bk,G,g
601295471956,2459297.8552131,2.4090106462860508,99.99,15.445468824016274,99.99,99.99,1.62,bG217755,bG,G,g
601295471956,2459299.7855041,2.230107118755119,0.13487991520098608,15.529251312232496,0.06574061050536978,16.827772400842743,1.37,bG218411,bG,G,g
601295471956,2459300.7816584,3.8485515230378757,0.09215817926344637,14.93682235949635,0.02602847678727077,17.24130589653865,1.58,bk368626,bk,B,g
601295471956,2459300.8227958,3.5609927052294874,0.07824394810301578,15.021137912248397,0.02388316312816209,17.41901372056395,1.53,bl368939,bl,G,g
601295471956,2459301.8292732,1.406661710903395,0.15639622578858256,16.029591456791717,0.12085058993118505,16.667074940703102,1.52,bG219151,bG,G,g
601295471956,2459302.7974369,1.9293501001412965,0.2702079238007469,15.68653801745006,0.1522296367980608,16.073395410233424,1.50,bG219265,bG,B,g
601295471956,2459303.8731503,2.6644840887096404,0.13741268843257226,15.336032794426163,0.0560564870679429,16.80757352013869,1.53,bG219697,bG,B,g
601295471956,2459304.81973,3.0868027869359222,0.10243865450141117,15.17629341307443,0.03607174519205907,17.126480947651373,1.56,bl370239,bl,G,g
601295471956,2459305.7705691,2.3218060428151817,0.22279937034862013,15.485500779354389,0.10430381529465324,16.282855713573348,1.50,bG220370,bG,B,g
601295471956,2459306.8636534,2.603344686830431,0.1467974783119592,15.361236439352552,0.06129133696095761,16.735844123115477,1.44,bG220818,bG,B,g
601295471956,2459306.8701189,3.770625825734083,0.15153996436381786,14.959032027864271,0.043684353786894066,16.70132265948067,1.97,bk370794,bk,B,g
601295471956,2459310.7582313,1.884826753605787,0.06435914676506957,15.71188702824972,0.0371151322932089,17.63111491681808,1.48,bG222194,bG,G,g
601295471956,2459310.9136762,2.6973655930964733,0.08887225746057656,15.322716088645388,0.03581282422215497,17.280725081685972,1.51,bl372628,bl,G,g
601295471956,2459311.594172,2.691336381140861,0.058697266196674314,15.325145666851515,0.02370620660717538,17.73109592490522,1.46,bp291928,bp,G,g
601295471956,2459311.8903006,2.358931057045031,0.04659018808523341,15.4682775017156,0.02146799018862994,17.981904452180714,1.47,bk372742,bk,G,g
601295471956,2459312.9119111,2.098042977615943,0.06374010418418102,15.595529671515557,0.033022546572451454,17.64160868894392,1.49,bl373454,bl,G,g
601295471956,2459313.4944757,2.861860207026382,0.03790851504798372,15.258444582265644,0.014397945629799248,18.20579867999213,1.54,bo292516,bo,G,g
601295471956,2459313.8449904,2.6589053649388923,0.06346965528829472,15.338308421503356,0.025946299803615593,17.646225262411587,1.50,bl373820,bl,G,g
601295471956,2459314.7571787,2.132035583046059,0.054380415368400645,15.578079500627137,0.027724277966841494,17.814034310213287,1.49,bk373870,bk,G,g
601295471956,2459314.9217659,1.5632386801688285,0.1254217609546627,15.915002390979488,0.08720869229192406,16.906708376213654,1.46,bl374277,bl,B,g
601295471956,2459315.7441599,3.485372792440744,0.06554934408144228,15.044442530586565,0.02044237196077707,17.611219735726102,1.51,bk374275,bk,G,g
601295471956,2459316.7335091,2.230693764053465,0.06689970425776016,15.528965739278146,0.03259840997325199,17.589080116705237,1.55,bk374689,bk,G,g
601295471956,2459317.5306529,1.9247607951449002,0.0375703250427895,15.689123712091273,0.021216823374690934,18.21552823040608,1.52,bp294275,bp,G,g
601295471956,2459317.8271129,3.0432975138175906,0.06649989903066669,15.191704594251318,0.023751374493683274,17.595588146697864,1.52,bG225025,bG,G,g
601295471956,2459318.7763137,2.2693190202350064,0.06413102439430157,15.510326739347489,0.030717424297610905,17.634970168547603,1.52,bl375849,bl,G,g
601295471956,2459318.8963109,2.2046538364915853,0.051422094402096025,15.54171460115523,0.02535254285579397,17.87476620815712,1.47,bk375664,bk,G,g
601295471956,2459320.7379964,2.4090106462860508,99.99,15.445468824016274,99.99,99.99,1.52,bG226131,bG,G,g
601295471956,2459320.7877337,2.0290913637392745,0.047143911741363835,15.631811616238425,0.025254349431134752,17.969076573841253,1.51,bk376407,bk,G,g
601295471956,2459321.7993154,3.772060824093918,0.08269410579630328,14.958618904592903,0.02382912200952343,17.358954223031404,1.49,bG226548,bG,G,g
601295471956,2459321.8427241,3.218620960977101,0.054157900883271964,15.13089103413185,0.018289598024274063,17.81848605369697,1.43,bl377145,bl,G,g
601295471956,2459322.8010659,2.1914871841452235,0.05222033824882813,15.548218284192734,0.025900784470764073,17.858041410020743,1.56,bk377248,bk,G,g
601295471956,2459325.8226437,3.187215169592103,0.06362053665123275,15.141537162835316,0.021696921465911234,17.643647291085415,1.53,bl378601,bl,G,g
601295471956,2459325.8263646,3.4518484994029204,0.05954675838858273,15.054936306265535,0.01875074685059033,17.71549530068485,1.53,bk378324,bk,G,g
601295471956,2459326.8390436,2.2463491958297577,0.06331814841579417,15.521372451246423,0.03063819039923193,17.648820095198886,1.51,bl378992,bl,G,g
601295471956,2459326.8427601,2.337125522745301,0.04149233697024906,15.478360526826169,0.01929736585950795,18.10772087079654,1.50,bk378715,bk,G,g
601295471956,2459327.7589452,1.947430907732796,0.11050362923993487,15.67641047621877,0.06167748493733496,17.044199257271842,1.57,bl379300,bl,G,g
601295471956,2459327.8578891,3.405995203203221,0.06027320615903279,15.069455542299625,0.019235010800682812,17.702329876834895,1.58,bk379098,bk,G,g
601295471956,2459328.7888699,2.881676792783081,0.0822738100673613,15.250952449808914,0.031033339562927382,17.36448658700142,1.44,bk379458,bk,G,g
601295471956,2459329.7523007,1.9886067459305907,0.09428916217874449,15.65369335144725,0.0515377009402351,17.216486169536893,1.57,bl380117,bl,G,g
601295471956,2459329.808492,2.170315551028264,0.08565675808648412,15.55875841656955,0.0428993709182165,17.320736528159657,1.55,bk379882,bk,G,g
601295471956,2459330.7018446,2.8521801462615937,0.08004755382617393,15.262123241092349,0.030505860856884212,17.39427044931815,1.53,bk380201,bk,G,g
601295471956,2459332.7907291,2.7147329937808613,0.10884911087278222,15.315747819265628,0.043582279074855824,17.060578396732097,1.50,bk381103,bk,B,g
601295471956,2459332.8307672,2.9023322189314946,0.15247116848887157,15.24319781482017,0.05710219177705947,16.694671289939702,1.52,bG230389,bG,G,g
601295471956,2459333.702076,1.891315398968283,0.18739658008752158,15.70815572585748,0.10769855466140406,16.470736459132564,1.53,bk381451,bk,B,g
601295471956,2459337.6887689,2.224167830354411,0.08509987329810752,15.532146734873661,0.041588526287520404,17.32781832773993,1.50,bG231546,bG,G,g
601295471956,2459338.6785309,2.864371540388786,0.058347653500762535,15.257492247170292,0.02214145811971744,17.737582123391956,1.61,bk382735,bk,G,g
601295471956,2459339.8660666,2.0701984772379034,0.08295055423317105,15.610035660286023,0.043553140868849774,17.355592381183076,1.48,bl383356,bl,G,g
601295471956,2459339.9170817,2.304076197453096,0.05881548171954429,15.49382352873522,0.027746422407798295,17.728911465453503,2.00,bk383086,bk,G,g
601295471956,2459340.7318681,3.2278420025267467,0.06911188939140675,15.12778495082979,0.023273016103296868,17.553758696591537,1.56,bl383657,bl,G,g
601295471956,2459343.4617499,3.605959788340561,0.06377415390483887,15.007513423775489,0.019223656550302275,17.641028847663218,1.55,bp300960,bp,G,g
601295471956,2459344.8286386,4.042235073175816,0.11037997107453407,14.883511707316124,0.02968116085702543,17.045414921640088,1.51,bk384403,bk,G,g
601295471956,2459345.5338146,3.321037217455405,0.045103401589990016,15.096881265832982,0.014762085848716336,18.017117370048055,1.95,bo301668,bo,G,g
601295471956,2459345.7390647,2.3135177872511767,0.06270933683459007,15.489383515085635,0.029462631764453004,17.65931009134885,1.45,bl385011,bl,G,g
601295471956,2459346.6555597,2.033889854085487,0.047100350550712315,15.629247047592866,0.02517148758299679,17.970080262851713,1.57,bk385083,bk,G,g
601295471956,2459346.6934542,2.0981905024550986,0.04408131355449059,15.595453330168107,0.02283609195581441,18.042004293102863,1.53,bl385393,bl,G,g
601295471956,2459348.4189511,2.446736391011046,0.04682241167779797,15.428597668759988,0.02080073927200078,17.976506163682185,1.45,bo302590,bo,G,g
601295471956,2459348.4379951,2.223039686180859,0.03467738606643458,15.532697582566346,0.016955527684047903,18.302524727645995,1.60,bp302757,bp,G,g
601295471956,2459349.7138394,2.7867570460835256,0.045708742627970846,15.28731785258416,0.01782839877261377,18.00264242461815,1.51,bk386129,bk,G,g
601295471956,2459351.6477123,3.215996273358054,0.06653495960825936,15.13177678022317,0.022487777386113683,17.59501586752648,1.57,bG235843,bG,G,g
601295471956,2459351.9198377,2.4422644562180738,0.04257810799983823,15.430583899900402,0.018949852894065432,18.07967471337207,1.45,bk387010,bk,G,g
601295471956,2459352.8275851,1.9330317837548872,0.06616314400560482,15.684468134914056,0.037203972267833424,17.601100275770087,1.47,bG236396,bG,G,g
601295471956,2459356.6435497,2.178004330893501,0.08736954571742937,15.554918774778203,0.04360271289267175,17.299240417490886,1.51,bk387856,bk,G,g
601295471956,2459356.6909383,1.97881355299545,0.07984786602237595,15.659053431763489,0.04386020026424057,17.396982326758458,1.50,bG237146,bG,G,g
601295471956,2459357.7120484,3.4138288260730767,0.09145381177663282,15.066961269230895,0.029118717490841772,17.24963608269955,1.47,bG237579,bG,G,g
601295471956,2459357.7157848,3.361683261469486,0.08198082969262122,15.083673643006769,0.026507434092118268,17.368359838167493,1.43,bk388345,bk,G,g
601295471956,2459358.3890262,3.4449922272551583,0.11010690437094614,15.05709500635672,0.03474069312773584,17.0481042296307,1.51,bo304380,bo,G,g
601295471956,2459358.6403505,2.332150273094247,0.06798281718101577,15.480674294936845,0.031685079368004285,17.57164271741406,1.55,bk388717,bk,G,g
601295471956,2459359.6888573,2.956975902582388,0.14898688092949433,15.2229461589701,0.0547661757197472,16.719770540927776,1.48,bl389472,bl,G,g
601295471956,2459359.8376405,2.932903156110811,0.11458504821395436,15.231821315036322,0.042466102295416086,17.00482073188843,1.45,bG238495,bG,G,g
601295471956,2459360.6481809,2.157741017613252,0.20643321592319053,15.565067328842105,0.10399020481127641,16.365691665736286,1.64,bl389868,bl,B,g
601295471956,2459361.6374029,2.2725277435815423,0.21592430995166062,15.508792637529808,0.10327721523614371,16.31688676054502,1.40,bk390006,bk,G,g
601295471956,2459361.6610923,1.8862166567587244,0.19746746285137615,15.711086683051656,0.11379315616182593,16.413901745943758,1.45,bG239186,bG,G,g
601295471956,2459365.691746,2.12407771185592,0.07858038571720934,15.582139617608926,0.04021202343932454,17.414355220829055,1.51,bl391657,bl,G,g
601295471956,2459366.5944143,3.1710664269616218,0.05258922218034799,15.147052273158438,0.01802617489690612,17.85039874284555,1.49,bk391744,bk,G,g
601295471956,2459366.624677,2.767400571447825,0.056876955618551994,15.294885556578105,0.022339656385164455,17.765299755422358,1.53,bl392042,bl,G,g
601295471956,2459367.6963224,2.1594959423531908,0.0469851228195488,15.564184641396688,0.023649401080962928,17.9727396953355,1.55,bl392534,bl,G,g
601295471956,2459367.758303,2.589910573861942,0.04505875085628741,15.366853700446656,0.018910654135686385,18.01819274193743,1.48,bG241375,bG,G,g
601295471956,2459369.5130623,2.1649352195397156,0.04638118728474268,15.561453358107673,0.023286763294411005,17.9867859572088,1.52,bp306746,bp,B,g
601295471956,2459369.6271481,2.1554673908085853,0.07954027107206284,15.56621197984564,0.040110472907801335,17.40117294463811,1.45,bl393357,bl,G,g
601295471956,2459370.4258885,2.0296211217645226,0.04704737490535776,15.631528187701374,0.025196057744819637,17.971302120988458,1.51,bp307083,bp,G,g
601295471956,2459370.9122102,2.1111061818133963,0.0532656046586309,15.588790428620005,0.02742514652595276,17.836523457956652,1.46,bk393664,bk,G,g
601295471956,2459371.9046288,3.6580836261535064,0.062473983557511055,14.991931548516886,0.018563409371333557,17.66339261407002,1.56,bk394102,bk,G,g
601295471956,2459372.5818834,3.090243609666139,0.043180490267134476,15.175083829736735,0.01518822508392004,18.0644216890322,1.49,bk394303,bk,G,g
601295471956,2459373.6223401,2.105159646810655,0.0815792331827577,15.591853030879308,0.042121783818541585,17.373691564495196,1.50,bl395041,bl,G,g
601295471956,2459373.8309866,1.9244568523430305,0.04781612163683635,15.689295176391333,0.02700712421489331,17.95370474242921,1.62,bk394931,bk,G,g
601295471956,2459374.5976574,3.188901801270229,0.058987553738108156,15.140962757714423,0.02010626548974776,17.725739646450315,1.55,bl395462,bl,G,g
601295471956,2459374.8615588,2.5430585926668514,0.07002906217574074,15.386674705937782,0.029931888342129214,17.539444835577488,1.54,bk395397,bk,B,g
601295471956,2459375.700301,2.1566676002543006,0.053117267518577226,15.565607587411332,0.026771005573353865,17.83955129701662,1.44,bk395700,bk,G,g
601295471956,2459376.345779,2.181529265780522,0.04214558949569318,15.55316301344484,0.02099922475644329,18.090760279574383,1.42,bo308555,bo,G,g
601295471956,2459376.3570903,1.9773923504874393,0.04860721251470825,15.659833497877976,0.026718990105022974,17.935888820851687,1.54,bp308711,bp,G,g
601295471956,2459378.6005769,2.5728258925475416,0.04429055135436895,15.374039627864278,0.018711683439404603,18.03686289477468,1.48,bl397218,bl,G,g
601295471956,2459378.7739611,2.8696628243483064,0.03228458785639905,15.255488443275949,0.012228594601577339,18.380152494958775,1.50,bk397081,bk,G,g
601295471956,2459383.5534019,2.9381977879148033,0.05822543898580554,15.229863053697049,0.021539911607400705,17.73985868257763,1.62,bk398425,bk,G,g
601295471956,2459384.6138795,2.101960012316917,0.059256875574982125,15.593504497898598,0.030642660653241685,17.720793739461143,1.45,bk398810,bk,G,g
601295471956,2459384.6441378,1.9897174690181836,0.08248314847633446,15.653087089998541,0.04505946073548265,17.36172753616693,1.49,bl399112,bl,G,g
601295471956,2459385.6520229,2.3547498563596077,0.053271202934301334,15.470203674588808,0.024590077495469122,17.836409351842107,1.51,bl399555,bl,G,g
601295471956,2459385.6532741,2.4015250507676345,0.07274098322514366,15.448847819263467,0.03292336512959274,17.498192693869797,1.50,bG248079,bG,G,g
601295471956,2459385.6636252,2.4606837253847913,0.06522559761527663,15.422426130027521,0.02881206876806997,17.616595444145386,1.46,bk399286,bk,G,g
601295471956,2459386.5541183,2.304516756742291,0.06686296477583697,15.493615946431108,0.03153682237860902,17.5896765370213,1.50,bG248421,bG,G,g
601295471956,2459386.7291369,2.1996824185691,0.06880504811110391,15.544165663202813,0.03399949699174707,17.55858985428475,1.59,bk399779,bk,G,g
601295471956,2459387.6372387,2.715956974880682,0.12515137352665526,15.315258407929615,0.050086986987481326,16.909051560645228,1.49,bl400419,bl,G,g
601295471956,2459388.6753866,2.1821499280109946,0.10662944334448535,15.552854156890923,0.05311347646875229,17.082947756459646,1.51,bk400600,bk,G,g
601295471956,2459389.8703381,2.4221767197238857,0.20956499042409849,15.439551058087611,0.09404269771680358,16.349343781783826,1.69,bl401154,bl,B,g
601295471956,2459392.6515291,2.661990916002302,0.11100342129837537,15.337049199485183,0.04532543367834733,17.039299699878537,1.50,bk401613,bk,G,g
601295471956,2459393.5270211,2.5921232580883062,0.05625336328316645,15.365926500201281,0.02358875485554371,17.777269378410153,1.52,bG250641,bG,G,g
601295471956,2459396.612381,2.237728009788423,0.052511573181836274,15.525547377286832,0.025507030652119,17.8520030379224,1.54,bl403610,bl,G,g
601295471956,2459400.6918381,2.047838345656748,0.06550445388933582,15.621826445087393,0.03476861028068087,17.61196353574517,1.49,bk405124,bk,B,g
601295471956,2459401.448682,2.1068120337502405,0.0405521646197342,15.591001146511283,0.02092186635444496,18.13260550839636,1.57,bo311946,bo,G,g
601295471956,2459401.6816482,3.184776518377155,0.04173025466607507,15.142368216036191,0.01424243497193277,18.10151302375028,1.57,bk405540,bk,G,g
601295471956,2459401.7962224,3.098823844019928,0.06562836480295024,15.17207339977415,0.023020082045419686,17.609911652677926,1.47,bl405908,bl,G,g
601295471956,2459402.5796025,4.618589023945836,0.06284949010172941,14.738792324466976,0.014791240961225404,17.656886214935515,1.50,bk405893,bk,G,g
601295471956,2459402.7089122,2.2684343146615116,0.047342142141891495,15.510750101664907,0.022684743314645373,17.96452084884973,1.52,bl406273,bl,G,g
601295471956,2459403.600242,1.959994287411965,0.06916132362345628,15.669428608366903,0.03835488309707789,17.55298237069866,1.48,bG254782,bG,G,g
601295471956,2459403.6238974,1.9256808397253735,0.048110238848529496,15.688604849153071,0.027155973513396,17.94704682891655,1.44,bk406363,bk,G,g
601295471956,2459403.6430291,2.1344600310973583,0.04882584547206436,15.57684555523155,0.024864167232966385,17.93101618068874,2.48,bl406656,bl,G,g
601295471956,2459405.5236382,1.9746440668402594,0.06375636156029542,15.661343560651995,0.03509513140320656,17.64133179935589,1.59,bl407179,bl,G,g
601295471956,2459406.5849591,2.879008285986083,0.06608733845339466,15.251958335258218,0.024950974919370476,17.602344956924206,1.53,bl407659,bl,B,g
601295471956,2459406.7341761,2.29864494161185,0.07826609370971094,15.49638588854933,0.03700956135015892,17.418706465044146,1.54,bG255894,bG,G,g
601295471956,2459407.5127122,2.21607821851747,0.050147824385554006,15.536102909407706,0.024596832508634134,17.902010370635548,1.51,bk407759,bk,G,g
601295471956,2459408.8099096,2.1553553428846572,0.06532855167892203,15.566268421270035,0.032945516634922754,17.61488303625789,1.50,bl408694,bl,G,g
601295471956,2459409.6690602,2.053229421155948,0.04179768854351083,15.618971925456663,0.022127225378648682,18.099759947707643,1.51,bk408730,bk,G,g
601295471956,2459410.5294306,4.22582093173013,0.06704617316158452,14.835287897359201,0.01724547167354733,17.586705625482345,1.55,bl409332,bl,G,g
601295471956,2459410.7521608,2.3178620684170688,0.059514346341751574,15.487346651396708,0.027909127024709653,17.7160864414048,1.45,bG257545,bG,G,g
601295471956,2459411.5632195,1.9951664275562253,0.05167222751555877,15.650117801354826,0.02815076673058241,17.869497652039822,1.53,bl409781,bl,B,g
601295471956,2459411.7320328,1.9394692316812225,0.05480566604251592,15.680858386748636,0.030715298371364327,17.805576961408537,1.60,bk409635,bk,G,g
601295471956,2459412.5396309,4.026192329742868,0.0782025915736849,14.887829329438297,0.0211124581158166,17.419587747734337,1.53,bl410192,bl,G,g
601295471956,2459412.6502858,3.3479851650303414,0.05777668674034413,15.088106809881008,0.018757773216216342,17.748259028473196,1.45,bk410001,bk,G,g
601295471956,2459413.6016021,2.097076403165042,0.07659681834661575,15.596029988574145,0.03970165851881412,17.44211378537652,1.54,bG258671,bG,G,g
601295471956,2459413.8278923,2.043864997807611,0.07776997011356931,15.623935106741378,0.04135917797950297,17.425610781294772,1.48,bl410848,bl,B,g
601295471956,2459414.4871565,2.6332839387597455,0.2741006059604837,15.348821396670413,0.11314216324188738,16.057865622328904,1.49,bk410736,bk,B,g
601295471956,2459415.7171397,1.9323696268342414,0.09774735783283571,15.684840115814689,0.05498281829922548,17.177378043948334,1.45,bl411625,bl,G,g
601295471956,2459416.7442808,2.879694320834302,0.13381825898330071,15.25169964752009,0.05051044073578397,16.83635217325366,1.51,bl412066,bl,G,g
601295471956,2459420.393579,2.1610904038320062,0.1852481576017681,15.563383285055432,0.09317365561771876,16.483255868023818,1.57,bp316234,bp,G,g
601295471956,2459420.5624566,1.512466993113796,0.18720039593495982,15.950850857962628,0.13453430201127206,16.471873704066958,1.53,bo316652,bo,G,g
601295471956,2459422.2239777,2.489323961104369,0.042314760576769625,15.409862073644863,0.018476624856149527,18.086410891654666,1.49,bo317175,bo,G,g
601295471956,2459422.5265488,1.947880524670555,0.06115439853854655,15.676159833671575,0.0341253847361863,17.686571363476688,1.54,bG262311,bG,G,g
601295471956,2459423.5221941,2.8059450099801833,0.04688465417608617,15.279867733256456,0.018162002621191973,17.975063819005427,1.98,bk414579,bk,G,g
601295471956,2459423.7686169,2.053685894865568,0.0848495960359326,15.618730571546509,0.04490843609958412,17.331016163923533,1.64,bl415053,bl,G,g
601295471956,2459423.826646,1.9333776998014285,0.0846053519041949,15.6842738597975,0.0475656355381279,17.334146020956226,1.52,bG262939,bG,G,g
601295471956,2459424.8008792,3.5084330640374675,0.10753470833318703,15.037282634240476,0.03331559998512903,17.073768957680482,1.56,bl415501,bl,B,g
601295471956,2459424.8122267,3.692536863473887,0.08970443967971602,14.981753523105352,0.026405918029777115,17.27060576691201,1.54,bk415225,bk,G,g
601295471956,2459425.7494452,2.2667278750390505,0.08298934379494341,15.511567158823738,0.03979560558022896,17.355084784964802,1.50,bl415884,bl,B,g
601295471956,2459426.2859009,2.4314761510755445,0.0356840546438358,15.435390586819587,0.015952044563569207,18.271455122084056,1.42,bo317929,bo,G,g
601295471956,2459426.6364327,2.0255470839116176,0.0706947048484183,15.633709765214466,0.03793645237760571,17.529173397361344,1.47,bl416222,bl,B,g
601295471956,2459431.4137586,2.028821379869033,0.04522962910122256,15.631956090149806,0.024232118615878068,18.014083045457493,1.53,bo318741,bo,G,g
601295471956,2459431.5248307,4.551073290539305,0.08874158290466092,14.75478104866649,0.021194614133811178,17.28232268378393,1.50,bl418224,bl,B,g
601295471956,2459431.7810496,2.103838980999433,0.06378074718184389,15.592534378087745,0.03295256896407823,17.640916604864273,1.43,bG266157,bG,G,g
601295471956,2459432.6965504,2.0534711532495615,0.04499710476811249,15.61884410640512,0.02381815610590888,18.019679183875123,1.50,bk418484,bk,G,g
601295471956,2459434.2394127,4.585092803973053,0.07609637380940358,14.746695296342644,0.018039645723453516,17.44923070644375,1.46,bo319773,bo,B,g
601295471956,2459436.5429203,1.985786573198083,0.04636159912543136,15.655234197512248,0.025376867387357473,17.987244592858822,1.53,bo320194,bo,G,g
601295471956,2459437.3438458,1.7740123995286112,0.04926598734688754,15.777673994721042,0.030185801554062492,17.921272634011046,1.59,bp320148,bp,G,g
601295471956,2459438.7376084,1.9950494541508936,0.05814048937167031,15.65018145819193,0.03167650003269636,17.741443904116846,1.54,bk420757,bk,G,g
601295471956,2459438.7754744,2.0323783177467742,0.10920167564844332,15.63005423970809,0.05840323747525133,17.05706735528025,1.47,bG268729,bG,B,g
601295471956,2459439.6371536,4.389458115357048,0.08792506287667105,14.794038349032299,0.021772783338279283,17.292358892541483,1.44,bG268993,bG,G,g
601295471956,2459439.7257437,3.4267853087681908,0.07686541884140424,15.062848381442453,0.024381267216272515,17.43831311643087,1.70,bl421411,bl,G,g
601295471956,2459440.4635951,2.628411226800915,0.17782791905341588,15.350832338442974,0.07353918382005492,16.527640745461778,2.32,bl421639,bl,G,g
601295471956,2459440.6827102,1.8897936643742632,0.06591011137994769,15.709029650626265,0.03790965477530484,17.605260497580115,1.43,bG269444,bG,B,g
601295471956,2459441.4677248,1.8964103733797455,0.1203341747943274,15.705234816663062,0.06897136712434501,16.951668151221195,1.56,bl422073,bl,G,g
601295471956,2459443.5921421,2.169127381978193,0.0736790918092955,15.559352980529573,0.03692082356403309,17.484279951499598,1.50,bk422141,bk,G,g
601295471956,2459443.6938572,3.987200243497829,0.11669657431293999,14.89839550436881,0.03181282473106727,16.9849953431973,1.50,bl422504,bl,G,g
601295471956,2459447.4852297,1.6371878359370329,0.16424449858739865,15.864819349178262,0.10904468319431893,16.613913532272818,1.52,bG270940,bG,G,g
601295471956,2459448.6466461,2.5299436186770983,0.12142364129046658,15.39228851536073,0.052168047469373494,16.94188248021177,1.48,bk423503,bk,G,g
601295471956,2459450.5024781,5.003870869775069,0.19352161812145635,14.651800387948068,0.04203737274380983,16.435816894689992,1.46,bG271885,bG,B,g
601295471956,2459455.646772,1.9997994170440256,0.06371013636720724,15.647599528671696,0.0346285470607779,17.642119274790204,1.64,bl425799,bl,G,g
601295471956,2459462.4400979,1.8281378332718128,0.05770044061265206,15.745043281133542,0.0343069702347867,17.74969278761209,1.51,bp324531,bp,G,g
601295471956,2459462.445743,1.8742393738052083,0.052509832182518236,15.718002979163586,0.030452836144582794,17.852039035650403,1.48,bo324822,bo,G,g
601295471956,2459463.6460175,2.272938571522859,0.053007837992302236,15.508596375698742,0.02534921793791412,17.841790383424737,1.45,bk428583,bk,G,g
601295471956,2459465.4621142,3.5497691198571366,0.059292382758311335,15.024565354597158,0.01815561518299338,17.720143352674008,1.54,bo325239,bo,G,g
601295471956,2459465.6458163,2.252197959869762,0.06672437201634032,15.5185492204434,0.03220253841554098,17.59192937376921,1.68,bG276499,bG,G,g
601295471956,2459465.6667502,1.9853951981795874,0.06752403999802026,15.655448204351048,0.03696780153257078,17.578994565299617,1.73,bl429536,bl,G,g
601295471956,2459466.5982445,2.0396364473571005,0.03983063246297493,15.626183712267999,0.02122641305842725,18.15209760508499,1.48,bk429601,bk,G,g
601295471956,2459467.600108,2.7385775959397827,0.061276278493893915,15.30625299500571,0.024320892216305765,17.684409658141448,1.47,bG277238,bG,G,g
601295471956,2459467.6209512,2.597513269859015,0.03361813457771222,15.363671185018312,0.014067859075819629,18.336206582963925,1.45,bk430018,bk,G,g
601295471956,2459467.6551083,2.509097256648387,0.06436722934731347,15.401271883297113,0.02788428369604056,17.630978572543555,1.62,bl430329,bl,G,g
601295471956,2459475.2797682,2.325542598685229,0.10376676476815325,15.483754874247474,0.04850049264557933,17.112494920075505,1.52,bo327058,bo,G,g
601295471956,2459475.3029206,1.6850466409788303,0.11228663423623825,15.833535806386392,0.07243163863779889,17.02682045104026,1.57,bp326791,bp,G,g
601295471956,2459476.5107873,2.2112289161184986,0.09801517127960178,15.538481359841708,0.04818055194337543,17.17440735351033,1.59,bk433122,bk,G,g
601295471956,2459478.5000998,2.3990032744159997,0.07376891288058558,15.44998852043286,0.033423714678621146,17.48295715298065,2.05,bk433768,bk,B,g
601295471956,2459478.6943835,1.9872330502088713,0.2090405345149273,15.654443618719183,0.11433886542645408,16.352064343421915,1.58,bl434202,bl,G,g
601295471956,2459479.5231685,1.9832893476198525,0.12323309737826989,15.656600424127001,0.0675388183021182,16.925822200671437,1.53,bl434450,bl,G,g
601295471956,2459479.6606275,4.036604931133311,0.13729305301919145,14.88502500626494,0.03696957763136565,16.80851920483537,1.55,bk434274,bk,G,g
601295471956,2459480.5350277,2.161757743519448,0.06755375798539144,15.563048063997192,0.03396680226095256,17.578516827346764,1.49,bl434840,bl,G,g
601295471956,2459480.5539423,2.1777920864501765,0.054934573794780055,15.555024583890697,0.02741836267415502,17.803026212872023,1.51,bk434571,bk,G,g
601295471956,2459481.5240407,1.8922827810431642,0.061208215518193575,15.707600528547697,0.03515894648940271,17.685616316096382,1.43,bG281793,bG,G,g
601295471956,2459481.5735046,2.2998229787418913,0.05742890098520327,15.495829599971147,0.027142401410531845,17.75481434823486,1.52,bk434964,bk,G,g
601295471956,2459482.524678,2.682220350165213,0.06069022885462058,15.328829489267068,0.02459441486800549,17.694843673544344,1.64,bl435584,bl,G,g
601295471956,2459482.5476691,2.4484328061872693,0.034520299471564375,15.427845147498855,0.015324931339012153,18.30745422478126,1.48,bk435318,bk,G,g
601295471956,2459483.5285267,2.0896603302084364,0.0401560155254751,15.59987637674713,0.02088753006002617,18.143264077764847,1.45,bk435680,bk,G,g
601295471956,2459489.4975984,2.0137496872590783,0.06880816103216267,15.64005190733188,0.037140405213214184,17.558540733838864,1.58,bG284370,bG,G,g
601295471956,2459489.5614242,2.0592990819570187,0.06493285614032382,15.615767057569519,0.03427340500234673,17.621479345955137,1.46,bl437949,bl,G,g
601295471956,2459490.5430311,3.1452954987383643,0.05482150264014846,15.155911988732935,0.018945307316959693,17.80526327333767,1.49,bl438301,bl,G,g
601295471956,2459490.5712829,3.0337290184460235,0.06319778027931262,15.195123657959549,0.022643169187610043,17.650886049809614,1.50,bG284774,bG,G,g
601295471956,2459492.4846373,4.338492997515219,0.09186766810568085,14.8067183702288,0.023016324111074106,17.24473387960083,1.60,bk438710,bk,G,g
601295471956,2459493.2709324,2.6504486643252143,0.04972625035902807,15.341767129942514,0.020392876442728292,17.91117633093546,1.53,bp331139,bp,G,g
601295471956,2459493.6226527,1.9021287948996322,0.06475563073322352,15.701965822087283,0.03700409527133108,17.624446766815833,1.41,bG285676,bG,G,g
601295471956,2459494.5295521,4.167078121043134,0.06415827824650404,14.850486516435454,0.01673528955731077,17.6345088597106,1.53,bk439464,bk,G,g
601295471956,2459496.6225298,3.4266978660627565,0.06560412408958712,15.062876086978081,0.020809780529058745,17.61031275793241,1.44,bk439913,bk,G,g
601295471956,2459497.2405499,3.6532161969543306,0.08288822568541535,14.993377186095497,0.024662076544842773,17.356408503493043,2.02,bp332390,bp,G,g
601295471956,2459497.5424127,2.095639326147583,0.05179996165099145,15.59677427304689,0.026867364741568533,17.86681701588069,1.61,bk440209,bk,G,g
601295471956,2459498.5295858,3.007003595526255,0.0637491911618198,15.204730753796586,0.023043736692575416,17.64145391421394,1.44,bG286994,bG,G,g
601295471956,2459502.2433547,2.1193842133674856,0.12093497020590749,15.584541384564163,0.062023230022448944,16.94626085657283,1.52,bo333848,bo,B,g
601295471956,2459503.5976654,2.7990244031855256,0.12417982480294244,15.282548910126636,0.0482232560331966,16.91751300445921,1.50,bG288707,bG,G,g
601295471956,2459504.5466388,1.8830673649762835,0.11385297685360247,15.712900980347102,0.06571896365056282,17.01177963552253,1.43,bG289006,bG,G,g
601295471956,2459504.5954933,2.3995095725337228,0.1684180187353442,15.449759405198042,0.07629186644563496,16.586669226390867,1.60,bl442991,bl,G,g
601295471956,2459505.5608546,2.4135404226923325,0.1452866708849322,15.443429180010524,0.06543097142909325,16.747076180422788,1.48,bG289355,bG,G,g
601295471956,2459506.3348088,2.1932441534435454,0.12067331972713062,15.547348171461504,0.05980485650508866,16.948612460559065,1.46,bo334467,bo,B,g
601295471956,2459506.5322052,2.0895795160268924,0.16334323179594964,15.599918366623758,0.08496780798279464,16.61988775147458,1.51,bl443645,bl,G,g
601295471956,2459507.5861139,3.145358922646362,0.17216356744699682,15.15589009541992,0.05949537621765008,16.56278747841515,1.45,bG290048,bG,G,g
601295471956,2459508.5864801,2.1856013158699845,0.1332945213861884,15.551138263596691,0.06629084100598717,16.840609862450734,1.50,bk444113,bk,G,g
601295471956,2459508.6094575,1.1940156413443035,0.20809451322023326,16.20754058229838,0.18943611829758158,16.356989037890415,1.53,bl444415,bl,G,g
601295471956,2459509.5795671,2.400633091832831,0.10411207608094913,15.449251151303375,0.04713977345100618,17.108887844554765,1.49,bk444457,bk,G,g
601295471956,2459509.6102224,2.5309972051993137,0.19620288334888383,15.391836458287411,0.08426086097684836,16.42087714800529,1.52,bl444765,bl,G,g
601295471956,2459510.5166597,2.224830570376512,0.051999808309231205,15.531823263936229,0.02540486971164651,17.862636254778096,1.52,bG290982,bG,G,g
601295471956,2459511.5765263,2.8190027301514102,0.06504342283739978,15.274826881087511,0.025079568704621396,17.619632142819974,1.51,bG291326,bG,G,g
601295471956,2459513.5058198,3.7116227034743456,0.06865211293297807,14.976156065839163,0.02010491578624637,17.561005840867438,1.64,bk445768,bk,G,g
601295471956,2459514.5642534,2.225773971474184,0.05980801135451615,15.53136297377427,0.029207237045270344,17.710742206068932,1.39,bG292283,bG,G,g
601295471956,2459516.5643586,2.309510921338599,0.05388275243535876,15.491265571526323,0.025359572292008005,17.824016180889945,1.52,bk446821,bk,G,g
601295471956,2459517.562017,3.4884438647107303,0.07848091355507271,15.043486275287517,0.02445369457817115,17.415730486954292,1.49,bG293225,bG,G,g
601295471956,2459517.5878033,3.417689618985684,0.09284881432722561,15.065734074098723,0.029529487905538866,17.233199705938496,1.46,bl447439,bl,G,g
601295471956,2459518.5542695,2.163156216093078,0.06271449388590249,15.562345912522435,0.03151317858123537,17.659220806923543,1.47,bk447460,bk,G,g
601295471956,2459520.5650566,2.0205926784429655,0.09845867010604827,15.6363686847747,0.05296480321605379,17.169505697930205,2.03,bG294034,bG,G,g
601295471956,2459521.5070122,2.2250757592543216,0.08209521736342983,15.531703616275273,0.04010377244264081,17.366845968740183,2.34,bl448459,bl,G,g
601295471956,2459522.2967394,3.4259972493956745,0.0647276136394417,15.063098097404913,0.02053594812267063,17.624916621795034,2.07,bo337033,bo,G,g
601295471956,2459523.5516077,2.1598319383044946,0.09914812674727926,15.564015724852355,0.04989726333557887,17.16192932822567,2.22,bl449110,bl,G,g
601295471956,2459524.2630089,2.9541216150424887,0.07115562405399004,15.223994696421046,0.02618141014576673,17.522117531730665,1.70,bo337637,bo,G,g
601295471956,2459525.2790347,2.132605471662178,0.043874814583298026,15.577789324408815,0.02236232462361673,18.047102376111937,1.51,bp337527,bp,G,g
601295471956,2459525.5301236,1.982237128242984,0.06597164586746598,15.657176606233756,0.036175445260208265,17.604247313843675,1.53,bG295452,bG,G,g
601295471956,2459529.2538521,2.6507231562992213,0.246296323065478,15.3416546922082,0.10099636169103163,16.17399579057659,2.40,bo338320,bo,G,g
601295471956,2459529.5246757,1.921413626875049,0.08989184946835146,15.691013456181208,0.050852419626963984,17.268339821802915,1.46,bk450790,bk,G,g
601295471956,2459530.5053006,3.060673960567004,0.1964935480778437,15.185522950582433,0.06978199779348823,16.41926987453879,1.57,bG297011,bG,G,g
601295471956,2459532.51696,2.597031105127563,0.09386891325767137,15.363872744065386,0.03928771867712341,17.22133613652636,2.24,bk451817,bk,B,g
601295471956,2459532.535867,3.0239477449447723,0.13383861822653476,15.198629917013392,0.04810822514545221,16.836187000830265,1.51,bl452112,bl,G,g
601295471956,2459533.5173091,2.249845743020956,0.10516368743767736,15.519683766172017,0.050807197011219336,17.09797609716031,1.54,bk452158,bk,B,g
601295471956,2459534.2847017,1.742458938440385,0.13061851808025723,15.797159240750048,0.08148062887169928,16.862628730925387,1.68,bp338798,bp,B,g
601295471956,2459535.2596119,3.0099217290485214,0.20415442087087002,15.20367761675634,0.07372516602869116,16.377743639417766,2.40,bo339360,bo,G,g
601295471956,2459535.2751793,2.873910514573834,0.30899324597695826,15.25388251900786,0.11686592960525855,15.927768144813715,1.66,bp339085,bp,G,g
601295471956,2459535.5164385,1.697728413747147,0.2068335517771912,15.825395079250615,0.13242346431752056,16.36358813697141,1.54,bl453075,bl,G,g
601295471956,2459537.5176397,3.3307592032184963,0.21245109504772713,15.093707530867675,0.06933107115326893,16.33449317659735,1.58,bl453734,bl,G,g
601295471956,2459539.5228525,2.15213965616021,0.12355816543156141,15.567889497161831,0.06240410716169633,16.92296198305626,1.57,bl454404,bl,G,g
601295471956,2459541.5167441,2.310197739267768,0.20816511622302356,15.490942735974535,0.09794245177857204,16.35662072815482,2.06,bl455054,bl,G,g
601295471956,2459623.8926268,3.933191075181525,0.45734145780608126,14.913203009702265,0.1263885406841209,15.502039182010158,2.05,bk478610,bk,B,g
601295471956,2459624.8879507,2.743654093564087,0.18431274864139235,15.30424223035671,0.07301938850286298,16.488752172022785,1.40,bk478955,bk,G,g
601295471956,2459631.8941713,1.4296219743460763,0.2309009439579043,16.012012584842296,0.17555639981371024,16.244076340486714,1.50,bl481689,bl,G,g
601295471956,2459633.6235256,2.530708430812163,0.09233290236650367,15.391960342539093,0.03965761095843234,17.239249393277497,1.47,bo356140,bo,G,g
601295471956,2459634.865298,2.719420964004961,0.09771410214173487,15.313874519281361,0.039056469003762695,17.17774749691564,1.49,bG324927,bG,G,g
601295471956,2459634.8880709,2.5053289622756885,0.1269724405148922,15.402903724796893,0.05508798420365236,16.893366943523674,1.55,bl482752,bl,G,g
601295471956,2459638.8719153,3.0717183181892462,0.0762493737260362,15.181612153181199,0.026981560633103984,17.447049909049014,1.41,bG325512,bG,G,g
601295471956,2459644.6003177,2.1023446743505287,0.0686618584178038,15.593305824620243,0.035499628444615836,17.56085172653192,1.63,bo358761,bo,G,g
601295471956,2459646.848075,2.4792313495538423,0.05224023772093366,15.414272985126072,0.022903416051991237,17.857627750084802,1.47,bG328089,bG,G,g
601295471956,2459646.850672,2.5646437982660166,0.07171559154163261,15.377497985397401,0.030394758909311766,17.513606648898467,1.52,bG328091,bG,G,g
601295471956,2459648.8419512,1.832480898103298,0.06248316555071383,15.74246698172315,0.03706258786356291,17.66323305181142,1.49,bG328788,bG,G,g
601295471956,2459654.5744667,2.30769768689343,0.16487996352342,15.492118335415972,0.07766067135819234,16.60972090471291,1.52,bo360595,bo,G,g
601295471956,2459654.8672679,2.0713628267117548,0.054516310442358246,15.60942517727284,0.02860766757630066,17.8113244715595,1.50,bk489419,bk,G,g
601295471956,2459655.8784291,2.7597020442088374,0.08557766155250769,15.297910134094888,0.03370624648950079,17.321739573889573,1.48,bG331193,bG,G,g
601295471956,2459656.5915342,2.1387427116792677,0.19848264874572755,15.57466926583087,0.10087328799677467,16.408334244064026,1.59,bp361009,bp,G,g
601295471956,2459657.8180446,3.3116518808226147,0.1272757514175348,15.099953928044672,0.04177468316149623,16.890776437121097,1.42,bG331888,bG,G,g
601295471956,2459657.8696105,3.158448121597659,0.12934406208256582,15.15138125258358,0.044512800722450875,16.873274371562392,1.56,bl490809,bl,G,g
601295471956,2459657.8708625,3.1223827587258164,0.17208118203881426,15.163850271836017,0.05990449523299218,16.563307159962935,1.40,bl490810,bl,G,g
601295471956,2459659.5850178,1.6456395530880086,0.10484728448502786,15.859228829489012,0.06925237026770964,17.10124764433482,1.50,bp361608,bp,G,g
601295471956,2459659.5887412,1.9884896456106693,0.1402372020846226,15.6537572875677,0.07665704557868935,16.785482515367363,1.54,bo361900,bo,G,g
601295471956,2459659.8044162,4.564811546469268,0.12278775590374899,14.751508490179218,0.029237779196497858,16.92975295600413,1.42,bk491257,bk,G,g
601295471956,2459660.8032319,1.98626703863155,0.10202923088194729,15.6549715330219,0.055834052399906006,17.130829079290915,1.49,bG332964,bG,G,g
601295471956,2459660.8045302,2.0465643417476254,0.12340235328519296,15.622502114932,0.06554056960982538,16.924332006991904,1.47,bG332965,bG,G,g
601295471956,2459660.8410337,2.0384967580032676,0.10832536230114022,15.626790559550091,0.057760680050485395,17.065815235855524,1.54,bk491666,bk,G,g
601295471956,2459665.8374528,4.101093089540628,0.06957343852684104,14.867816553967824,0.01843979180561275,17.546531941400442,1.49,bk493517,bk,G,g
601295471956,2459666.5630323,4.313100213151499,0.08847288640679069,14.813091749979549,0.02229630106523299,17.28561512080131,1.52,bp362281,bp,G,g
601295471956,2459666.7808249,2.3686089229506453,0.03176988589438735,15.463832219762967,0.01457922594701459,18.3976014739279,1.55,bG334500,bG,G,g
601295471956,2459667.8010704,2.0801810232207836,0.04376239930494953,15.604812796936589,0.022867156656307112,18.04988780023026,1.47,bk494274,bk,G,g
601295471956,2459669.789957,1.7850977940581043,0.05278607997756154,15.770910589009869,0.03214175384656056,17.84634208285228,1.40,bG335622,bG,G,g
601295471956,2459669.7912438,1.6973989488825274,0.060472745947377955,15.825605800024611,0.03872468852313701,17.69874138768168,1.48,bG335623,bG,G,g
601295471956,2459669.8216873,1.8196165992160431,0.06319907026713278,15.75011589735478,0.03775226145128907,17.650863888078938,1.55,bl495323,bl,G,g
601295471956,2459670.8190337,2.698689339569654,0.059076670869697326,15.32218338854555,0.02379442929681319,17.724100577292354,1.47,bG336025,bG,G,g
601295471956,2459670.8215268,2.2899701325891537,0.04449664471786907,15.50049107728001,0.021120763752893103,18.031822451150127,1.55,bl495717,bl,G,g
601295471956,2459670.8596417,2.3190187726925804,0.038711664817113904,15.486804961506797,0.018144698540531922,18.183035989439116,1.48,bk495494,bk,G,g
601295471956,2459672.7795941,2.8251860083674445,0.05423325633226755,15.272448005390773,0.02086559663360801,17.816976407440144,1.45,bG336757,bG,G,g
601295471956,2459673.7747801,1.8101460902806132,0.05106479721064065,15.75578155576893,0.03066338935703662,17.88233658251771,1.55,bG337138,bG,G,g
601295471956,2459673.8607004,1.8621736038316319,0.044996171840818375,15.725015206620059,0.026264405388969434,18.019701694733218,1.44,bk496673,bk,G,g
601295471956,2459675.765564,1.7758236854890046,0.05548483923777787,15.776566011778767,0.0339614841045115,17.792204781330803,1.51,bG337901,bG,G,g
601295471956,2459676.7626399,3.601253260589089,0.048625045718402024,15.008931461030715,0.014676365903472943,17.93549055477279,1.45,bk497812,bk,G,g
601295471956,2459677.7638397,2.107687037060258,0.05173290058147179,15.590550311064103,0.02667920459099222,17.868223538210316,1.52,bG338688,bG,G,g
601295471956,2459677.793122,2.0012113734799697,0.04991762858880462,15.646833216174208,0.027112724154671072,17.907005748044494,1.55,bk498242,bk,G,g
601295471956,2459677.8084294,1.8308134093029214,0.05743218843320903,15.743455410680646,0.03409757185413881,17.754752198357295,1.51,bl498506,bl,G,g
601295471956,2459678.7923098,3.7788092317784647,0.05595377031829359,14.956678203072638,0.016094836185932174,17.783067221937138,1.50,bk498649,bk,G,g
601295471956,2459678.7960673,3.6510748014532313,0.06652688002606291,14.994013795642234,0.01980562712286903,17.595147720429537,1.46,bl498904,bl,G,g
601295471956,2459679.7610006,2.0471532992274306,0.043947812123836624,15.622189708205703,0.023334530453678184,18.045297463327046,1.53,bk499034,bk,G,g
601295471956,2459679.8006951,2.100271814815134,0.04086330316077332,15.594376861596022,0.021148040723631453,18.124306937314252,1.61,bl499317,bl,G,g
601295471956,2459679.8031878,2.405147015301367,0.0785562600442333,15.447211552542182,0.035501879359260434,17.414688613675683,1.62,bl499319,bl,G,g
601295471956,2459680.8098172,4.058753655035277,0.05788553195554297,14.879083890457057,0.015502063397062565,17.7462155396473,1.45,bk499465,bk,G,g
601295471956,2459680.8248894,3.6026453785850565,0.06781703090497086,15.00851183465782,0.020461121281965745,17.574293681374833,1.42,bG339898,bG,G,g
601295471956,2459680.8249822,3.5879743774650885,0.06578723967250777,15.012942289811722,0.019929871756711938,17.60728645025039,1.44,bl499728,bl,G,g
601295471956,2459681.5732142,2.7074431064425486,0.05051781377110111,15.318667274198267,0.020281374338702616,17.8940292424669,1.43,bp364429,bp,G,g
601295471956,2459681.5769581,2.610564940311787,0.059157792522078805,15.358229369347908,0.024631430308676462,17.722610711710452,1.49,bo364725,bo,G,g
601295471956,2459681.5781751,2.7445503144382006,0.06805198371345964,15.303887630058766,0.02695142702449284,17.5705386379519,1.55,bo364765,bo,G,g
601295471956,2459682.7458789,3.252432301448069,0.10567397713808024,15.119544958286198,0.035316036732634844,17.092720479426294,1.59,bG340628,bG,G,g
601295471956,2459682.7658381,3.624620552690684,0.10269600333120033,15.001909250530572,0.030796627937930678,17.12375675573478,1.49,bl500503,bl,G,g
601295471956,2459683.7626816,1.9359620184818025,0.07530963062869735,15.682823540633287,0.04228300626776836,17.4605143176384,1.52,bG341040,bG,G,g
601295471956,2459683.8493387,1.891230004654075,0.049036532165963403,15.70820474877128,0.028183022852904544,17.926341237562234,1.53,bl500982,bl,G,g
601295471956,2459684.7961072,4.259259197462606,0.08891865770081235,14.826730447548378,0.022691907303919335,17.28015836631886,1.46,bG341462,bG,G,g
601295471956,2459685.7719056,2.1470711875379878,0.14537540331215237,15.570449512306656,0.07359641526920943,16.74641327995992,1.41,bl501708,bl,G,g
601295471956,2459686.7590586,2.042220865510591,0.10320618823613571,15.624808849543824,0.0549307086621392,17.118376265592275,1.53,bG342214,bG,G,g
601295471956,2459687.7561218,2.412363583241135,0.10176147773453678,15.443958712808154,0.04585142250272051,17.133682098992676,1.53,bl502534,bl,G,g
601295471956,2459689.8130904,2.459957929355131,0.11083871831954739,15.422746422821703,0.048975174047070406,17.040911873474673,2.09,bk502676,bk,G,g
601295471956,2459689.8411306,2.1284459548638326,0.07803840928548908,15.579909054477614,0.03985271870548224,17.421869590773067,1.46,bl502950,bl,G,g
601295471956,2459693.8643582,2.4585756082844554,0.03692455963170994,15.423356700686462,0.016324651871104427,18.23435230007117,1.47,bk504308,bk,G,g
601295471956,2459693.8718818,2.2339248844759947,0.060560458846854806,15.52739420750205,0.029466785638382734,17.69716771891169,1.57,bl504566,bl,G,g
601295471956,2459694.7319868,2.013259210861002,0.04760437936688762,15.640316385508651,0.02570155414515804,17.95852334269838,1.65,bl504858,bl,G,g
601295471956,2459695.6218973,2.89848739519073,0.06294214857352538,15.244637082104882,0.023603821426922147,17.655286702014607,1.45,bo367729,bo,G,g
601295471956,2459695.7120616,3.5856719228745,0.07146516712147534,15.013639245945322,0.02166386974344036,17.517404577325507,1.54,bG345450,bG,G,g
601295471956,2459695.8548326,2.5996574974317292,0.04902286916227452,15.362775287714463,0.020497210652919,17.9266437973916,1.54,bl505358,bl,G,g
601295471956,2459696.7960129,2.144269459381295,0.04212982653205756,15.571867222238403,0.02135612644596046,18.091166434092976,1.55,bk505268,bk,G,g
601295471956,2459698.9168052,2.132204881852706,0.06206167526587516,15.577993288864267,0.03163783333132765,17.670581875035257,1.43,bl506414,bl,G,g
601295471956,2459699.6838343,3.743516883970023,0.10747970888614596,14.966866131735163,0.031207491284111707,17.074324407803026,1.41,bG346831,bG,B,g
601295471956,2459700.9275058,2.066479585827267,0.08381451495002681,15.611987823868642,0.044085958683624075,17.344342521405,2.08,bG347373,bG,G,g
601295471956,2459702.4328353,3.899320946270497,0.07825251221115542,14.922593165590907,0.021813305358139117,17.41889488896534,1.50,bo370081,bo,G,g
601295471956,2459702.461212,4.1655258950904965,0.19417145297068225,14.850891025741543,0.050667294468340035,16.432177160393586,1.51,bp366514,bp,B,g
601295471956,2459702.8603332,2.220439074254518,0.04818914541453061,15.533968469183602,0.023589706420089486,17.94526754994547,1.60,bl507877,bl,G,g
601295471956,2459703.6776179,1.876828860350681,0.06528657292082411,15.71650393965523,0.037810408672545495,17.61558093183785,1.59,bG348251,bG,G,g
601295471956,2459703.8240594,3.6459135015694955,0.0569308376876948,14.995549720012455,0.01697279578521899,17.764271676133106,1.52,bl508260,bl,G,g
601295471956,2459704.4571131,3.791806211012382,0.056358516804943325,14.952950288248076,0.016155693088630126,17.775241723446147,1.46,bo370883,bo,G,g
601295471956,2459704.5158588,3.5347607309811693,0.06229077770694681,15.029165568273449,0.019154724244651842,17.66658122864088,1.50,bo370927,bo,G,g
601295471956,2459704.7023423,2.1732321604679843,0.03586699821675002,15.55730031404594,0.01793911775100317,18.2659030334582,1.49,bl508580,bl,G,g
601295471956,2459705.8618258,3.2511246602273753,0.07186786220624682,15.119981566574136,0.024027759527088025,17.511303795315307,1.48,bG349171,bG,B,g
601295471956,2459706.7638615,2.2596534825016517,0.05424043185658373,15.514961009121341,0.026091164687423476,17.81683276474338,1.46,bl509449,bl,G,g
601295471956,2459706.7651134,2.266494466500947,0.0985778024700091,15.511678964546665,0.04727555565529697,17.168192780227397,1.50,bl509450,bl,G,g
601295471956,2459706.7663539,2.2682229313749454,0.06594517496945587,15.510851280341198,0.03160162831385697,17.604683049219126,1.52,bl509451,bl,G,g
601295471956,2459708.6646442,2.7618990848037046,0.07169439340745117,15.297046106945036,0.028215617621633177,17.513927624902056,1.54,bG349862,bG,G,g
601295471956,2459708.6659667,3.019276567456754,0.12593817276843902,15.200308381113173,0.045338449515365524,16.902247141812943,1.52,bG349863,bG,G,g
601295471956,2459708.667265,2.789570982089962,0.09951218674875463,15.286222080440213,0.03877493029341845,17.157949936873294,1.51,bG349864,bG,G,g
601295471956,2459708.721042,2.4363141817499065,0.054177430331763816,15.433232389184383,0.024171148233386223,17.818094605601903,1.47,bl509914,bl,G,g
601295471956,2459708.7222941,2.586327711727015,0.08723499872576387,15.36835673934988,0.036662272286274764,17.300913713789935,1.47,bl509915,bl,G,g
601295471956,2459708.7235464,2.5849783029101787,0.12247905029458173,15.36892336682718,0.05150116824742124,16.932486086007938,1.52,bl509916,bl,G,g
601295471956,2459709.7705331,2.074139163955085,0.04652329433329292,15.607970892450801,0.024380619713064215,17.98346446215913,1.49,bk510105,bk,G,g
601295471956,2459709.8124629,2.9450776843173587,0.039046839554613584,15.2273237348943,0.014411238499138737,18.173675891679547,1.50,bl510390,bl,G,g
601295471956,2459709.8137148,2.520541123538298,0.08196854792653833,15.396331153524187,0.035348063522631736,17.368522507380554,1.45,bl510391,bl,G,g
601295471956,2459709.8149669,2.671380230896855,0.06216733406842652,15.333226352970327,0.025295234434719642,17.668735001820096,1.51,bl510392,bl,G,g
601295471956,2459709.8468993,3.38536024524092,0.0722282447124812,15.076053397487296,0.02319072593658764,17.50587295948273,1.51,bl510417,bl,G,g
601295471956,2459709.8481397,3.6423538365878185,0.09860490616409043,14.996610289630832,0.029425819302316688,17.167894301092627,1.41,bl510418,bl,G,g
601295471956,2459709.8493915,3.5350513935329433,0.0792125750452426,15.029076292108694,0.024356258357853024,17.40565528249227,1.48,bl510419,bl,G,g
601295471956,2459711.4121669,2.35176310708723,0.1212304404683968,15.471581689386621,0.05603124630339042,16.943611403707433,1.54,bo372081,bo,G,g
601295471956,2459713.6571089,2.217735039682094,0.11384062842256146,15.535291476583538,0.05579558030544621,17.011897400258608,1.49,bG351823,bG,G,g
601295471956,2459714.6825768,3.7931351609206985,0.16243954320400977,14.952569826758978,0.04654849178405405,16.625911212590008,1.50,bl512323,bl,G,g
601295471956,2459715.4019036,2.4613270469842154,0.2949075670730071,15.422142312056337,0.13023531502365226,15.978425820653666,1.96,bo373580,bo,G,g
601295471956,2459715.7094087,2.110070834442034,0.06570276350404275,15.589323035589011,0.0338453316928043,17.608681519760538,2.29,bl512771,bl,G,g
601295471956,2459716.7701619,2.8234302984105715,0.15971731270515527,15.273122945171806,0.06148753690758601,16.644260625341488,1.44,bl513246,bl,G,g
601295471956,2459716.9161085,2.728006118202363,0.09755100452769346,15.3104522722968,0.03886857139581909,17.17956124673173,1.52,bk513093,bk,G,g
601295471956,2459721.8292892,2.108709019101468,0.05578849449731259,15.590023983409061,0.0287567736385461,17.78627900708868,1.51,bk514668,bk,G,g
601295471956,2459722.7349735,3.7469757030562674,0.08074443989211146,14.965863429888543,0.023423075698974127,17.384859045770632,1.56,bl515274,bl,G,g
601295471956,2459722.739985,3.668956814595812,0.07480042321762037,14.98870912245976,0.02216019755855219,17.467880473714278,1.45,bG354970,bG,G,g
601295471956,2459722.7578942,3.6124660645592264,0.05814138388350251,15.005556182209055,0.017494186870049503,17.741427199812815,1.51,bk515040,bk,G,g
601295471956,2459723.4362122,3.2630390254822417,0.06709677260545954,15.116009952484442,0.022350720908210168,17.585886534318853,1.49,bo375179,bo,G,g
601295471956,2459723.8502515,2.0378263833743864,0.07704718429001257,15.62714767059681,0.041096209239862395,17.4357486816015,1.54,bl515761,bl,G,g
601295471956,2459724.6654013,2.208301213563649,0.07199671611846473,15.539919844491553,0.035437783418358126,17.5093588913416,1.36,bG355708,bG,G,g
601295471956,2459725.8389494,2.2106266029639277,0.05239417018382915,15.53877714209861,0.025762010149550475,17.854433195406823,1.48,bl516614,bl,G,g
601295471956,2459725.869741,2.2617127729949673,0.03956124415242195,15.51397199550335,0.019012737980272598,18.159465758525496,1.46,bk516386,bk,G,g
601295471956,2459726.74911,2.998511979290226,0.041544758575155744,15.20780115173789,0.01505991858269392,18.106350012590433,1.50,bl516973,bl,G,g
601295471956,2459727.432789,3.2838784208826115,0.04852584292756888,15.109097947659775,0.016061947089025662,17.93770789113599,1.55,bo376560,bo,G,g
601295471956,2459727.6941378,2.37718900524124,0.038634509766129276,15.459906339953708,0.01766541585961388,18.185202096825055,1.47,bl517359,bl,G,g
601295471956,2459734.3449937,2.734201442970004,0.05202326550120645,15.307989351871477,0.020681368545135036,17.862146587974603,1.50,bo378147,bo,G,g
601295471956,2459737.3378901,2.1170862166075,0.06644707513473276,15.585719260612954,0.03411532374147899,17.59645093909566,1.44,bo379179,bo,G,g
601295471956,2459737.5964509,3.03192053592889,0.05725359654730565,15.195771085736279,0.02052566003054851,17.75813367816616,1.46,bk518048,bk,G,g
601295471956,2459737.8096981,2.4864265987218213,0.040813761210212754,15.411126514679339,0.017841984133756268,18.12562406339827,1.53,bl518468,bl,G,g
601295471956,2459738.6090193,2.319475081586039,0.044349347716191284,15.486591344283905,0.020783069892705102,18.035422519756867,1.53,bk518495,bk,G,g
601295471956,2459739.3624544,1.9092314157528258,0.09406591647078387,15.697919192480187,0.05355325736716444,17.219059883640362,1.52,bp376265,bp,G,g
601295471956,2459739.6439139,3.307988915843169,0.05282417734166844,15.101155508076886,0.017357248022215884,17.8455587557331,1.49,bk518938,bk,G,g
601295471956,2459740.6698481,2.297587459851401,0.06150827841862633,15.49688549176917,0.02909870702915315,17.6803066825901,1.45,bG359209,bG,G,g
601295471956,2459741.678305,3.0891277074471892,0.09844437430737568,15.17547596524408,0.03463914891701168,17.16966335385948,1.52,bl520087,bl,G,g
601295471956,2459741.6989408,3.2961813228854084,0.08603536976486542,15.105037886744272,0.02837122630872002,17.3159480375255,1.47,bG359652,bG,G,g
601295471956,2459741.7085647,3.215416852577938,0.0735120749738388,15.131972413160488,0.024850410687910395,17.486743907820454,1.46,bk519859,bk,G,g
601295471956,2459742.7266919,1.9708322632094322,0.08288855341485674,15.663441464250372,0.0457148258599553,17.35640421063946,1.38,bk520302,bk,G,g
601295471956,2459742.7615639,2.2190238484660516,0.08249298510868434,15.534660697930747,0.04040798760391745,17.36159806304066,1.38,bG360118,bG,G,g
601295471956,2459743.7789227,3.148487716475495,0.13679828038648872,15.154810614075004,0.04722704879892117,16.81243901606953,1.95,bk520776,bk,G,g
601295471956,2459743.781438,2.8544839814119327,0.21572628344045125,15.261246596764789,0.08214622755744375,16.317882957798528,1.55,bl521030,bl,G,g
601295471956,2459747.7241431,2.7227604287375047,0.09226961672742992,15.312542046892787,0.03683506657497369,17.239993819871593,1.53,bG362135,bG,G,g
601295471956,2459747.7507229,3.25431972634789,0.10753140788436089,15.118915075482544,0.03591594401293372,17.073802281542424,1.44,bk522421,bk,G,g
601295471956,2459749.6650384,1.9891965801399354,0.07152638715702521,15.653371362496017,0.03908415778157897,17.516474888667325,1.37,bG362857,bG,G,g
601295471956,2459755.651791,2.321370287855473,0.08480969375072547,15.485704568701962,0.03971122151917056,17.33152687402441,1.50,bk524520,bk,B,g
601295471956,2459756.5918158,2.8056991733394314,0.1192975779024249,15.279962861790185,0.046217100379433725,16.961061545734264,1.52,bG364275,bG,G,g
601295471956,2459757.5069794,2.1833902151458457,0.045892136047528405,15.55223722306891,0.022846468866339762,17.998294930483752,1.47,bo382266,bo,G,g
601295471956,2459757.599207,2.0239044697960455,0.05805184253850622,15.634590598428488,0.03117727629336238,17.743100589946195,1.53,bp378751,bp,G,g
601295471956,2459758.7428311,2.7080202920582255,0.044984908091456735,15.318435836451926,0.01805623073550918,18.019973517666582,1.47,bG365091,bG,G,g
601295471956,2459758.8119289,2.628211413182116,0.028478080625422612,15.35091487998917,0.011777757035510966,18.516363823352272,1.55,bk525623,bk,G,g
601295471956,2459759.7763533,2.0641836667461484,0.04153100642604223,15.613194779059057,0.021869370936519437,18.106709472568248,1.46,bk526012,bk,G,g
601295471956,2459759.8345471,2.1336157208160484,0.042477235595414,15.577275115673167,0.02163974881016798,18.082249998316257,1.50,bG365573,bG,G,g
601295471956,2459760.8531296,2.4726936455150343,0.031174465677389105,15.417139840380186,0.013703795794206781,18.418143065155558,1.54,bk526488,bk,G,g
601295471956,2459761.8792532,2.265414889179863,0.039715540122687645,15.512196245945525,0.019055699491043656,18.15523942835256,1.51,bk526935,bk,G,g
601295471956,2459762.6627655,3.0253515960444357,0.057418294827899646,15.198125986919527,0.020629400599892794,17.755014884067347,1.55,bl527444,bl,G,g
601295471956,2459762.6652487,3.230495380144832,0.08338851783332042,15.126892811526362,0.02805752141116629,17.349874974803797,1.53,bl527446,bl,G,g
601295471956,2459763.6469946,2.396633828567399,0.049264480996288045,15.451061409518141,0.022343149909144676,17.92130583185148,1.49,bl527863,bl,G,g
601295471956,2459765.406399,3.0117089218975615,0.04541606279212499,15.203033133509011,0.016391121095630637,18.00961690726183,1.52,bo384384,bo,G,g
601295471956,2459765.6332948,2.2075467632607078,0.04915969938113151,15.540290841872288,0.024205356252625605,17.92361756532411,1.44,bl528709,bl,G,g
601295471956,2459766.7850329,2.902821426230395,0.05641102950342763,15.243014822220914,0.021123013583510226,17.774230547220977,1.55,bl529251,bl,G,g
601295471956,2459767.4963626,2.8703875536982775,0.06861336178282558,15.255214276728177,0.025982463926238222,17.561618865051432,1.47,bG368601,bG,G,g
601295471956,2459767.8783948,2.328323634360091,0.08856292694673348,15.482457255739707,0.041344789705540674,17.28451070830206,1.55,bl529756,bl,G,g
601295471956,2459769.4969022,3.077475790284706,0.08425224244832813,15.179579009449409,0.02975767500412553,17.33868693936492,1.60,bk529722,bk,G,g
601295471956,2459769.7172309,2.4375920898005106,0.046773398754490735,15.4326630425489,0.02085691491731882,17.9776432895846,1.46,bl530148,bl,G,g
601295471956,2459772.657197,2.106131270826458,0.16147562609115224,15.591352031346995,0.08333620383159371,16.63237316865959,1.54,bl530540,bl,G,g
601295471956,2459776.2384047,2.1892087832661358,0.08740460385838673,15.54934766754407,0.043396959175432445,17.298804839420423,1.56,bo386668,bo,B,g
601295471956,2459777.2501595,2.1817120197726245,0.04780635715846601,15.553072061506626,0.023817731773508936,17.953926482084107,1.44,bo387091,bo,G,g
601295471956,2459779.2200195,2.106183956180035,0.07006609745103859,15.59132487174817,0.036159615286095105,17.538870789475,1.47,bo387560,bo,G,g
601295471956,2459781.5356653,2.168997608202519,0.04915386362951478,15.559417939509334,0.02463262865700143,17.923746460801514,1.53,bp384320,bp,G,g
601295471956,2459781.5734097,2.3201569225249434,0.059958333384733165,15.486272224406326,0.028089523114764273,17.708016729948927,1.43,bo387920,bo,G,g
601295471956,2459782.5917564,2.2540472196571866,0.049551228399019535,15.517658097863102,0.0238948103654594,17.915004548127445,1.46,bo388315,bo,G,g
601295471956,2459782.721731,2.2423097055696233,0.05158440433381853,15.523326630481035,0.02500546850035982,17.87134456161488,1.54,bl531514,bl,G,g
601295471956,2459784.6720259,2.37425713833517,0.033010554895197594,15.461246241261758,0.015112532400227887,18.356008549639665,1.47,bk532072,bk,G,g
601295471956,2459785.6273962,2.4386065548489224,0.02938137951891815,15.432211280212014,0.013096119184244187,18.482460153961398,1.50,bk532466,bk,G,g
601295471956,2459785.665583,2.75924945453326,0.05032411435282399,15.298088208860678,0.019824276564295126,17.89820026009465,1.55,bl532748,bl,G,g
601295471956,2459786.6810684,2.3422641694330624,0.04185867256658331,15.475975935090034,0.01942503229625176,18.09817698204641,1.49,bG372176,bG,G,g
601295471956,2459786.6997856,2.2751769980415295,0.051766972752889925,15.507527651356948,0.024731459878893556,17.867508689192093,1.48,bl533194,bl,G,g
601295471956,2459787.687508,2.7340945517053465,0.042119685664337776,15.308031798628614,0.01674494651177962,18.091427807886063,1.43,bG372561,bG,G,g
601295471956,2459787.710259,2.8233413104815415,0.0478920279914767,15.273157165580574,0.01843792387813359,17.951982542282114,1.48,bl533626,bl,G,g
601295471956,2459788.7577193,2.3256803085346536,0.037604819180482245,15.483690582953635,0.0175754179570794,18.214531849563443,1.58,bl534074,bl,G,g
601295471956,2459788.761452,2.3303280362645116,0.04029432546960933,15.481522971743104,0.018794855993098283,18.139530886334832,1.46,bk533825,bk,G,g
601295471956,2459789.8168366,3.331299080403934,0.07097028288807979,15.093531559964184,0.02315661547431988,17.524949270608687,1.51,bG373466,bG,G,g
601295471956,2459789.8302511,2.959246572977452,0.07834352411770834,15.222112738932827,0.028776245025804,17.417632852767603,1.44,bl534555,bl,G,g
601295471956,2459789.8314798,3.0082316193193033,0.08500475714590797,15.204287442815945,0.03071454823000062,17.32903253408568,1.49,bl534556,bl,G,g
601295471956,2459791.7891545,3.0942394361756667,0.0447550961300605,15.17368082997722,0.015721745075990685,18.025534375711626,1.53,bk534992,bk,G,g
601295471956,2459791.8276518,3.1408542324132744,0.0731173204372256,15.157446169321272,0.02530373663354231,17.49258994335348,1.54,bl535274,bl,G,g
601295471956,2459792.7159396,2.5796558845746707,0.037937603044640146,15.37116118043399,0.015985281329614593,18.204965891355446,1.48,bG374472,bG,G,g
601295471956,2459792.7169101,2.54827951837571,0.04744980864262926,15.384447963212097,0.02023949044344022,17.962054448122828,1.51,bl535601,bl,G,g
601295471956,2459793.723127,2.217880463719891,0.03547196662211179,15.535220283693704,0.0173843839149695,18.27792744365572,1.44,bk535775,bk,G,g
601295471956,2459794.7219116,2.5322077371092466,0.03043068644017561,15.391317293702274,0.0130624484722994,18.444361238777294,1.46,bk536198,bk,G,g
601295471956,2459794.7231636,2.4946175302484677,0.04674810222523468,15.407555697519319,0.020369116297994316,17.97823064881323,1.47,bk536199,bk,G,g
601295471956,2459796.502055,2.649571750601237,0.04462006521558819,15.342126410440596,0.01830487167426333,18.028815109686185,1.52,bk536696,bk,G,g
601295471956,2459797.5176219,2.389759479139467,0.05426125700727774,15.454180139931704,0.024680151997163214,17.81641598560211,1.52,bk537124,bk,G,g
601295471956,2459804.6584223,2.9513612548400916,0.11164064129305186,15.225009693261853,0.041116119873707696,17.033084805129967,1.50,bG378538,bG,G,g
601295471956,2459806.7215541,3.5970701791703803,0.07996812113255655,15.010193344715992,0.02416463023145814,17.395348380694656,1.48,bk540456,bk,B,g
601295471956,2459807.7238505,2.0907973540119604,0.06431298879704142,15.599285767759861,0.033434814938588214,17.631893879240007,1.50,bk540837,bk,G,g
601295471956,2459808.5297321,2.242597336504218,0.1385431621553091,15.523187367251365,0.06714999219691255,16.798677871702314,1.63,bp390205,bp,G,g
601295471956,2459808.6140554,2.2410109431199032,0.03920461378657713,15.5239556791541,0.01901539605079199,18.169297661739158,1.47,bk541171,bk,G,g
601295471956,2459810.5534107,2.2635490039638233,0.035778176048977366,15.513090869658761,0.017180684723089937,18.26859511966587,1.49,bk541728,bk,G,g
601295471956,2459811.6969297,2.3732417023875927,0.03788593174216364,15.461710694493112,0.01735194546256242,18.206445680254443,1.49,bG381087,bG,G,g
601295471956,2459813.4629786,2.9257231290644583,0.051172076683508844,15.234482559785118,0.01901130764203949,17.880058006383013,1.41,bo394484,bo,G,g
601295471956,2459814.6059398,2.196788130724613,0.040337219403127914,15.545595188781789,0.019958594588996535,18.138375718067813,1.48,bk542264,bk,G,g
601295471956,2459815.4442616,2.2145817176616314,0.04807120344942344,15.53683634652309,0.023594210897925842,17.947928124671556,1.57,bp391657,bp,G,g
601295471956,2459815.6248165,3.123461304643354,0.06517235354702676,15.163475297260627,0.02267981185479029,17.617482099423093,1.52,bG382635,bG,G,g
601295471956,2459816.6548983,2.042748144148635,0.05226225151219011,15.6245285607538,0.027809005865292998,17.857170322310594,1.47,bk543124,bk,B,g
601295471956,2459817.543588,3.0408853111974414,0.051491284505105706,15.192565520338013,0.01840542532119051,17.873306296686625,1.47,bl543691,bl,G,g
601295471956,2459817.6772082,3.081126428029266,0.04727914884432766,15.17829182450274,0.01667908811242357,17.965966487843104,1.47,bk543544,bk,G,g
601295471956,2459817.7234887,2.7375155571622622,0.05869217840024307,15.306674132460401,0.0233042862241675,17.731190039070427,1.53,bl543832,bl,G,g
601295471956,2459818.7144797,2.0325428359535946,0.05999512728591558,15.629966354424791,0.032083995339463565,17.7073506637653,1.40,bl544230,bl,G,g
601295471956,2459818.7159634,2.0130044773391744,0.04533882726444427,15.640453770155558,0.02448148254902669,18.011464905290126,1.53,bG383751,bG,G,g
601295471956,2459819.6533932,3.405452596180228,0.06535814121693072,15.06962852405282,0.020861091393306875,17.614391380488886,1.43,bl544598,bl,G,g
601295471956,2459819.6599748,3.5228372088652566,0.06803580479515137,15.03283418529493,0.020992159827243593,17.570796795390365,1.47,bG384110,bG,G,g
601295471956,2459820.7018102,1.95566305803563,0.05362680499749413,15.671830541962228,0.02980575063406288,17.829185803599678,1.49,bG384527,bG,G,g
601295471956,2459821.71664,3.0304060217210473,0.05201114327821086,15.196313571505282,0.018655536909622614,17.862399610731256,2.07,bl545461,bl,G,g
601295471956,2459821.7369788,3.1845382475329975,0.06598165614813588,15.142449449039008,0.022521064559649927,17.604082580957147,1.49,bG384953,bG,G,g
601295471956,2459822.5702717,2.2963689203191153,0.04527389022106743,15.497461471342625,0.021429810256033296,18.01302107782419,1.43,bG385226,bG,G,g
601295471956,2459823.588718,2.294513382279481,0.037710859558659014,15.49833913485297,0.017864382511010378,18.211474532527838,1.46,bG385635,bG,G,g
601295471956,2459823.706692,3.928142689493878,0.05617627854021594,14.914597484490947,0.015544540296266353,17.778758197693268,1.47,bk546013,bk,G,g
601295471956,2459824.4764688,2.7878037888568175,0.09621671734150293,15.286910112289258,0.03751461592552149,17.194514271825618,2.24,bl546494,bl,B,g
601295471956,2459824.6759205,2.160601952509835,0.04148923068375831,15.563628711727798,0.02087241929095917,18.107802156503773,1.47,bk546402,bk,G,g
601295471956,2459825.2738595,2.401221204327627,0.1240841963833068,15.448985197781306,0.05616897196331433,16.918349430470847,2.33,bp393424,bp,G,g
601295471956,2459825.6874323,3.9081463226734927,0.08302690239971072,14.920138583475497,0.023091927883966155,17.354593522951273,1.57,bG386456,bG,G,g
601295471956,2459826.6152388,2.434172972531328,0.12786177917635422,15.43418703230188,0.05709544733477976,16.88578875324557,1.48,bl547375,bl,G,g
601295471956,2459826.6550195,2.3336693035763765,0.06404223976242676,15.479967338132472,0.029829046501949064,17.636474330984356,1.54,bk547157,bk,G,g
601295471956,2459830.3064023,2.0443334213033313,0.15804104490880652,15.623686300642188,0.08402922080908706,16.655715880409605,1.49,bo398120,bo,G,g
601295471956,2459831.5419375,2.0022057501494466,0.12910734820733635,15.646293861547855,0.07008973684544378,16.87526320881487,1.43,bG388550,bG,G,g
601295471956,2459834.6688011,2.7962643915170817,0.10080384681197065,15.283620041554158,0.03918420555690662,17.143947847206753,2.01,bG389740,bG,G,g
601295471956,2459835.2689693,3.206119259560518,0.07910248416651425,15.135116439833816,0.02681776755314613,17.407165305262197,1.53,bp395989,bp,G,g
601295471956,2459835.5157604,2.240497018316927,0.03922256884560468,15.52420469657072,0.019028468530664838,18.16880052650285,1.49,bk549372,bk,G,g
601295471956,2459835.5500099,2.222971469695457,0.058000881401228714,15.53273090012016,0.028360434294876648,17.74405412819081,1.50,bl549648,bl,G,g
601295471956,2459836.5022025,3.0920674994016646,0.06326960882591474,15.174443207438095,0.022241207203438924,17.649652738004594,1.47,bG390330,bG,G,g
601295471956,2459836.520278,4.1019328294290895,0.06507374421650676,14.867594261362223,0.017243658931382508,17.619126121663562,1.50,bl549977,bl,G,g
601295471956,2459837.5165283,2.0959080328227118,0.04627339343299126,15.596635066906027,0.02399779283600132,17.98931223792568,2.19,bG390718,bG,G,g
601295471956,2459838.5285625,3.013152412691734,0.06782830648204051,15.202512872490734,0.024468201402169553,17.574113176795493,1.44,bG391108,bG,G,g
601295471956,2459840.5404593,2.28793580952089,0.055430506900509824,15.501456033039567,0.02633402157879242,17.79326848608282,1.51,bl551554,bl,G,g
601295471956,2459840.5414447,2.367969405749304,0.03443199762210913,15.464125404815592,0.01580513847898085,18.310235062297973,1.53,bG391862,bG,G,g
601295471956,2459841.6014073,2.198703403758468,0.048101287794949724,15.544649000447606,0.023779473112834158,17.94724885217321,1.56,bl551994,bl,G,g
601295471956,2459841.6242289,2.2472360277728867,0.04245664273645214,15.520943900095045,0.020535682119367862,18.082776488178997,1.45,bk551763,bk,G,g
601295471956,2459842.6476717,4.91353383156445,0.0715817719058297,14.671580745576307,0.015835094756213624,17.51563450010577,1.50,bk552144,bk,G,g
601295471956,2459843.6453477,2.1097817123855074,0.05187638287667853,15.589471813434386,0.026726638287278205,17.865216394119848,1.46,bG392988,bG,G,g
601295471956,2459844.5385288,1.753589773183041,0.05601727361317181,15.790245612193194,0.03472211221519643,17.781835692224774,1.53,bl552996,bl,G,g
601295471956,2459844.6338961,3.4807393996167715,0.05643155823767922,15.04588684929491,0.017622304693393695,17.773835505052823,1.49,bk552822,bk,G,g
601295471956,2459845.6609879,2.0332034748810153,0.0452214369356851,15.629613514108033,0.024175512390629882,18.014279716013924,1.54,bk553217,bk,G,g
601295471956,2459846.5810508,1.8752866789506673,0.05822421112906193,15.717396450697091,0.033748005955688234,17.739881578799636,1.53,bl553784,bl,G,g
601295471956,2459846.6343155,2.2590807086620917,0.038703609119477886,15.515236254918847,0.018622238765508035,18.183261949050568,1.49,bk553577,bk,G,g
601295471956,2459847.6007807,2.4474396684551287,0.0549943349048086,15.428285635118772,0.02442407539353959,17.80184572617468,1.43,bl554162,bl,G,g
601295471956,2459848.5513131,2.1179375447528552,0.05748803576237881,15.585282749342142,0.029503700686878232,17.753696936371576,1.54,bl554500,bl,G,g
601295471956,2459850.4017468,2.0010089762269003,0.1135640083864213,15.646943030230599,0.06168844868612963,17.014538828688107,1.44,bo403315,bo,G,g
601295471956,2459850.5181981,1.892769998415925,0.05892362949300454,15.707321013531693,0.03383793245643331,17.726916886338316,1.51,bl555232,bl,G,g
601295471956,2459851.2640795,1.9449918307660206,0.04750969660991611,15.677771168360163,0.026550741118361074,17.96068496872715,1.66,bo403562,bo,G,g
601295471956,2459852.5265989,2.0247586783094937,0.04917860385039901,15.634132449607854,0.026400679131720933,17.923200123365206,1.46,bk555612,bk,G,g
601295471956,2459853.5946669,3.033913645647885,0.06505046282929501,15.195057584049596,0.023305549555070405,17.619514634236843,1.44,bG396460,bG,G,g
601295471956,2459854.6035513,1.9194886980173997,0.09155091911429968,15.692101723963374,0.051842904157384934,17.24848383967682,1.47,bl556669,bl,G,g
601295471956,2459857.3262695,1.8342579277330684,0.1269092286857295,15.741414610311569,0.07520469815241324,16.89390759990998,1.52,bo405196,bo,G,g
601295471956,2459858.5538604,2.0173646083502543,0.08637274443289335,15.638104628505085,0.04653765485586459,17.31169881339938,1.55,bk557627,bk,G,g
601295471956,2459859.597149,4.667742375660688,0.12503792462754565,14.727298426683364,0.02911702846912139,16.910036219753387,1.55,bG398291,bG,G,g
601295471956,2459859.5997223,4.714876383180716,0.16955304661828838,14.716389845561885,0.03908836092923361,16.579376616902664,1.45,bG398293,bG,G,g
601295471956,2459860.3302345,3.0518059268517392,0.11760468782766806,15.188673341979184,0.041887061459786115,16.976579027816555,1.51,bp402564,bp,G,g
601295471956,2459863.527604,1.6967702413950339,0.10944797255205198,15.826008025400494,0.0701127263163035,17.054621309007835,2.12,bl559595,bl,G,g
601295471956,2459863.5926076,3.0250041700256407,0.11999859823949299,15.198250678102024,0.04311837327314,16.954700179248306,1.47,bG399657,bG,G,g
601295471956,2459864.5430947,2.523467447626324,0.04668658499009908,15.395071355361331,0.02010974545380025,17.979660342667728,2.14,bk559713,bk,G,g
601295471956,2459866.2974752,3.6182654594452273,0.06610692141151138,15.00381455639355,0.019859059586898223,17.602023279919457,1.52,bo407295,bo,G,g
601295471956,2459867.2548603,2.359195802459034,0.04821537329325735,15.468155655190532,0.022214355584460988,17.944676777674793,1.51,bo407537,bo,G,g
601295471956,2459868.4998728,3.0782328202520177,0.06670621429215502,15.17931196144576,0.02355466883088125,17.592224875710876,2.15,bl561304,bl,G,g
601295471956,2459868.5115802,3.140571201973543,0.0393152607622281,15.157544012207058,0.013607072198370864,18.166237710163355,2.29,bk561063,bk,G,g
601295471956,2459870.2579267,1.9572589438603303,0.0596561668701561,15.670944906565577,0.03312983182163006,17.71350224921148,1.57,bp404186,bp,G,g
601295471956,2459870.3421986,1.6579134875789152,0.08065056405437596,15.851160960617756,0.05287589324631193,17.386122088675105,2.06,bo407836,bo,G,g
601295471956,2459872.3327326,1.3791306213756989,0.11561148957827745,16.051052118814763,0.09111875310239448,16.995138119386432,1.45,bo408263,bo,G,g
601295471956,2459872.513557,3.5716199630064778,0.06057547111787122,15.017902517982442,0.01843502502252954,17.69689861021295,1.44,bl562666,bl,G,g
601295471956,2459873.322962,2.577546523608643,0.058270109893375485,15.372049340143912,0.02457262182891135,17.739026018591893,1.53,bo408497,bo,G,g
601295471956,2459874.3313351,1.9793358058385664,0.06035162684600282,15.65876691967327,0.0331422258943258,17.700918157723336,1.50,bo408715,bo,G,g
601295471956,2459874.5840706,3.2869961773610106,0.07284289591799076,15.108067624743203,0.024087968621853594,17.496672603608786,1.52,bG403373,bG,G,g
601295471956,2459875.5115568,1.9754890087046033,0.06543467156538106,15.66087907807914,0.03600356301272862,17.61312079416552,1.60,bl563694,bl,G,g
601295471956,2459875.5153247,2.0895981895668667,0.04245310970257243,15.599908663978956,0.022083041940653077,18.082866841588064,1.47,bk563445,bk,G,g
601295471956,2459876.5170515,4.982542846330995,0.08677907271132723,14.65643801725026,0.01893111247472958,17.3066030986677,1.60,bG403981,bG,G,g
601295471956,2459876.5800368,3.555204350869099,0.06815321191458101,15.022904200402458,0.02083693955592552,17.56892479139298,1.52,bl564095,bl,G,g
601295471956,2459877.57666,2.024171909985097,0.055991417300085826,15.634447137945513,0.030066732917064118,17.782336959323047,1.48,bl564438,bl,G,g
601295471956,2459878.5406486,4.926103304335167,0.08973848557677543,14.668806834527214,0.01980101230577691,17.270193771137293,2.14,bG404622,bG,G,g
601295471956,2459879.318735,2.8414804350405185,0.0670374680912175,15.266203947120605,0.025643960888855687,17.58684660330764,2.17,bp406405,bp,G,g
601295471956,2459879.5278795,2.0827221581342097,0.05760888159584175,15.603487278470666,0.030065627964890772,17.751417001377483,2.06,bG404943,bG,G,g
601295471956,2459880.5191799,2.473675734502284,0.035234834348102956,15.416708700082387,0.015482519577196858,18.285210026291626,1.44,bG405268,bG,G,g
601295471956,2459881.3123062,3.396780210570824,0.07616150944473987,15.072397005640257,0.0243713882749407,17.448301754585135,2.28,bp406957,bp,G,g
601295471956,2459885.5343143,2.256645834817436,0.07402131764726451,15.516407110114754,0.0356537799255181,17.47924858227335,1.42,bG406893,bG,G,g
601295471956,2459886.5259687,2.1118463718147233,0.07265573883269491,15.588409817622907,0.03739553701442316,17.499465802815152,2.02,bk567061,bk,G,g
601295471956,2459886.5272208,2.0485503807829404,0.09464287315763938,15.621448999305276,0.05021730936170984,17.212420821235273,2.04,bk567062,bk,G,g
601295471956,2459887.5276051,2.4171029651478757,0.09135145748195309,15.441827744460156,0.04108019555315428,17.250851909524563,1.45,bG407508,bG,G,g
601295471956,2459888.524176,1.7289512524276833,0.10353914267587098,15.8056087508674,0.06509295518239233,17.11487919989616,1.52,bG407829,bG,G,g
601295471956,2459888.5254594,1.545072726578757,0.17395118239658772,15.927693306070253,0.12237441572661543,16.551572148644517,1.49,bG407830,bG,G,g
601295471956,2459889.5199941,2.62793766116542,0.09420956704833361,15.3510279751361,0.03896656485679104,17.21740309157982,2.31,bk568062,bk,G,g
601295471956,2459892.5526736,1.507426397132333,0.18150730356795494,15.95447533202564,0.1308790583286788,16.50540534881841,2.30,bl569307,bl,G,g
601295471956,2459894.2686071,2.803376264778276,0.0947085521819585,15.280862142285592,0.03672146324132219,17.211667617531326,1.55,bo412526,bo,G,g
601295471956,2459895.25735,1.860057563172008,0.12005064794995761,15.726249660956348,0.07015365401148492,16.954229340394352,2.15,bo412687,bo,G,g
601295471956,2459896.2998399,2.7764602885531513,0.1331727354529417,15.291336956831154,0.05213579820147454,16.841602310136288,1.64,bp409298,bp,G,g
601295471956,2459897.5151278,4.3681541234886865,0.09338590962696817,14.799320738860239,0.023237830130980953,17.226937227957098,1.52,bG410152,bG,G,g
601295471956,2459897.5164261,4.665926605257399,0.14049692898756005,14.727720864568248,0.03272963039651656,16.783473532838244,1.53,bG410153,bG,G,g
601295471956,2459897.5377376,4.029804774798668,0.08885398933505105,14.886855604498537,0.023966526565818092,17.28094828299364,1.52,bl570406,bl,G,g
601295471956,2459898.5114307,1.9027582297786063,0.07438951028104053,15.70160659973012,0.04249523774671324,17.47386136223615,2.18,bG410479,bG,G,g
601295471956,2459898.51273,2.452405040230653,0.1512684962857764,15.42608512221573,0.06704531913538714,16.703269387118972,2.20,bG410480,bG,G,g
601295471956,2459898.5376562,2.043564330951055,0.07938639214821934,15.624094837890745,0.04222502584133908,17.40327544861812,2.12,bl570747,bl,G,g
601295471956,2459900.5100367,2.205902169089098,0.19597366288749035,15.541100002936242,0.09656586495521034,16.42214633650998,2.00,bG411032,bG,B,g
601295471956,2459901.5117033,3.111690127658676,0.20274698621558485,15.167574767288603,0.07082233445134255,16.385254593317665,1.47,bk571488,bk,B,g
601295471956,2459903.5220431,2.1165532059565675,0.09681238948196409,15.585992646655804,0.04971803110662224,17.187813263126216,1.47,bl572395,bl,G,g
601295471956,2459989.8898466,3.0984317253211593,0.14718430185594006,15.172210795259497,0.051633520110355914,16.732986880951046,1.48,bG434463,bG,G,g
601295471956,2459990.8802209,2.22653333981238,0.07756813848869062,15.530992615823717,0.03786747429371573,17.428432188452135,1.54,bk599494,bk,G,g
601295471956,2459996.890352,2.0359929732789945,0.1035982719093657,15.628124935261173,0.05530805792096324,17.1142593335969,1.44,bk601589,bk,B,g
601295471956,2459996.8953538,1.9741875971976606,0.24843833165088197,15.661594574451374,0.13678622296140275,16.164594101077157,1.52,bl601843,bl,B,g
601295471956,2459997.6378889,1.765544807107382,0.12483797876393124,15.782868762688,0.076856421106923,16.91177379033546,2.19,bo434360,bo,G,g
601295471956,2459999.6263564,2.0920171644827668,0.04553316150844732,15.598652513560907,0.023657820641851457,18.006821097026567,1.55,bo435151,bo,G,g
601295471956,2459999.6276317,2.1041587551950602,0.05556096218736036,15.592369363539746,0.028701422862959812,17.790716216175518,1.53,bo435152,bo,G,g
601295471956,2460000.8948212,2.0764750826441154,0.12942182483627301,15.606748812243328,0.06774745227476278,16.872621813834414,1.54,bl603542,bl,G,g
601295471956,2460001.8777575,3.0207221591649462,0.07490577304802455,15.199788668657629,0.02695359395548287,17.466352385408396,1.46,bG438868,bG,G,g
601295471956,2460002.6306755,2.633312437326911,0.047902280825291535,15.348809646415052,0.019772699893554645,17.95175013029326,2.18,bo436127,bo,G,g
601295471956,2460002.6447491,2.876016706743863,0.2173289972244294,15.253087110959225,0.08213692581903254,16.30984642110812,2.33,bp432550,bp,B,g
601295471956,2460003.8753805,3.0404872537275045,0.06730498700000513,15.19270765450351,0.024061141672452317,17.582522499680813,1.62,bG439702,bG,G,g
601295471956,2460005.8601117,2.8553573156325838,0.04419610721866033,15.260914464735094,0.01682425058110878,18.03918056521353,1.56,bk605432,bk,G,g
601295471956,2460006.6339393,2.8929009654114055,0.05457129699552226,15.24673170625036,0.02050420248679698,17.810229921995102,1.50,bo437526,bo,G,g
601295471956,2460009.8760669,2.203050951178455,0.11331578154792908,15.542504268692912,0.055908524359639736,17.016914615206232,1.50,bl607277,bl,G,g
601295471956,2460010.8458307,2.2813277247316885,0.12201115990642414,15.50459642616765,0.05813317593413345,16.936641721966016,1.49,bk607443,bk,G,g
601295471956,2460013.588426,2.3076892758380385,0.08843242813366586,15.492122292695147,0.041653010004220885,17.286111736889907,2.29,bo438634,bo,G,g
601295471956,2460016.8106604,3.4735935726953096,0.09757096623643376,15.048118115978,0.030531896108037547,17.179339096966856,1.48,bk609783,bk,G,g
601295471956,2460017.81275,2.4499170921194775,0.09508905121946523,15.427187153252797,0.042188229430885335,17.207314326162532,1.51,bk610200,bk,G,g
601295471956,2460021.8100987,2.330250235514878,0.046674413590900916,15.481559220931818,0.021771506543703696,17.979943435801857,1.60,bk611887,bk,G,g
601295471956,2460023.8162725,2.1095110468758347,0.059403366788910734,15.58961111229815,0.030608456419365077,17.718112961261543,1.52,bG447242,bG,G,g
601295471956,2460025.5714728,3.35583384856697,0.050777776836831996,15.085564496685588,0.016446951244555107,17.88845640498528,2.37,bo442044,bo,G,g
601295471956,2460027.803924,2.50757500353436,0.044029039028831596,15.401930792344272,0.019085232166870834,18.043292594649497,1.53,bk614503,bk,G,g
601295471956,2460029.7910191,2.7824102657464262,0.06323710192457128,15.289012704787448,0.024703754582487976,17.650210715051987,1.51,bG449789,bG,G,g
601295471956,2460031.5744031,2.4259391117747553,0.04585608864083121,15.437865881318668,0.020546094651623326,17.999148090894987,2.04,bp439453,bp,G,g
601295471956,2460034.7919043,2.120354641802969,0.03596690198620225,15.584044358996822,0.01843769806706109,18.262883032898188,2.09,bk617642,bk,G,g
601295471956,2460035.9106463,2.727629359325928,0.04904314980949279,15.310602231272227,0.019543627270983473,17.926194723727026,1.56,bk618185,bk,G,g
601295471956,2460037.8032907,3.619415202303874,0.1317730069610007,15.003469606811874,0.03957311369368843,16.853074470632123,1.55,bl619272,bl,G,g
601295471956,2460038.8029117,2.3055892120229915,0.09495513900992322,15.493110793814166,0.04476604378666416,17.20884442669385,1.55,bG452885,bG,B,g
601295471956,2460039.5493889,1.8466428793185103,0.10555775684584111,15.734108332974095,0.062132583137072525,17.093915229754423,1.55,bp442224,bp,G,g
601295471956,2460040.5176107,3.6916980967707014,0.13933053316861713,14.982000178144313,0.041023460677214,16.792524863928836,1.46,bo446219,bo,G,g
601295471956,2460040.8132973,2.185448931867664,0.17134851205940282,15.551213965690714,0.08522202461811718,16.567939767703667,1.55,bl620657,bl,G,g
601295471956,2460049.4955598,2.1973238383024105,0.03992312925579686,15.54533045400973,0.0197488895156884,18.149579174363875,1.52,bo448725,bo,G,g
601295471956,2460049.5234742,2.0645994067382585,0.061399083988316595,15.612976126756577,0.03232498011580129,17.682235881544763,1.43,bp445148,bp,G,g
601295471956,2460050.8914262,2.134031056064061,0.06500811919196701,15.57706378397639,0.03311151396832442,17.620221608294194,1.43,bl625432,bl,G,g
601295471956,2460051.5146309,2.1628868365600242,0.02863669535542407,15.562481128519446,0.014391341355214275,18.51033336294189,1.53,bo449589,bo,G,g
601295471956,2460052.5522721,2.104663718316148,0.056514814761585444,15.592108836160074,0.029187155147583875,17.772234840307966,1.52,bp446406,bp,G,g
601295471956,2460052.6592884,4.285321850207281,0.06405154571252321,14.820107009073006,0.016246444905026573,17.63631657458861,1.53,bo450068,bo,G,g
601295471956,2460053.7369926,2.0720993515814072,0.042859365787059775,15.609039185225273,0.02248264163795687,18.072526260777646,1.47,bk626511,bk,G,g
601295471956,2460054.7733494,2.9788183001857913,0.049159725691653326,15.214955589180263,0.017938148306701526,17.923616984232712,1.43,bl627273,bl,G,g
601295471956,2460056.7258502,4.4100846808981355,0.065091116017182,14.788948300486958,0.016043050912062193,17.618836316980286,1.50,bk627549,bk,G,g
601295471956,2460056.7637068,3.751090581761261,0.07592903710509143,14.96467174310771,0.022002017885689194,17.45162088043556,1.50,bl627829,bl,G,g
601295471956,2460057.7174422,2.0921439567085005,0.049924068064257573,15.598586711644577,0.02593764697701145,17.90686569490271,1.47,bk628012,bk,G,g
601295471956,2460057.7592667,1.9691750047169219,0.05305849038696406,15.66435483599297,0.029287530067970875,17.840753388107505,1.46,bl628295,bl,G,g
601295471956,2460057.7743869,1.890501671566383,0.0633602359265149,15.708622958036194,0.036429389455230124,17.648098647162172,1.42,bG460656,bG,G,g
601295471956,2460058.7338499,4.999622776688415,0.07135978314878288,14.652722527533621,0.015514166797767117,17.519006807399474,1.56,bk628420,bk,G,g
601295471956,2460059.8161425,1.9369292894041958,0.05964953258022257,15.682281206238336,0.0334738334597168,17.71362299933179,1.54,bG461523,bG,G,g
601295471956,2460060.7476632,4.922934894309192,0.07407138473599807,14.669505391589539,0.016354547935645457,17.478514452203452,1.44,bk629374,bk,G,g
601295471956,2460061.7108511,2.2644521257277654,0.03398627367356848,15.512657763755588,0.016313704052022572,18.32438173585699,1.46,bk629808,bk,G,g
601295471956,2460061.8115637,1.9118447147452762,0.06873778327851304,15.696434085313806,0.03908004726964727,17.559651805229564,1.42,bG462362,bG,G,g
601295471956,2460062.7508909,4.119754107460649,0.05553129614232383,14.862887383752705,0.01465138523515689,17.791296085563324,1.48,bk630313,bk,G,g
601295471956,2460063.4816896,4.396190988496545,0.10084389978597609,14.79237424306261,0.024933615222085828,17.143516531059745,1.51,bp447672,bp,G,g
601295471956,2460063.7395666,2.2615660011310985,0.035136264148055055,15.514042455686972,0.01688723276091704,18.288251652958877,1.50,bk630777,bk,G,g
601295471956,2460063.7721758,2.153238657748813,0.05370778301707381,15.567335201695672,0.0271117299554672,17.82754754726582,1.50,bG463253,bG,G,g
601295471956,2460064.7450164,2.1403211131339637,0.07561407174572635,15.573868283301564,0.038400410066937236,17.456134048852164,1.50,bl631415,bl,G,g
601295471956,2460064.8314033,5.0938298384317555,0.09718225847193357,14.632454539590567,0.020737420171838206,17.18367314231094,1.42,bG463670,bG,G,g
601295471956,2460064.8673445,4.441388237335083,0.06285362645546384,14.781268777187089,0.015382388465034156,17.65681476103477,1.46,bk631261,bk,G,g
601295471956,2460065.8485603,1.9832476097870895,0.05282673871695828,15.656623273416761,0.02895269752866167,17.845506111080493,1.51,bG464142,bG,G,g
601295471956,2460065.8614274,2.091366782196641,0.044711900723231925,15.5989901080106,0.023238339876194832,18.02658278065125,1.49,bk631738,bk,G,g
601295471956,2460067.4551349,3.7375801025025286,0.38470679062075624,14.968589349585098,0.11187975737097348,15.689815980721317,2.00,bo452517,bo,G,g
601295471956,2460067.7117107,2.6654554382333195,0.0864298680997378,15.335637056593988,0.03524557471736631,17.31098098587824,1.47,bl632814,bl,G,g
601295471956,2460068.6821537,1.8600139206106836,0.13856892691094164,15.726275135901712,0.08097702772395894,16.798475977023724,1.48,bG465401,bG,G,g
601295471956,2460068.710322,1.7242905714601786,0.10625185770956856,15.808539488647062,0.06697893707469063,17.086799281437216,1.48,bl633280,bl,G,g
601295471956,2460069.6997258,3.05528141362102,0.15488924841127283,15.187437577035421,0.055103885997975215,16.677587430467554,1.45,bG465840,bG,G,g
601295471956,2460069.7169868,3.372525054156041,0.12461969323202397,15.080177660565221,0.040164620312828345,16.91367391682634,1.49,bk633503,bk,G,g
601295471956,2460069.7755608,2.2584941264761005,0.11866449137009101,15.515518208641017,0.05711024052775728,16.966838656285802,1.47,bl633799,bl,G,g
601295471956,2460070.8217945,1.8232352114939343,0.12241746062736547,15.747958873211338,0.07298150911347775,16.933032195323207,1.44,bG466393,bG,G,g
601295471956,2460070.8578951,1.641947503301741,0.11806724138985789,15.861667453159907,0.07815959875354814,16.972317070988264,1.47,bk634084,bk,G,g
601295471956,2460071.751776,2.256958123867214,0.18978109170771135,15.516256869406291,0.09139903534453234,16.45700826002416,1.53,bl634711,bl,G,g
601295471956,2460072.584039,2.1814000409519636,0.09138785668626724,15.55322732990064,0.04553709772075988,17.250419381530783,1.46,bo454734,bo,G,g
601295471956,2460072.8539264,2.2150108105836925,0.13791747098267393,15.536625996826512,0.06767926090025755,16.803592399396976,1.68,bl635271,bl,G,g
601295471956,2460076.8328172,2.011356291357713,0.10894339804012616,15.641343101602292,0.05887407293722338,17.059638318506853,1.45,bk636925,bk,B,g
601295471956,2460077.7422091,3.9630625071414682,0.08076672225479337,14.904988316609176,0.022152039069821012,17.384559465633593,1.56,bG469532,bG,G,g
601295471956,2460077.9137517,2.898527130640691,0.07059066331603453,15.244622197816964,0.026471714221386205,17.530772454367657,1.50,bl637677,bl,G,g
601295471956,2460077.9252047,2.5186435679134216,0.0476377770996385,15.39714884331569,0.020558761533099552,17.957761891457963,1.49,bk637436,bk,G,g
601295471956,2460078.9095917,2.0833142927976493,0.06528824738715752,15.60317863880604,0.034063744743521245,17.61555308529412,1.50,bl638160,bl,G,g
601295471956,2460078.910832,2.18431130545269,0.15625879480815677,15.551779288338663,0.07775746784436595,16.668029435535324,1.51,bl638161,bl,G,g
601295471956,2460079.7256501,4.8735599281655055,0.0841157160869463,14.680449845346144,0.01876043949989537,17.34044774524787,1.52,bl638433,bl,G,g
601295471956,2460080.5589406,2.8267772518272114,0.040590903706571195,15.271836652980657,0.015608073638849099,18.131568810298017,1.48,bo456217,bo,G,g
601295471956,2460080.5968921,2.505965780213965,0.04108703158853282,15.402627781620257,0.017821399356955404,18.118378696550355,1.51,bp452650,bp,G,g
601295471956,2460081.5775142,1.912257783897061,0.06216044886751926,15.696199528768807,0.03533294823519408,17.66885525670976,1.48,bo456678,bo,G,g
601295471956,2460082.839495,1.894614768178566,0.05509139491585239,15.706263326709479,0.03160639935951766,17.799931189285978,1.53,bG471644,bG,G,g
601295471956,2460083.837863,4.494349390029633,0.11747074690857237,14.768398543828072,0.028410251047482012,16.977816286155022,1.42,bk639856,bk,B,g
601295471956,2460084.543435,3.6191742673141096,0.06684068531321,15.003541883832854,0.020074446117407958,17.590038376348865,1.46,bo457242,bo,G,g
601295471956,2460084.5814917,3.175763219851093,0.05953756518684503,15.14544533574212,0.02037769830061329,17.715662936385076,1.48,bp453675,bp,G,g
601295471956,2460085.8524069,4.537988221639423,0.08237844600901366,14.757907211437507,0.019731604571658363,17.36310662357824,1.62,bl641035,bl,G,g
601295471956,2460088.4175434,1.9286463730293075,0.041421319282399,15.686934110094285,0.023344441864853065,18.109580793449044,1.50,bo457929,bo,G,g
601295471956,2460088.4213694,2.05798841515076,0.03999801438944358,15.616458308036238,0.021125533203760236,18.147544530691775,1.58,bp454335,bp,G,g
601295471956,2460088.8440108,2.5570945098290507,0.1191467567527679,15.38069867282773,0.050646287729562554,16.962435048734037,1.52,bG473776,bG,G,g
601295471956,2460088.8592457,2.1552743372615533,0.06584663284720646,15.566309227715651,0.03320803564096232,17.606306682304226,1.56,bl641936,bl,G,g
601295471956,2460089.82967,1.9530191225616635,0.048955281827388716,15.673299383260812,0.02724615557581526,17.928141723763286,1.45,bG474242,bG,G,g
601295471956,2460089.8361755,2.0746469867665187,0.06397359144954512,15.607705098266818,0.03351727445136833,17.637638780179895,1.46,bl642393,bl,G,g
601295471956,2460090.8473695,2.3811431291741068,0.09272116155828174,15.458101868815948,0.042325835026119786,17.234693452478908,1.46,bl642572,bl,G,g
601295471956,2460091.412135,2.7036779983323678,0.03805184771978516,15.320178205027801,0.01529794009077859,18.201701236269415,1.48,bo458496,bo,G,g
601295471956,2460091.4235573,2.8073050683025267,0.09112033579643228,15.27934159792685,0.035280755331973855,17.25360233260487,1.50,bp454909,bp,G,g
601295471956,2460091.6707591,1.8327189031319806,0.06569116158367441,15.74232597403411,0.038960386332006915,17.608873258077406,1.45,bG474747,bG,G,g
601295471956,2460091.8281085,1.8184257574282274,0.10457138455331484,15.750826686269583,0.06250711526890722,17.104108465859834,1.47,bl643050,bl,B,g
601295471956,2460091.8433304,2.029401900350229,0.04309669145700319,15.631645465492257,0.023082776179762336,18.066530785061243,1.56,bk642812,bk,G,g
601295471956,2460092.4037204,2.02167735847076,0.05259802291011519,15.63578600405606,0.028279370985279197,17.850217061674023,1.46,bo458941,bo,G,g
601295471956,2460092.4265452,1.9295373968027167,0.07346218042931484,15.686432621909685,0.04138307775279914,17.48748107522902,1.60,bp455363,bp,G,g
601295471956,2460092.6667397,4.250633710364878,0.14119618091141642,14.828931416922295,0.0361061714896972,16.778083236358256,1.45,bG475221,bG,G,g
601295471956,2460093.4101904,3.022988235429139,0.06722148053863106,15.198974479691765,0.02417039729632047,17.58387042773912,1.48,bo459379,bo,G,g
601295471956,2460093.4177022,2.828199988553388,0.06867769092426074,15.271290331840756,0.026394761456134674,17.560601399140708,1.57,bp455789,bp,G,g
601295471956,2460094.7143122,3.5509358340100152,0.08134622050770007,15.024208560781329,0.02490042316529919,17.376797162352837,1.51,bk643673,bk,G,g
601295471956,2460095.8805467,1.993637668150864,0.06193231602218711,15.650950045544416,0.03376628355400385,17.672847308445203,1.53,bl644490,bl,G,g
601295471956,2460096.7480092,3.579483711218525,0.07566585865277428,15.015514646132344,0.022976916553037272,17.455390699460573,1.48,bk644632,bk,G,g
601295471956,2460097.8122546,2.2148765551189618,0.07817833345064436,15.53669180708612,0.038366223709614455,17.419924590896656,1.51,bk645176,bk,G,g
601295471956,2460097.8198121,2.097219765362176,0.17244095913205756,15.595955767049661,0.08937347827788182,16.56103953700876,1.55,bl645432,bl,G,g
601295471956,2460103.8382855,2.225889609412846,0.07530510819264308,15.531306566862835,0.03677333238994535,17.46057951939219,1.44,bk647914,bk,G,g
601295471956,2460104.8535209,3.67782569132057,0.08182970150950743,14.986087766723324,0.02418421512950727,17.370363193938523,1.53,bk648423,bk,G,g
601295471956,2460107.5771058,3.4948531321675915,0.06670881271435525,15.041493298136201,0.02074753252717389,17.592182583607478,1.41,bG480457,bG,G,g
601295471956,2460107.9160288,2.178595250077545,0.04899909269631469,15.554624241234684,0.02444689226402367,17.927170515484782,1.48,bk648947,bk,G,g
601295471956,2460108.6929068,2.098240909238818,0.0615833928959006,15.595427246829823,0.031902185418406385,17.678981580465315,1.57,bl649518,bl,G,g
601295471956,2460108.8545319,4.086086874287524,0.06683360491529092,14.871796632459777,0.017778677979449164,17.590153393894255,1.47,bk649397,bk,G,g
601295471956,2460109.8334566,2.0555086692058806,0.09376059182726755,15.617767340337409,0.04958076231716508,17.22258976144802,1.46,bl650126,bl,G,g
601295471956,2460110.5784291,2.1871714915986606,0.04443572278478014,15.550358531017485,0.022083178600597678,18.033309989616104,2.03,bk650139,bk,G,g
601295471956,2460111.5056266,2.0196550763850434,0.035611889042239185,15.636872608583332,0.019165933578715915,18.27365308255977,1.55,bo461174,bo,G,g
601295471956,2460112.5624853,2.060769544794477,0.06934603363763554,15.614992053581574,0.03657668743677324,17.55008654664098,1.44,bG482640,bG,G,g
601295471956,2460112.8112101,2.044166403766568,0.07863970162166745,15.623775006521775,0.04181554710408585,17.41353596892386,1.48,bl651558,bl,G,g
601295471956,2460112.9277579,4.235142281786368,0.06656006442593597,14.832895609135656,0.017082754557334896,17.594606277310977,1.48,bk651382,bk,G,g
601295471956,2460113.7129798,3.204615011530162,0.05706546692976538,15.135625965422744,0.019355735781746757,17.761707173524297,1.44,bG483224,bG,G,g
601295471956,2460113.7846677,2.842557677255681,0.05560825222703981,15.265792408399296,0.021263861382418897,17.78979249801178,1.63,bl652030,bl,G,g
601295471956,2460114.6721233,2.3029758249663153,0.0519680205721854,15.494342174613116,0.024527821035045572,17.8633001735773,1.62,bk652189,bk,G,g
601295471956,2460114.8541351,1.7622884171559563,0.11833424055957407,15.784873155325895,0.07298701692022379,16.969864541621074,1.48,bl652550,bl,G,g
601295471956,2460117.6058364,2.0575112538899774,0.04197655286106967,15.616710073945763,0.022175668690124623,18.095123683453934,1.49,bo461908,bo,G,g
601295471956,2460118.2972089,2.324429435558408,0.033899597194691065,15.484274705989591,0.015852229235879978,18.327154266905147,1.51,bo462095,bo,G,g
601295471956,2460118.9097344,2.073003003268758,0.0866067101503526,15.608565794083148,0.04541128414954431,17.3087617570231,1.48,bG484338,bG,B,g
601295471956,2460119.4431525,1.934431287958156,0.053964648120059924,15.683682352389258,0.030322724090846728,17.82236723753987,1.48,bo462471,bo,G,g
601295471956,2460119.6010845,2.203954725593885,0.09152644032349481,15.54205895017531,0.04513943052726838,17.248774181526464,1.47,bl653358,bl,B,g
601295471956,2460119.8399979,2.923080018465838,0.057210855691026206,15.235463861768812,0.02127403708239058,17.758944502772998,1.56,bG484646,bG,G,g
601295471956,2460120.5766387,2.6186043033985174,0.024011726955885736,15.354890929134285,0.009967028305516094,18.701582120874768,1.98,bk653586,bk,G,g
601295471956,2460121.5351208,2.2637645803450335,0.07626069223476666,15.512987470997375,0.036616906853576714,17.446888753591402,1.47,bk654053,bk,G,g
601295471956,2460122.5390873,3.0237480580490215,0.08527774017591301,15.198701616152857,0.03065506585333405,17.325551403405463,1.50,bG485750,bG,G,g
601295471956,2460123.9258297,2.8850618302877997,0.08150296783771276,15.249677809692315,0.030706510863047657,17.374707053025546,1.59,bl655206,bl,G,g
601295471956,2460126.4854188,3.777570395932667,0.14867826339246548,14.9570342066108,0.04278062116573436,16.72202191203944,1.43,bo463194,bo,G,g
601295471956,2460126.691999,2.953509364503184,0.16843512264825425,15.224219741817953,0.06198783631865911,16.586558968624356,1.53,bl656513,bl,G,g
601295471956,2460126.7332563,2.444664146191956,0.14494581686148114,15.429517614424915,0.06444639897951106,16.749626396126175,1.47,bG487539,bG,G,g
601295471956,2460127.5462919,2.1182412422137675,0.22992368776601854,15.585127073509863,0.11798328110088056,16.248681320109768,1.97,bo463691,bo,G,g
601295471956,2460127.7560448,2.097984109507137,0.18863205807520175,15.59556013616019,0.09772945600721551,16.463601853561727,1.59,bl657060,bl,G,g
601295471956,2460130.509245,1.7744416388127426,0.2013408472667967,15.777411322228446,0.12333386584388083,16.39281088183402,1.51,bG489297,bG,G,g
601295471956,2460131.2580031,3.385365972573489,0.09512807655867933,15.07605156064672,0.030543251173920514,17.206868822387165,1.45,bo465121,bo,G,g
601295471956,2460131.2845709,3.6462338888064902,0.1480671946884657,14.995454314364611,0.04413940735297321,16.726493490863994,1.47,bp461520,bp,G,g
601295471956,2460131.7330122,1.9535637612535128,0.1842507952190932,15.672996646077104,0.10251654308457715,16.489117184110135,1.50,bG489942,bG,B,g
601295471956,2460132.25589,2.2756156015621687,0.053893282893425765,15.50731836573782,0.025742333317950172,17.823804013137114,1.47,bo465579,bo,G,g
601295471956,2460132.7338333,2.709621536923384,0.30033705572420316,15.31779403338399,0.12047930568562716,15.958618314047325,1.51,bl659492,bl,G,g
601295471956,2460132.812107,2.2911623176902,0.06727531495052637,15.499925977462334,0.03191626440995628,17.583001262448374,1.47,bG490477,bG,B,g
601295471956,2460133.8185106,2.2515946055666793,0.11229548879770979,15.518840123545864,0.05421060860990741,17.026734836763914,1.55,bl660028,bl,G,g
601295471956,2460133.8300352,2.2876439254721133,0.054810673951216464,15.50159455497477,0.026042872690467605,17.805477755983684,1.52,bk659788,bk,B,g
601295471956,2460134.5850331,2.7847561172524307,0.05248087294646195,15.28809770570656,0.020484532473889375,17.852637985658543,1.54,bG491248,bG,G,g
601295471956,2460134.5853925,2.9535477978280142,0.11657114982204016,15.224205613479224,0.0429001933332091,16.986162910843976,1.44,bl660334,bl,B,g
601295471956,2460134.6523775,3.2270531458533585,0.07401319819348649,15.128050327798817,0.024929595155429984,17.479367684023217,1.49,bk660138,bk,B,g
601295471956,2460136.600634,2.420150736105691,0.04614097261262032,15.440459581483823,0.020723184863012598,17.992423749338727,1.52,bo466121,bo,G,g
601295471956,2460136.6287651,2.7974027412985794,0.07476112164486658,15.283178131959193,0.029049120294597837,17.468451090198137,1.51,bp462520,bp,G,g
601295471956,2460137.2594929,2.1067400923386046,0.03657607779714231,15.591038221830589,0.018871149054323775,18.24464778029605,1.45,bo466310,bo,G,g
601295471956,2460137.2861707,2.6937188025148666,0.047051214218406405,15.324184977974136,0.01898588082122558,17.971213522823078,1.51,bp462709,bp,G,g
601295471956,2460138.5912965,1.9372045856528834,0.04397143189542607,15.68212690124301,0.02467216680309134,18.04471409066351,1.48,bo466974,bo,G,g
601295471956,2460138.6220431,2.1732639891076833,0.06531435925683927,15.557284412728977,0.03266693283156237,17.61511893465358,1.51,bp463376,bp,G,g
601295471956,2460139.2602711,2.2609818623375673,0.024888611990111716,15.514322926191394,0.011965084537085785,18.662638918518923,1.52,bp463545,bp,G,g
601295471956,2460139.2821807,2.207194388032248,0.028427188471645687,15.540464164171786,0.01399927349919995,18.518305839249997,1.53,bo467184,bo,G,g
601295471956,2460139.6946048,2.313678587016792,0.04629582279791065,15.489308054217673,0.021749583888551964,17.988786093814046,1.40,bG492787,bG,G,g
601295471956,2460139.7287036,2.3670374953242517,0.03611500457808958,15.46455277859657,0.01658420698292131,18.25842142581892,1.46,bk661694,bk,G,g
601295471956,2460139.8830274,2.1016329457960436,0.08273923240806327,15.593673452394112,0.04279241456008359,17.358361892634967,1.47,bl662062,bl,G,g
601295471956,2460140.5101339,1.8807939385985768,0.08197605889610905,15.71421258108274,0.0473759565122751,17.36842302339313,1.65,bo467543,bo,B,g
601295471956,2460140.6854152,2.763900118783936,0.031895199742389704,15.296259760914639,0.012543396607043924,18.39332729582592,1.68,bk662162,bk,G,g
601295471956,2460140.689231,2.6633367272918145,0.06128018815911917,15.336500427213961,0.025009567693937883,17.684340386152776,1.47,bl662414,bl,G,g
601295471956,2460141.4563692,2.9778233380526373,0.07853830499944835,15.215318299071502,0.028667826507570455,17.414936801030358,1.55,bp464043,bp,G,g
601295471956,2460141.4874936,2.790387163081512,0.040918686511813594,15.285904458968716,0.015939305395849663,18.12283640037089,1.51,bo467680,bo,G,g
601295471956,2460141.6006698,2.7421225302455623,0.0575338099016618,15.304848479536012,0.022805964796733705,17.752832776305322,1.50,bl662895,bl,G,g
601295471956,2460141.7164712,2.30822085442169,0.03876278688255495,15.491872221051546,0.018253653640666632,18.18160312778861,1.47,bG493616,bG,G,g
601295471956,2460142.5018108,2.1775051297613777,0.04588670342724815,15.555167655305212,0.022905503582819318,17.99842346539584,1.44,bp464479,bp,G,g
601295471956,2460142.7110539,2.720259527353591,0.037351553739656686,15.31353977219603,0.014924868206934191,18.221868930968302,1.52,bG494086,bG,G,g
601295471956,2460143.3308544,2.0621068310559454,0.03462806622774617,15.614287719990772,0.0182527897461982,18.304070012807365,1.46,bo468421,bo,G,g
601295471956,2460143.6203801,2.509340752946637,0.05937261471104459,15.401166522726182,0.025718089779992088,17.71867517332892,2.02,bp465007,bp,G,g
601295471956,2460145.8150298,2.9628860486073076,0.14926099715414104,15.22077824975211,0.05475749375317344,16.717774764829553,1.47,bl664323,bl,G,g
601295471956,2460147.3922687,1.9811891351672495,0.03758413337346907,15.657750778162566,0.020620100402860733,18.21512925993831,1.50,bo469041,bo,G,g
601295471956,2460148.4316003,2.5938094737787694,0.046338863777470686,15.365220441876446,0.019418669991795597,17.987777159582453,1.58,bp465820,bp,G,g
601295471956,2460148.4356343,2.346265205805391,0.02683608781035082,15.474122871686639,0.012432380018784737,18.580842600789847,1.55,bo469446,bo,G,g
601295471956,2460149.2258535,2.054772009954517,0.046756581825295275,15.61815651941824,0.024733825116860026,17.978033725869604,1.55,bo469729,bo,G,g
601295471956,2460149.8178605,2.3385773497838276,0.10322124625204089,15.477686274730855,0.04797660714796021,17.118217865783553,1.54,bl665810,bl,G,g
601295471956,2460150.2642108,2.876676177036435,0.04543554632204523,15.252838180313974,0.017167891119536986,18.00915122537988,1.52,bp466220,bp,G,g
601295471956,2460150.4602128,2.4632149652772433,0.09164663644130051,15.421309836127538,0.040441419275038595,17.247349285490337,1.51,bk665750,bk,G,g
601295471956,2460151.2227032,1.9219286122376897,0.0619573336865238,15.690722491587529,0.035040285831285524,17.67240881201936,1.49,bo470242,bo,B,g
601295471956,2460151.3951523,2.0835340007916034,0.09139514296550731,15.603064142233606,0.04767982987745573,17.25033282011984,1.49,bp466711,bp,G,g
601295471956,2460151.8203034,2.5751885764008686,0.047506604688316675,15.373043029429855,0.02005197377188518,17.960755630522616,1.44,bG496989,bG,G,g
601295471956,2460153.6215922,3.056209363534896,0.06252664533222606,15.187107867358298,0.022237921831285777,17.662477789891845,2.02,bk666929,bk,G,g
601295471956,2460154.5213,2.857017953474859,0.08139790022045608,15.26028319854749,0.030967946278701707,17.376107607033408,1.43,bk667328,bk,G,g
601295471956,2460154.5852761,2.3567462606358642,0.08613500324307785,15.469283555595617,0.039726382550756244,17.314691425430322,1.52,bl667628,bl,G,g
601295471956,2460159.5194163,4.465689220338371,0.24098101532652247,14.775344382199442,0.05865519817893501,16.19768353678608,1.53,bo471605,bo,G,g
601295471956,2460159.6710542,2.53243022726157,0.12483198833297232,15.391221900659202,0.0535797363258105,16.91182589133784,1.46,bk669873,bk,G,g
601295471956,2460162.3855726,2.4076201934823116,0.08437248277806922,15.446095679194585,0.03809123243741334,17.337138538900835,1.49,bo472755,bo,G,g
601295471956,2460163.4745251,1.9848504650361432,0.05014379062307672,15.655746138811358,0.02746006371894731,17.902097707986034,1.50,bo473193,bo,G,g
601295471956,2460167.4370739,2.397304769165609,0.02749599582192789,15.45075749886571,0.0124668971441452,18.55446697859906,1.45,bo474606,bo,G,g
601295471956,2460169.2121515,2.6449549793951572,0.1043751185438014,15.344019911852005,0.042893439280551976,17.106148157089933,1.54,bp471541,bp,B,g
601295471956,2460180.222711,2.8299082164578566,0.05042574242470677,15.270634747015933,0.019368327662823627,17.896009858678376,1.49,bo477111,bo,G,g
601295471956,2460189.3295655,2.1886049231985516,0.06540854914078059,15.549647192734543,0.032484734139299,17.61355432159428,1.43,bp475509,bp,G,g
601295471956,2460191.4552571,1.8067365721505506,0.11277602974142129,15.757828533078728,0.06784754507812636,17.022098608274177,1.54,bp475966,bp,G,g
601295471956,2460199.245645,2.6406055216412674,0.03359562763237955,15.345806804583423,0.013829019994715898,18.336933714001262,1.99,bo481346,bo,G,g
601295471956,2460200.3623235,3.029555100135028,0.04220520997635144,15.196618483157632,0.015142562758842027,18.08922544823714,1.66,bo481717,bo,G,g
601295471956,2460201.4493513,1.9707156095307536,0.03859869620869395,15.663505730942791,0.021289273993550625,18.186209023268802,1.55,bo482081,bo,G,g
601295471956,2460202.4433997,3.3108059417202607,0.08026197706432761,15.100231307452756,0.026350466005391343,17.391365978069967,1.63,bp478619,bp,G,g
601295471956,2460208.2348262,1.9169575551018705,0.051489014291084836,15.693534379978987,0.029195388146525655,17.87335416707706,1.51,bo483152,bo,G,g
601295471956,2460208.2386167,2.0905815178935483,0.04742450147555757,15.599397855707613,0.024657431785307278,17.962633675695542,1.51,bp479532,bp,G,g
601295471956,2460209.3934604,2.5321355603267097,0.050845557483792846,15.391348241424947,0.021826205189954227,17.88700807790977,1.54,bo483404,bo,G,g
601295471956,2460216.262785,2.3586659381107826,0.09154440710686737,15.468399533854454,0.04218689417851673,17.24856107072781,1.44,bo484638,bo,G,g
601295471956,2460217.5299738,2.604464170341594,0.08997980715573355,15.360769654249351,0.037552499023216036,17.267277966310147,2.06,bk670680,bk,B,g
601295471956,2460217.64276,2.4378752351074624,0.1628972906376641,15.432536933156374,0.07262975146652188,16.6228559588492,1.47,bl671019,bl,G,g
601295471956,2460218.5491883,2.1112199091096384,0.06985826581321462,15.588731940554247,0.035966361104979555,17.542096110560703,2.14,bk671132,bk,G,g
601295471956,2460218.6465024,3.417075243340742,0.13547592912721895,15.065929267319342,0.043094293867386994,16.822985265959836,1.50,bl671459,bl,G,g
601295471956,2460219.5372649,2.729420318277654,0.044039339150357584,15.309889571809766,0.017538100153357567,18.043038628012745,1.56,bl671811,bl,G,g
601295471956,2460219.6160085,2.429285086308479,0.05747763224789645,15.436369412311938,0.025717725588523626,17.753893438032577,1.51,bk671625,bk,G,g
601295471956,2460220.5649973,2.199669896577741,0.04752266247449236,15.54417184392143,0.023483099890316345,17.96038870103856,1.97,bk672019,bk,G,g
601295471956,2460221.6346612,2.2188361240750343,0.05362772478493346,15.534752552639649,0.026270982596929903,17.829167181607197,1.47,bG502613,bG,G,g
601295471956,2460222.5355331,2.0865954639947875,0.043802493452120804,15.601469974923234,0.02281774629906758,18.048893528008726,1.67,bl672924,bl,G,g
601295471956,2460222.5960729,2.1454607290152,0.042849717695170805,15.57126419848278,0.021708987479265366,18.072770698876603,1.54,bk672723,bk,G,g
601295471956,2460223.6227104,2.754093626265302,0.0549675738723093,15.300118871914224,0.021694020252210754,17.802374189580927,1.47,bl673425,bl,G,g
601295471956,2460224.5121005,1.875521323438807,0.06123698130584007,15.717260606891603,0.03548983174446526,17.685106176728063,1.51,bG503552,bG,G,g
601295471956,2460225.5144023,3.3243550040251115,0.054620757525690414,15.09579713379754,0.017859220372973262,17.809246313943795,1.57,bl674164,bl,G,g
601295471956,2460225.5575616,3.0418461264384287,0.06705978568656377,15.192222519200252,0.023962774042020334,17.586485208561488,1.50,bG504002,bG,G,g
601295471956,2460226.6106582,1.9309850830687414,0.05698418986156022,15.685618325153728,0.03207654857054052,17.763254665607807,1.48,bG504474,bG,G,g
601295471956,2460227.605718,2.7484492164252154,0.05798211516782957,15.302346330179446,0.022930763227953777,17.744405475885024,1.42,bG504887,bG,G,g
601295471956,2460228.274901,2.794369175210678,0.057087663854668125,15.284356167438274,0.02220601668818667,17.761284933588534,1.55,bp483711,bp,G,g
601295471956,2460229.5101267,3.7144526310604724,0.06283436416589669,14.975328561444872,0.01838715652162021,17.65714754963661,1.46,bl675840,bl,G,g
601295471956,2460231.6284666,3.091177781179498,0.05868883785949672,15.17475566448894,0.020636863868867872,17.731251836900235,1.53,bl676765,bl,G,g
601295471956,2460233.3326981,2.034982854929601,0.0368473328840193,15.628663735849443,0.019681467433475278,18.236625466821064,1.46,bo488322,bo,G,g
601295471956,2460234.2894456,3.308135061525109,0.06047071146324751,15.101107541727217,0.01986890890992819,17.69877791571099,1.45,bp484994,bp,G,g
601295471956,2460235.3131836,1.8636543338573197,0.04612349897591736,15.724152213315005,0.026901039053489905,17.992834996699653,1.47,bo488946,bo,G,g
601295471956,2460235.6008004,3.7125024684209187,0.07920503001721399,14.975898744569243,0.023189863081322884,17.405758704206033,1.53,bl678066,bl,G,g
601295471956,2460236.5017821,2.3480964248927165,0.05404172880444636,15.47327580402581,0.025016438399770673,17.82081752711874,2.10,bG507541,bG,G,g
601295471956,2460236.5759612,2.3426623687518378,0.07230930746810864,15.475791368943854,0.03355032051706919,17.504655106038523,1.51,bl678461,bl,G,g
601295471956,2460237.3485383,1.9294287511008503,0.07194642849380949,15.686493757751522,0.040531499088818444,17.51011751165808,1.59,bp486068,bp,G,g
601295471956,2460240.2929266,2.4126067379541922,0.24040485817902854,15.443849281305795,0.10831007985870394,16.200282511985797,1.53,bo490237,bo,G,g
601295471956,2460241.5342066,2.0960306622522684,0.0841116205431024,15.596571543452482,0.04361848142294428,17.34050061038049,1.56,bk680216,bk,G,g
601295471956,2460243.325322,2.087859590291916,0.11074285360068761,15.600812400359711,0.057653621688438884,17.041851336098908,1.47,bp487504,bp,G,g
601295471956,2460243.5056188,1.9951069613279364,0.08174227777678444,15.65015016236407,0.04453410451344873,17.371523773167617,1.61,bG509779,bG,G,g
601295471956,2460244.5247147,2.5513931054945402,0.11089330797297857,15.383122178232956,0.04724328997318163,17.040377264511555,1.54,bl681541,bl,G,g
601295471956,2460246.3211308,2.1030507105658627,0.18852284556982854,15.592941260046452,0.0974375631835372,16.46423064546269,1.59,bp488317,bp,G,g
601295471956,2460248.2729767,2.161731266069139,0.043978749528326096,15.563061362296944,0.022113289180791668,18.044533419768637,2.22,bo492166,bo,G,g
601295471956,2460248.3398158,1.8720350906946082,0.146761643398277,15.719280659310932,0.08521396111956397,16.736109195875922,1.47,bp488597,bp,G,g
601295471956,2460249.5173521,1.3648865925603897,0.14069273554424358,16.06232420312846,0.11204365790879292,16.781961426748303,1.41,bG511611,bG,B,g
601295471956,2460253.2854702,3.3424494345006774,0.06417606015919868,15.089903507640475,0.02086990050157171,17.63420798206919,1.48,bo493487,bo,B,g
601295471956,2460255.2950201,3.4588810559307506,0.07265398375426452,15.052726552922177,0.022831580558868376,17.49949203027138,1.50,bp490435,bp,G,g
601295471956,2460255.5017117,2.2202470363575775,0.11592536111587623,15.534062374716363,0.05675306631940566,16.99219446787058,1.96,bk684935,bk,G,g
601295471956,2460256.2512821,1.9956727104670844,0.1748256836833834,15.649842325611449,0.0952199807365608,16.546127523210682,2.04,bp490521,bp,G,g
601295471956,2460257.5292716,2.370775629199767,0.06340052083708485,15.462839486821483,0.029067959344928878,17.647408547347364,1.59,bl686008,bl,G,g
601295471956,2460258.2714061,1.9121513299241333,0.049266981008849006,15.69625997258072,0.02800566329448988,17.921250735659967,1.51,bo494698,bo,G,g
601295471956,2460260.5094842,2.128859579853329,0.07370367564374723,15.57969808177479,0.03763174033424789,17.483917744169325,1.59,bk686475,bk,G,g
601295471956,2460260.535613,1.8230771641699928,0.055310548548739506,15.74805299444073,0.03297729939664545,17.79562069730194,2.13,bl686745,bl,G,g
601295471956,2460261.5171022,2.8857902366999766,0.06863406481554592,15.249403722882084,0.025851582494102084,17.56129131016898,2.03,bk686882,bk,B,g
601295471956,2460262.2870358,2.036857985466889,0.054335022494717174,15.627663747226755,0.028995544844496113,17.81494098345545,1.54,bp492359,bp,G,g
601295471956,2460263.5194027,2.792977242251127,0.07884427669800496,15.28489712979397,0.030684210190566028,17.410715177954806,1.55,bG514755,bG,G,g
601295471956,2460268.5141142,2.1323033302924634,0.12055605420774725,15.57794315926899,0.06145429099821077,16.949668048673534,1.61,bl689565,bl,G,g
601295471956,2460270.5193871,1.7571702808524146,0.10549588450465405,15.788030998778408,0.06525801223051923,17.094551817139457,1.53,bl690338,bl,G,g
601295471956,2460367.610758,1.9581922151641948,0.16585392761295087,15.670427323062931,0.09206246806564411,16.603326210009122,1.51,bo521913,bo,G,g
601295471956,2460371.8861834,3.0439122658557434,0.08290903352595892,15.19148529556729,0.0296061472313145,17.356135979977914,1.59,bl725014,bl,G,g
601295471956,2460380.8824122,2.2533220804988607,0.04053972194835129,15.518007441257016,0.01955553338007317,18.132938697312834,1.44,bk728530,bk,G,g
601295471956,2460385.8400234,2.1011143675434867,0.04682951260487108,15.593941391027908,0.024226022591640733,17.976341517121327,1.50,bk730535,bk,G,g
601295471956,2460386.8410105,2.9194289921201193,0.04088714003007284,15.23682083083703,0.015223026020123924,18.12367377737701,1.42,bk730970,bk,G,g
601295471956,2460387.9067633,2.4108062749587957,0.053195274989229574,15.444659839284133,0.023984071916453666,17.837957965725106,1.48,bk731450,bk,G,g
601295471956,2460388.8357946,2.7824717298056423,0.05860260573526486,15.288988720899043,0.022892769695562185,17.732848293611667,1.42,bG543881,bG,G,g
601295471956,2460389.9087884,1.843080497682648,0.0876415904715531,15.736204862997534,0.051686618386131665,17.295864985696106,1.56,bl732590,bl,G,g
601295471956,2460396.8139403,4.288744453811288,0.17959598541024738,14.819240198690855,0.04551752377000539,16.51689905029191,1.94,bG547106,bG,G,g
601295471956,2460404.8453636,1.4744508608523383,0.061387989219959686,15.978489863881416,0.04525486539477766,17.682432090989394,1.58,bG550504,bG,G,g
601295471956,2460405.8532084,2.506682201387556,0.0389406827982518,15.402317428922771,0.0168855984636205,18.176631705673138,1.44,bk739203,bk,G,g
601295471956,2460407.8600138,2.7498894396485376,0.030529153375934117,15.301777539266384,0.012067344194531324,18.44085370954406,1.49,bk740085,bk,G,g
601295471956,2460416.8435938,1.7959027199599347,0.05297535889559329,15.764358601766968,0.03206293481437613,17.842455842352834,1.39,bG553643,bG,G,g
601295471956,2460416.8508417,2.275683858365329,0.05233381673994818,15.507285799705603,0.024996698554538472,17.855684588244255,1.60,bl743135,bl,G,g
601295471956,2460417.9092773,3.12352665852801,0.05286458524557037,15.163452580047432,0.01839635514069413,17.844728538304334,1.45,bG554136,bG,G,g
601295471956,2460418.8178281,2.21485108064386,0.06296260904297217,15.536704294788386,0.030899422143124335,17.654933821423583,1.50,bG554549,bG,G,g
601295471956,2460419.8414082,4.324428630939124,0.07329137481481596,14.810243787186257,0.018421980021182758,17.490008440553407,1.53,bG555032,bG,G,g
601295471956,2460420.8955879,2.0199434268845686,0.05589124239943869,15.636717606754672,0.030075768274298392,17.78428120243984,1.54,bl745032,bl,G,g
601295471956,2460423.8500324,2.899423500257929,0.10616667363446254,15.24428648576421,0.03980051837479524,17.08767008530526,2.02,bG556611,bG,B,g
601295471956,2460425.735178,0.7970603035805255,0.16133799244167177,16.633298989856154,99.999,16.633298989856154,1.47,bG557194,bG,G,g
601295471956,2460427.7549326,0.984111447417237,0.2559333971408365,16.132323208099773,99.999,16.132323208099773,2.16,bk747413,bk,B,g
601295471956,2460427.7775133,1.9285692599226794,0.16715014862383087,15.686977521974617,0.09420711401550705,16.59487369372315,1.42,bl747681,bl,B,g
601295471956,2460432.4694769,3.0873537749918296,0.07890233599843251,15.176099628651802,0.0277789378686203,17.40991595841829,1.67,bp529834,bp,G,g
601295471956,2460433.6998224,2.4757885806001134,0.12359753249979089,15.415781733648528,0.05426357689595108,16.92261610997325,1.55,bl749207,bl,B,g
601295471956,2460434.7283819,4.078435800729276,0.07222482836600096,14.873831546276495,0.019248862078416522,17.505924315275767,1.53,bG559983,bG,G,g
601295471956,2460435.5382829,2.747832530689937,0.05455923019318135,15.302589970539735,0.021581923358573375,17.810470026474906,1.50,bp530396,bp,G,g
601295471956,2460436.6770534,2.2406344381906416,0.03852479629133245,15.524138105472627,0.01868880432425649,18.188289734029254,1.50,bk750338,bk,G,g
601295471956,2460436.7753186,4.23113683746107,0.07514796911697894,14.833922945036901,0.019305113085438606,17.4628474908916,1.43,bl750682,bl,G,g
601295471956,2460437.6661119,2.7165009236190607,0.04851933904300879,15.315040979704014,0.019414096842275186,17.93785342134791,1.99,bk750797,bk,G,g
601295471956,2460439.4362195,3.59170565545631,0.05963411303314026,15.011813776019679,0.01804704903394018,17.713903701024556,1.45,bo539894,bo,G,g
601295471956,2460440.4198833,2.1703069797429615,0.0739857201212757,15.558762704505074,0.037054325379772324,17.47977084829656,1.54,bo540274,bo,G,g
601295471956,2460440.7558745,2.6915177578642773,0.02312391065449085,15.325072498502422,0.00933848027588575,18.742487404713092,1.58,bk751767,bk,G,g
601295471956,2460442.444286,2.0433820859113907,0.05107852056131634,15.62419166814867,0.02717070460180037,17.882044836780565,1.52,bp532043,bp,G,g
601295471956,2460443.4065025,1.9676116420311403,0.047425218136890046,15.665217163424277,0.026198843840738815,17.962617268579983,1.54,bo541129,bo,G,g
601295471956,2460445.4475534,1.5347553597543138,0.07014600983787976,15.934967725479039,0.049679359242938974,17.5376331819292,1.57,bp533240,bp,G,g
601295471956,2460446.4523567,2.215541054529097,0.04337681348638133,15.536366117213698,0.021280901211422277,18.05949649882298,1.57,bp533648,bp,G,g
601295471956,2460446.6895155,2.2316036136179305,0.0736044945081835,15.528522982311003,0.03585084951770452,17.485379775309507,2.28,bl754106,bl,B,g
601295471956,2460447.3892087,1.7072547652667067,0.12191763711294361,15.819319788309496,0.07762120421098172,16.937474268914702,1.51,bo542478,bo,G,g
601295471956,2460447.424285,1.9472441373004226,0.11027791405481512,15.676514609897813,0.061557405971624894,17.04641925474239,1.60,bp533786,bp,B,g
601295471956,2460447.6523746,2.9305015205910117,0.15735900854062174,15.2327107446166,0.058366255531966824,16.660411584954108,1.50,bG564648,bG,B,g
601295471956,2460448.6886197,2.341168541624185,0.059627162566127684,15.47648392265989,0.027683668250167253,17.714030252977754,1.58,bk754576,bk,G,g
601295471956,2460449.6577813,3.931808336056739,0.08231235636974261,14.913584774497526,0.02275542064330067,17.36397802522219,1.49,bk755021,bk,G,g
601295471956,2460452.4264916,2.757006300895561,0.1870849281247222,15.298971225660301,0.07375869350686932,16.472543607896885,1.59,bo543639,bo,G,g
601295471956,2460454.7032274,1.9423512686658804,0.13430658496390407,15.679246188311142,0.0751591232719185,16.83239734553029,1.58,bG566379,bG,B,g
601295471956,2460472.4452967,2.1411750665560274,0.05564671341685951,15.573435178554579,0.028248768167794796,17.789041813173814,1.55,bp536838,bp,,g
601295471956,2460474.3318867,2.078195052388344,0.046848127693506186,15.605849855903408,0.024502934827605655,17.975910014451372,1.49,bo545838,bo,,g
601295471956,2460474.4815571,2.137747448007121,0.040126670131909487,15.575174630642334,0.020402758911588936,18.14405780700784,1.46,bp537258,bp,,g
601295471956,2460475.3280534,3.9580395198842973,0.07508030831861558,14.90636530678896,0.020618548746448473,17.463825492964805,1.54,bo546864,bo,,g
601295471956,2460475.3580059,4.108482784376464,0.08549524268317633,14.865861943518876,0.022618960937486787,17.322785737894463,1.52,bp538188,bp,,g
601295471956,2460476.3307253,2.0220040291683476,0.07130400528809493,15.635610580638549,0.03833046445802279,17.519855797132916,1.48,bo547281,bo,,g
601295471956,2460477.3245059,3.0936573332693174,0.0772941935386422,15.173885103004302,0.02715731534190563,17.43227343579392,1.48,bo546195,bo,,g
601295471956,2460477.3506565,3.791374025321492,0.10124029208786087,14.95307404625927,0.02902477967426166,17.139257137770024,1.66,bp537516,bp,,g
601295471956,2460477.6635427,2.1140335559184997,0.05872469033292288,15.587285930896073,0.030194026469342484,17.730588773107876,1.49,bG572984,bG,,g
601295471956,2460478.3303509,2.1960516801901995,0.07835798732374946,15.545959231656163,0.038784025949937975,17.417432430623162,1.46,bo546464,bo,,g
601295471956,2460478.8239111,2.9406987115701213,0.04675603226942038,15.228939294103066,0.017282210518858813,17.978046487200594,1.54,bG573546,bG,,g
601295471956,2460479.5909868,2.186321735882192,0.05616494442859459,15.550780441152103,0.027923087273860545,17.778977277654345,1.46,bG573802,bG,,g
601295471956,2460480.80495,3.5932477299483025,0.14119133453277158,15.011347722576518,0.04271034268089703,16.778120503506905,1.50,bG574522,bG,,g
601295471956,2460486.4425009,2.5383276508127555,0.10203397839351222,15.38869642052181,0.04369274321946031,17.130778560187466,1.54,bo548956,bo,,g
601295471956,2460486.8437586,3.9745713317428564,0.1312172376176088,14.901839883069975,0.035884984892323134,16.85766338454302,1.48,bG575854,bG,,g
601295471956,2460487.4765145,2.6658627242267863,0.06889178069159388,15.335471166982384,0.028089357203743094,17.557222085454598,1.53,bo549402,bo,,g
601295471956,2460487.8097478,2.651879088716491,0.05581185550133086,15.341181325495942,0.02287625427028629,17.78582445854626,1.50,bk761472,bk,,g
601295471956,2460488.806248,2.115462019872208,0.11219254903839616,15.586552540796516,0.057646236010036545,17.027730572951075,1.55,bG576657,bG,,g
601295471956,2460489.4412461,1.8931310054734922,0.07941714633201227,15.707113951364269,0.04559799870897012,17.402854917293332,1.56,bp541475,bp,,g
601295471956,2460489.5927386,3.8376989219409268,0.08827636236327527,14.939888371940613,0.025002630414175504,17.288029539629843,1.52,bo550286,bo,,g
601295471956,2460490.7858712,2.049061525557102,0.05800912029820676,15.621178125243631,0.030771839128326105,17.743899912715932,1.53,bl762757,bl,,g
601295471956,2460491.5248151,2.0894346646362987,0.047439372386547524,15.599993633369618,0.024678701887883497,17.962293274530495,1.46,bG577486,bG,,g
601295471956,2460491.8240717,2.483424530373081,0.05809935276919938,15.412438205757065,0.025429188456883176,17.74221237557526,1.42,bl763183,bl,,g
601295471956,2460492.5196076,2.4353218986490104,0.04820623060057501,15.433674687289223,0.02151587302229868,17.94488267660373,1.48,bG577881,bG,,g
601295471956,2460492.817042,2.1010385900240616,0.04860264911923648,15.593980549239037,0.02514421519185313,17.93599075791035,1.43,bl763596,bl,,g
601295471956,2460493.2934431,2.0973353429312853,0.03919928377409159,15.595895933885938,0.020315262072588686,18.169445281633482,1.52,bo550751,bo,,g
601295471956,2460493.8211772,2.6098076305881635,0.05494423483907191,15.358544380807245,0.02288367682365777,17.8028352871472,1.53,bl764004,bl,,g
601295471956,2460494.5763205,2.151233646922682,0.039848299468216386,15.568346667375188,0.02013420022932007,18.151616130068454,1.47,bG578738,bG,,g
601295471956,2460494.7186196,2.331761820033882,0.0466751613382021,15.480855154929074,0.02175774154285093,17.979926041907618,1.54,bk764109,bk,,g
601295471956,2460494.8814191,2.0541703273129466,0.05816943485833281,15.618474493523875,0.030780138211738375,17.74090350030022,1.60,bl764486,bl,,g
601295471956,2460495.7871796,3.0165298069411595,0.06450619004794611,15.201296569719123,0.02324373649609572,17.628637132037113,1.48,bk764581,bk,,g
601295471956,2460496.556221,2.5999984649023404,0.0593812177845587,15.362632893398109,0.024824938480170262,17.718517861885463,1.48,bl765075,bl,,g
601295471956,2460496.6735486,1.967486611647425,0.04780145780162588,15.665286157896887,0.02640836588087849,17.95403775769705,1.47,bG579666,bG,,g
601295471956,2460498.5228615,2.787131136096656,0.08071263007408903,15.287172114794512,0.031477212718672196,17.385286863165657,1.52,bl765641,bl,,g
601295471956,2460498.5947811,2.656077019555849,0.036509555514336066,15.33946396146554,0.014940944550900278,18.24662424728522,1.52,bk765434,bk,,g
601295471956,2460499.5798486,2.103762544531066,0.054266060280533636,15.592573825664031,0.02803778795489616,17.81631987915059,1.48,bl766123,bl,,g
601295471956,2460499.6428753,2.0012392861361286,0.04192401132250219,15.646818072561485,0.022770679068789358,18.096483537435578,1.47,bG580673,bG,,g
601295471956,2460500.5927916,2.5957035649518554,0.05381177364005442,15.364427888340998,0.022533797423625244,17.825447344790263,1.46,bl766523,bl,,g
601295471956,2460500.6233263,2.3449995329435116,0.03438915198945246,15.47470872090189,0.01594009402001615,18.311586944992865,1.64,bG581066,bG,,g
601295471956,2460501.6373892,2.1533731581097495,0.03901059914686764,15.567267384154777,0.019691350289171582,18.174684060183324,1.65,bk766726,bk,,g
601295471956,2460502.6412542,2.7188081132708724,0.027650165664626258,15.314119229176244,0.01105430271067408,18.5483962671851,1.43,bk767109,bk,,g
601295471956,2460502.6825114,2.531446349572177,0.04359281148982552,15.391643803375693,0.018717951797721618,18.054103412794394,1.59,bl767390,bl,,g
601295471956,2460503.6541883,1.885535088493227,0.044702497124222716,15.711479075446437,0.025769698524161486,18.02681115165598,1.53,bG582332,bG,,g
601295471956,2460504.6531893,2.786785350802638,0.03352002811919875,15.287306824962544,0.013074136894880803,18.33937967574649,1.45,bk767975,bk,,g
601295471956,2460514.5858218,2.9870462488298903,0.08744865512463504,15.211960755045329,0.031821698790995605,17.298257774345156,1.50,bG586649,bG,,g
601295471956,2460515.466258,2.483165286017,0.10673005750528539,15.412551551531099,0.04671897304792145,17.08192375289051,1.57,bp544431,bp,,g
601295471956,2460515.5781191,2.2537697757798623,0.050406229016480314,15.517791746084882,0.024310104765151063,17.896430090748648,1.46,bG587043,bG,,g
601295471956,2460516.4113109,1.9306466428898847,0.09363038735258952,15.685808636805561,0.0527140274688074,17.224098561237085,1.44,bp544804,bp,,g
601295471956,2460516.5587995,2.191348265411773,0.04547025147990159,15.548287111371037,0.02255423620759348,18.008322221089323,1.55,bk772638,bk,,g
601295471956,2460517.5553508,2.738470408693654,0.0251067689146567,15.306295491282437,0.009965404820496722,18.653163548180945,1.47,bk773065,bk,,g
601295471956,2460518.5898419,2.1457073713596175,0.04482748092846839,15.57113938933199,0.02270837272533603,18.023779775297346,1.41,bk773515,bk,,g
601295471956,2460519.5778127,2.2064251941847317,0.03775588003281639,15.540842602594774,0.018599769502194153,18.210179117758067,1.46,bG588737,bG,,g
601295471956,2460520.5443869,2.8182824155172153,0.04188106735853572,15.275104345030247,0.016152710264986624,18.097596258078983,1.49,bG589123,bG,,g
601295471956,2460520.8290631,2.998480178604923,0.07759956617164068,15.207812666562141,0.02813003572150862,17.427992378199715,1.50,bl774783,bl,,g
601295471956,2460522.4399713,2.079276921464191,0.056570474803160756,15.605284789219445,0.029572610502440814,17.771166051831422,1.60,bp545614,bp,,g
601295471956,2460523.4436648,3.556057827304781,0.06208682056236559,15.022643585550309,0.018977665100418064,17.670142060457238,1.53,bp546002,bp,,g
601295471956,2460528.4672628,2.1085347786341835,0.05059041323872579,15.59011370038671,0.026079522218234636,17.892470044242895,1.58,bp547309,bp,,g
601295471956,2460529.5099549,3.4187188702099283,0.07091186430946649,15.065407149419435,0.022545905734308553,17.525843353066108,1.47,bp547736,bp,,g
601295471956,2460530.4969595,1.9246050509759636,0.05520735911668423,15.689211569203197,0.031179383536089244,17.797648179313757,1.48,bp548126,bp,,g
601295471956,2460530.7704861,1.6886651496096852,0.05843905226793035,15.83120677084445,0.03761592936383087,17.735882701010084,1.52,bG591461,bG,,g
601295471956,2460531.7672912,2.543601609381684,0.040217895974557,15.386442894538593,0.01718630156504627,18.1415922453019,1.47,bG591877,bG,,g
601295471956,2460532.7612514,1.9717773035038615,0.04342451776260476,15.662920964076614,0.023938079975646457,18.05830310088111,1.47,bG592290,bG,,g
601295471956,2460533.758861,2.5332801450342513,0.03910429851490663,15.390857574064231,0.016778512389215787,18.172079362537172,1.54,bG592707,bG,,g
601295471956,2460534.7030407,2.00837607547478,0.04581133863423852,15.642953024144228,0.024793629990993507,18.000208155688444,1.46,bG593081,bG,,g
601295471956,2460535.4898885,1.9567357277555488,0.08986606781793269,15.671235185280247,0.04992013336915774,17.26865126367866,1.46,bl778760,bl,,g
601295471956,2460535.6884203,3.2462422890987197,0.08790466938561493,15.121613294669082,0.029433586642894773,17.29261074928261,1.41,bG593488,bG,,g
601295471956,2460536.6882587,2.161742085887317,0.06518699666756084,15.563055928023445,0.03277700500118108,17.617238180346245,1.44,bG593907,bG,,g
601295471956,2460544.2666159,2.114505725303478,0.06437641991084556,15.587043458796803,0.03309254197373598,17.63082355864356,1.60,bp550457,bp,,g
601295471956,2460544.4853337,3.83857617095615,0.05191169597119344,14.939640214856862,0.01469965788808942,17.86447756732737,1.46,bk781174,bk,,g
601295471956,2460544.4966973,3.579012866654221,0.07190006817084119,15.015657473047312,0.02183625790785245,17.510817356061956,1.56,bl781431,bl,,g
