# "asas_sn_id":644245142208,"ra_deg":162.43442,"dec_deg":-28.01033,"name":"SSS_J104944.3-280037"
asas_sn_id,jd,flux,flux_err,mag,mag_err,limit,fwhm,image_id,camera,quality,phot_filter
644245142208,2456776.5914808,2.4641495380607688,0.08980309508407584,15.480613755380155,0.03961287996783426,17.329128131218837,3.06,be000806,be,G,V
644245142208,2456784.557879,2.1061856898336893,0.09464159117679057,15.651039760286176,0.04884246211240001,17.272151310361338,2.58,be002278,be,G,V
644245142208,2456790.5538161,2.093071860123471,0.14883781553128045,15.657821057130192,0.07729320591199743,16.780573175362207,2.76,be004017,be,G,V
644245142208,2456791.5760681,2.8153486262398077,0.16116901962961738,15.335950950884783,0.06222452003135779,16.694152483269818,2.55,be004363,be,B,V
644245142208,2456792.5567342,1.5806576953154203,0.13566669951150206,15.962686829514707,0.09329268712251051,16.881173244556862,1.43,be004721,be,G,V
644245142208,2456793.4488251,2.427172173338301,0.154531314377697,15.497029943416635,0.06920350431701573,16.739815147326258,1.60,bf005108,bf,G,V
644245142208,2456793.5517576,2.1003916843319717,0.0784989002777398,15.65403067901292,0.040623323850844724,17.475197462216826,1.47,be005027,be,G,V
644245142208,2456794.5493224,2.4503872831404543,0.05920808835043099,15.486694579688773,0.026263855601522366,17.781403795534587,1.50,bf005282,bf,G,V
644245142208,2456795.5410402,2.0194114697277357,0.0800157801252108,15.696719357993235,0.043068822452943814,17.454417284150605,1.46,be005521,be,G,V
644245142208,2456795.6706838,3.1583277523328563,0.1455265939104804,15.211138413290952,0.05008380786973118,16.805000481966484,1.69,bf005706,bf,G,V
644245142208,2456796.5472524,1.9453148610258484,0.0852911000610723,15.737306643140052,0.04765692141415014,17.385097104035417,1.48,be005884,be,G,V
644245142208,2456796.5567858,2.213799567196953,0.06861634488339952,15.59693565900571,0.03369003439789595,17.621287443799794,1.62,bf005996,bf,G,V
644245142208,2456797.5355131,2.8915698746916605,0.11421190346999253,15.30694717582099,0.04293286301794326,17.068077969674512,1.53,be006256,be,B,V
644245142208,2456797.5475282,2.8105033748780697,0.09129114647702653,15.337821126681884,0.0353066670999999,17.31128474071236,1.69,bf006370,bf,G,V
644245142208,2456798.5728781,2.0695047272142424,0.08219782003295291,15.67011534760653,0.043172385828673755,17.425205644237206,1.59,be006503,be,B,V
644245142208,2456798.5816823,2.3817568714472555,0.11886916416439583,15.51753783740358,0.05424802790372916,17.024683371303563,1.72,bf006615,bf,G,V
644245142208,2456803.5236838,2.913225750180249,0.1100386256750945,15.2988460543804,0.04105661973273251,17.108493499575715,2.43,be006934,be,G,V
644245142208,2456803.5327908,3.038896444009695,0.0787468731493069,15.252991652146545,0.028166286319143183,17.47177309866451,2.18,bf007046,bf,G,V
644245142208,2456804.5326927,1.9313086069914644,0.09331362076467833,15.74515221462475,0.052517680649319096,17.287493790441776,1.62,be007320,be,G,V
644245142208,2456804.5357689,1.8327477226397564,0.07107478209256904,15.802024683199496,0.042152663442098136,17.583067551512915,1.60,bf007428,bf,G,V
644245142208,2456805.5228175,1.882408940028108,0.07127512469286637,15.772996462653634,0.0411562864876343,17.580011429271202,1.45,be007550,be,G,V
644245142208,2456805.5346186,2.0163518681753185,0.06023366257728674,15.698365599626296,0.03247021187123645,17.762758214301716,1.60,bf007664,bf,G,V
644245142208,2456808.5421517,2.0399703014049235,0.058557657415119896,15.68572179236137,0.03120125208749115,17.79339715729583,1.57,bf008215,bf,G,V
644245142208,2456809.5203219,2.8154339791715377,0.08035952350665979,15.33591803511635,0.031024456195955764,17.449763011361036,2.19,be008492,be,G,V
644245142208,2456809.5319352,2.7833598135955375,0.059332825910456403,15.348358023106798,0.023170630603188948,17.779118810036636,2.06,bf008606,bf,G,V
644245142208,2456810.5091661,1.9569806620430124,0.0848219187836659,15.730815069050458,0.04711223753845458,17.391086162305093,1.79,be008909,be,G,V
644245142208,2456810.5202682,1.7214452105621525,0.06827654895257601,15.870048392722964,0.0431112414792501,17.626677489867003,1.69,bf009023,bf,G,V
644245142208,2456815.5057401,2.503937968634885,0.19685271832012183,15.463222490348796,0.08545353306687,16.477002852931708,3.12,be010330,be,B,V
644245142208,2456815.5168115,2.9877687635680013,0.19725083582413017,15.271413948258726,0.07176026640076792,16.474809263301076,2.26,bf010444,bf,B,V
644245142208,2456817.4989502,1.5763060463182559,0.13809597125613468,15.965680051005823,0.09522536371242787,16.861903871501752,1.56,be010784,be,G,V
644245142208,2456818.4946769,3.0221409529437384,0.1230306745754153,15.258994614487873,0.044249754126607685,16.987322880566794,2.09,be011216,be,G,V
644245142208,2456818.5058442,2.9937398773341846,0.14650494284692045,15.269246248789779,0.05319249821941114,16.797725700297534,2.51,bf011330,bf,G,V
644245142208,2456819.4966213,1.6188182888209988,0.27112368550000204,15.936786148895624,0.18204616304823737,16.129437745127582,1.95,be011679,be,B,V
644245142208,2456819.5053213,2.1537213886556392,0.16803673040563272,15.62680760186083,0.08480605753752228,16.648845837145927,2.34,bf011745,bf,B,V
644245142208,2456826.4836045,2.059837427278949,0.0895078262705778,15.675199041970096,0.04723242437633509,17.33270386802608,2.89,be011988,be,G,V
644245142208,2456826.4924508,2.2124168558542534,0.07381256749474507,15.597614008038313,0.036263984977525525,17.542030613477483,2.55,bf012103,bf,G,V
644245142208,2456828.4810205,1.9163772460229804,0.08870102512440127,15.753578890391378,0.050310635833315596,17.342534796090355,1.41,be012797,be,G,V
644245142208,2456828.4977316,1.6724107772034353,0.07946458151492403,15.9014240106921,0.05164672836499585,17.46192239216519,1.55,bf012916,bf,G,V
644245142208,2456832.5250565,2.195572208725958,0.09492658144490193,15.60591209226699,0.04699506870138904,17.268886790996888,1.50,bf014376,bf,B,V
644245142208,2456833.4740038,3.2239436444962433,0.08693699656272719,15.188812800513622,0.029310914151861437,17.364344812631035,1.57,be014650,be,G,V
644245142208,2456838.4910425,2.012336398799804,0.06699464896790401,15.700529947739083,0.03618692712645777,17.647256103959137,2.20,bf016214,bf,G,V
644245142208,2456839.4647346,3.0736619813072235,0.0980898237564815,15.240641141308984,0.03468806078767464,17.233296508143653,1.72,be016473,be,G,V
644245142208,2456845.4880689,2.6762690880824724,0.09639810061293096,15.390956959884692,0.0391517223029186,17.25218520159232,1.77,bf018388,bf,G,V
644245142208,2456847.4582642,2.2706439077642315,0.12584381523920005,15.569408825483247,0.06024139462249211,16.962776702597097,1.83,be018989,be,G,V
644245142208,2456848.4899105,3.0695827476941693,0.13441391996086025,15.242083041304078,0.0475967253281341,16.89124577677177,1.54,bf019538,bf,G,V
644245142208,2456850.4490279,2.777615877809737,0.32910880270524506,15.350600939315882,0.12878921175533645,15.919007647260466,1.67,be020222,be,G,V
644245142208,2456858.4535719,2.0597315464269292,0.19650443704225562,15.67525485299071,0.10369884355283067,16.478925490852376,3.02,be022602,be,G,V
644245142208,2456866.5017661,3.0028382155255393,0.17427146198946464,15.265951568855737,0.06308215380471618,16.609290707244945,2.91,bf024723,bf,B,V
644245142208,2456950.8779065,3.9796782196423575,0.19844050817013373,14.960161508932808,0.054199408250684665,16.468280567389606,1.50,be050726,be,G,V
644245142208,2456961.8611963,2.09293599770366,0.10779001897322606,15.657891535138413,0.05598024221948609,17.130910022754588,1.48,be053425,be,G,V
644245142208,2456961.8702153,2.1878692581865935,0.12700225329921397,15.609727989413571,0.06309605886302566,16.952827827768676,1.41,bf052676,bf,G,V
644245142208,2456966.8644437,1.9338525804874624,0.15700185063974958,15.743722993749643,0.08824570559301485,16.722594464598217,1.55,bf053893,bf,B,V
644245142208,2456968.8358731,3.7946406265694623,0.21333025869549918,15.01185477428615,0.061107424600310566,16.38972524365546,1.49,be055314,be,G,V
644245142208,2456969.8539069,1.871355665781369,0.18894587566145432,15.779390563497051,0.10974715045425401,16.521512852396317,1.51,bf054911,bf,G,V
644245142208,2456970.8313796,2.476530521016651,0.1970325423837753,15.475172192913782,0.0864781617353006,16.476011490576028,1.44,be055979,be,G,V
644245142208,2456970.842976,2.189460029617661,0.11972523421314338,15.608938851517525,0.05943754276594231,17.016892155410872,1.49,bf055231,bf,G,V
644245142208,2456971.8268721,3.733328860644732,0.17843183647573652,15.0295407853986,0.051950325187719415,16.583675530177263,1.39,be056303,be,G,V
644245142208,2456972.8174534,1.8828035622852526,0.13611216475967894,15.772768876203685,0.07857856663176915,16.877614040773082,1.54,be056625,be,G,V
644245142208,2456972.8414013,1.9318364150001768,0.1384589838663321,15.744855533933485,0.07790457532444275,16.859053543545315,1.44,bf055884,bf,B,V
644245142208,2456973.8393046,2.1140498700434858,0.08925225901672583,15.646993334471112,0.045889799665030935,17.335808350873712,1.53,bf056210,bf,B,V
644245142208,2456977.8286369,4.089463428080222,0.14534044913553218,14.93061558285499,0.03863067902150756,16.806390148853197,1.47,be058253,be,G,V
644245142208,2456979.8211478,2.3549185564602997,0.09076380445161004,15.529841674784116,0.04189372448396852,17.317574665020178,1.37,be059045,be,G,V
644245142208,2456979.8297213,2.3879775368794873,0.07108466837014871,15.514705811580498,0.032356227262323595,17.58291653954036,1.50,bf058301,bf,B,V
644245142208,2456980.8099337,3.8013797267171414,0.10473137896460072,15.009928268932757,0.02994661506616063,17.16216433920656,1.41,be059194,be,G,V
644245142208,2456980.827583,3.903431577277631,0.10494216297806555,14.98116497682101,0.02922238194680312,17.15998136552492,1.40,bf058448,bf,G,V
644245142208,2456982.825428,2.1814853697166496,0.09396654531677341,15.612900642750844,0.0468201853082466,17.27992324293322,1.45,be059545,be,G,V
644245142208,2456983.831801,3.9196807389692174,0.09439118546417771,14.97665466741898,0.026175375360279186,17.27502779254519,1.47,bf059119,bf,G,V
644245142208,2456984.8119175,1.864812730880987,0.08515949485535546,15.783193341003159,0.0496375141525919,17.38677370205545,1.48,be060190,be,G,V
644245142208,2456985.8211386,2.263827359510136,0.07083633036157541,15.57267314379941,0.034011432426208923,17.58671625691171,1.47,bf059747,bf,G,V
644245142208,2456988.8025643,2.3298993432948016,0.0846625928923261,15.541438507097764,0.039497224528817314,17.393127480863694,1.48,be061013,be,G,V
644245142208,2456988.8142288,2.019209307015572,0.08892768616857114,15.696828056179157,0.047870484802273953,17.339763912558723,1.40,bf060263,bf,G,V
644245142208,2456989.8193892,3.56980647282903,0.245425650186622,15.078169722822373,0.07472870395156336,16.237556518152154,1.52,bf060569,bf,B,V
644245142208,2456991.8216112,2.2779267817162108,0.07292262005887094,15.565932002884985,0.034796428968439666,17.55520073327431,1.69,be061808,be,G,V
644245142208,2456992.8123397,3.737682660743868,0.0988949038732488,15.028275339905042,0.028759654173101678,17.22442161202349,1.43,bf061362,bf,G,V
644245142208,2456993.7945375,1.5757682688275132,0.08982802837960967,15.966050527358275,0.061962893411247,17.328826724855432,1.44,be062432,be,G,V
644245142208,2456995.8079564,4.23225142709487,0.13765578426877365,14.893352754257538,0.03535372485390488,16.865370230974875,1.61,bf062107,bf,G,V
644245142208,2456996.7952687,2.012799318560795,0.1898437277905451,15.700280212683218,0.10251984692679063,16.516365760819028,1.44,be063176,be,G,V
644245142208,2456997.7937712,2.241856635718415,0.16169078623593391,15.583261813293284,0.0783952246562616,16.690643211581,1.49,bf062737,bf,B,V
644245142208,2456998.7863993,4.330019321784559,0.15943991478787609,14.868556818757312,0.04002389881548799,16.705863759713758,1.48,be063799,be,B,V
644245142208,2456999.7936789,2.3348642369001937,0.11928659257990319,15.539127321682688,0.055531853934643466,17.02087731081673,1.50,be064126,be,G,V
644245142208,2456999.8052014,1.8751877652671345,0.161997911375687,15.777169502575457,0.09390242915372055,16.688582855528104,1.54,bf063377,bf,G,V
644245142208,2457001.7934361,3.7484798163394712,0.19028974315620087,15.025143462684106,0.0551788158074385,16.51381794385683,1.51,be064631,be,G,V
644245142208,2457001.8107939,3.7148824667185183,0.11007303285109771,15.034918709789002,0.03220683345893102,17.108154061699096,1.51,bf063886,bf,G,V
644245142208,2457004.798835,3.5836676105541194,0.11241617582257707,15.073962100700061,0.034096771447067666,17.085284375268838,1.53,bf064836,bf,G,V
644245142208,2457005.7834522,2.0968738470444617,0.13020569914112048,15.655850646880703,0.0674947298563179,16.925781409068644,1.42,be065902,be,G,V
644245142208,2457008.7600846,1.8635975236150901,0.07111776091096088,15.78390109282312,0.04147994030583353,17.582411206818584,1.45,bf066081,bf,G,V
644245142208,2457008.777358,2.182782248091362,0.0959446688281906,15.612255371667882,0.04777741050445714,17.257304273325538,1.41,be066850,be,G,V
644245142208,2457010.7812787,3.9800223324114214,0.12561647058715594,14.96006763211177,0.034306250201323364,16.964739926222055,1.43,be067488,be,G,V
644245142208,2457010.7927805,3.660151221678283,0.09898213335191608,15.051033832162313,0.029394762365360615,17.223464368974234,1.52,bf066739,bf,G,V
644245142208,2457012.7732749,2.6925854505115354,0.06890056284901339,15.384357667677582,0.027814127914122105,17.616799469487624,1.51,be068103,be,G,V
644245142208,2457012.7906221,2.2707373030238336,0.0787396946428727,15.56936416831398,0.037691116668514005,17.471872078081564,1.43,bf067358,bf,G,V
644245142208,2457015.7220622,2.2309178712636264,0.08635359594860553,15.588572448230911,0.042073536413421306,17.371655325596887,1.45,be068987,be,G,V
644245142208,2457015.7793305,2.277310526426356,0.05386935405094905,15.566225770536764,0.02571175297706895,17.884001973829616,1.45,bf068269,bf,G,V
644245142208,2457018.7358368,2.3797944955463453,0.08657762607853856,15.518432765345915,0.039543799046041044,17.36884220999812,1.47,be069929,be,G,V
644245142208,2457018.7708697,2.326417666398008,0.0801773048471769,15.54306218665255,0.037460704351527076,17.45222776020123,1.52,bf069196,bf,G,V
644245142208,2457020.7659035,2.3034090075259233,0.06865172209197336,15.553853752463427,0.03239608632799573,17.62072780428758,1.47,be070560,be,G,V
644245142208,2457021.7448212,2.2663806572573932,0.07907236519863357,15.571449267063944,0.037923118857712636,17.467294569847713,1.52,bf070081,bf,G,V
644245142208,2457022.7616597,4.0254352240719165,0.12117475719965365,14.947749298226574,0.03271986388470229,17.003825998199677,1.41,be071173,be,G,V
644245142208,2457023.7676252,1.9667390217489376,0.09133997166726798,15.725414567929086,0.05048080950309134,17.310704212283788,1.43,bf070683,bf,G,V
644245142208,2457024.7146461,2.5038404880239313,0.12929141955724396,15.463264759881884,0.056127437975718716,16.933432134116934,1.52,be071730,be,B,V
644245142208,2457025.7180878,3.96297590554879,0.15926802943421517,14.9647278248164,0.04368369311952372,16.707034876863577,1.40,bf071267,bf,B,V
644245142208,2457025.7619538,3.9542570914059274,0.15938050030012366,14.967119149161114,0.04381092838292663,16.706268429290322,1.45,be072064,be,B,V
644245142208,2457026.7584262,1.1382126767099912,0.15219492954901023,16.319222859009436,0.14534126585823856,16.75635593383837,1.65,be072377,be,G,V
644245142208,2457029.7665111,1.5037324589334409,0.17019414778953193,16.016854968706,0.1230229738027178,16.634994837243383,1.55,bf072188,bf,B,V
644245142208,2457032.7501141,1.721261254400573,0.13689144757720428,15.870164422286877,0.08644536169854712,16.871415603620473,1.61,be073733,be,G,V
644245142208,2457033.7576215,2.3365854539183752,0.5216250109032864,15.41896037668289,99.999,15.41896037668289,1.55,bf073281,bf,B,V
644245142208,2457035.7546962,2.1393332301524595,0.09961008247409033,15.634085311782913,0.050610081332896954,17.216598144473974,2.19,be074640,be,G,V
644245142208,2457036.7569935,2.211693854574673,0.061712982691080866,15.597968876496042,0.03032939159879536,17.736415050936493,1.47,bf074170,bf,G,V
644245142208,2457037.757273,3.574957036027926,0.09740009716776003,15.07660433751558,0.02961424984065033,17.240957918333564,1.41,be075276,be,G,V
644245142208,2457038.8710212,3.196076055022527,0.15097660925360049,15.198238641019428,0.0513457775200236,16.76508222509588,1.46,bf074874,bf,G,V
644245142208,2457039.7504662,2.398210782414135,0.09990858127271,15.510063026400205,0.045282209882635385,17.213349413869462,1.43,be075877,be,G,V
644245142208,2457042.7833257,2.536162538645166,0.06755042175600658,15.449338696147077,0.028950972327327237,17.638286231387127,1.43,bf075856,bf,G,V
644245142208,2457044.7449785,2.1066926754439974,0.11058445045785038,15.650778441260403,0.05705649002779454,17.103121233468464,1.41,be077140,be,G,V
644245142208,2457045.7551592,2.5199422524419655,0.06757819501765296,15.456304933250788,0.029149302818592408,17.637839924204563,1.55,bf076680,bf,G,V
644245142208,2457046.7424753,3.889141717934921,0.11648352834425257,14.985146982367205,0.03255539139267973,17.046695100764513,1.41,be077734,be,G,V
644245142208,2457047.7416602,2.147787460737377,0.08937859826866604,15.629803148163166,0.04523289760648598,17.3342725454158,1.52,bf077168,bf,G,V
644245142208,2457049.7342287,3.7908934708039816,0.11721412507388446,15.012927453667233,0.03360860933451241,17.03990651822583,1.41,be078415,be,G,V
644245142208,2457049.745779,4.020790414416655,0.10051805640665391,14.949002814792895,0.027173452406771558,17.2067461872109,1.45,bf077648,bf,G,V
644245142208,2457051.7308282,2.1749394751134856,0.07806682771476377,15.616163465071924,0.03901499259496402,17.48119006381155,1.42,be078953,be,G,V
644245142208,2457051.7395086,2.5026911504463927,0.07263501078534464,15.463763259654364,0.03154648094138196,17.55949138029392,1.45,bf078185,bf,G,V
644245142208,2457053.7285091,1.9966824701955912,0.10369716797441439,15.70900889182253,0.05645079510545637,17.172939154340774,1.55,be079560,be,G,V
644245142208,2457053.7400685,2.4041230298468697,0.1140777458767335,15.507389682737216,0.05157704007931436,17.069354065838567,1.56,bf078794,bf,B,V
644245142208,2457055.8873709,2.813370448917785,0.17605906091165963,15.336714101007464,0.06802109709469958,16.59821044111184,1.56,bf079187,bf,G,V
644245142208,2457056.7220817,1.9730334957094187,0.16420768721743176,15.721945258950772,0.09046304430655928,16.673872682882124,1.49,be080160,be,B,V
644245142208,2457062.7115474,1.6528349434702374,0.14037233450013115,15.91420768970391,0.09231328576361972,16.844152587117144,1.88,be081545,be,G,V
644245142208,2457062.7202111,2.442924489947664,0.11981660359946304,15.490006296340331,0.05331128294426268,17.01606388210003,1.75,bf080777,bf,B,V
644245142208,2457064.8004339,2.496841655663747,0.10649716276105325,15.466303901514063,0.046361684709664966,17.14401129944268,1.47,be082089,be,G,V
644245142208,2457064.8408788,2.971625890170473,0.11234787027597644,15.277296070851332,0.041094422653912506,17.085944283368026,1.46,bf081340,bf,G,V
644245142208,2457065.8260032,2.287387073781637,0.11225145594006679,15.561432248156118,0.05334141016502746,17.08687643702448,1.59,be082430,be,G,V
644245142208,2457065.8610483,3.876427425287305,0.11500273869816746,14.988702260782903,0.032246953994390724,17.06058593654641,1.44,bf081680,bf,G,V
644245142208,2457066.8333877,2.111836540101809,0.10807319694171277,15.64813065452057,0.055624980442534167,17.128061397083535,1.48,be082660,be,G,V
644245142208,2457066.8913425,2.0097490466444508,0.24725551381830121,15.701926826216742,0.13372614542571215,16.229491430727236,1.50,bf081924,bf,G,V
644245142208,2457067.8407822,2.9205415681263553,0.10468962552736745,15.29612292466269,0.03896300346048566,17.162597277814488,1.50,bf082217,bf,G,V
644245142208,2457067.8706658,2.449142818016485,0.09128606610655267,15.487246126813421,0.04051376023011449,17.311345163829575,1.44,be083011,be,G,V
644245142208,2457069.6975882,2.2719259844279978,0.08975275431114375,15.568795957824136,0.04294036967366679,17.32973693122579,1.77,be083568,be,G,V
644245142208,2457069.7062481,2.1484081783526756,0.07389842507731768,15.629489412174786,0.03738785575915601,17.540768436645184,1.48,bf082800,bf,G,V
644245142208,2457071.7018212,2.0814395520288844,0.09481391022327001,15.663871897328958,0.049513135256950086,17.270176249434183,1.40,be084241,be,G,V
644245142208,2457071.7133085,2.509669744756253,0.06512367373806971,15.460739966817021,0.028205544588928065,17.678009164005992,1.52,bf083475,bf,G,V
644245142208,2457075.697514,2.3135090684334254,0.11081416517868928,15.549103389077972,0.052063845863208766,17.100868196086427,1.41,be085160,be,G,V
644245142208,2457075.7063586,2.828420028276434,0.09292390878844073,15.330921644871927,0.03571048418315618,17.292037719054182,1.44,bf084393,bf,G,V
644245142208,2457077.6954105,2.302783404342288,0.06424319705315511,15.55414867719506,0.03032398178770247,17.692788530155006,1.45,bf085007,bf,G,V
644245142208,2457078.6478532,2.2818095297972882,0.0902920178279753,15.564082930527947,0.04301125766961911,17.323232997031898,1.47,be086087,be,G,V
644245142208,2457079.6881925,3.924310452310392,0.0908375967027618,14.975373011727818,0.025160220975138675,17.31669230483346,1.50,bf085684,bf,G,V
644245142208,2457080.6822356,1.8643900177855515,0.12506378713985822,15.783439482039105,0.07291333775028795,16.969527454416156,1.44,be086809,be,G,V
644245142208,2457080.6910183,1.798022463781081,0.09221964720849396,15.822793621180775,0.05574944083566183,17.300297752506136,1.41,bf086042,bf,G,V
644245142208,2457082.6949516,3.6684871747122596,0.13217477820358195,15.048563891793084,0.03916280208586941,16.909484917906546,1.40,bf086554,bf,B,V
644245142208,2457083.6849881,2.1154043466689707,0.11254055858973554,15.646297923533574,0.05782662511396459,17.084083727618374,1.46,be087669,be,G,V
644245142208,2457085.6838857,4.384056403408174,0.18133315013708617,14.855091072115354,0.04495864834124393,16.566163378121633,1.43,bf087603,bf,B,V
644245142208,2457087.6789519,1.743306079957805,0.1939099747121234,15.85634729249852,0.12090344550895726,16.493356019368342,1.53,be089079,be,G,V
644245142208,2457089.7917016,2.0337623767396122,0.14494521792796194,15.689030882238155,0.077466842598529,16.809346664762572,1.51,be089809,be,G,V
644245142208,2457090.8054169,1.8048107629015795,0.1328947846401747,15.818702224004289,0.08003656440829433,16.90358654941712,1.58,bf089402,bf,B,V
644245142208,2457091.7512952,3.0569360479386924,0.11662934438719877,15.246565521406259,0.04146996355821938,17.045336807883864,1.57,be090496,be,G,V
644245142208,2457092.670226,1.9367527755253264,0.13361251724555973,15.74209593697008,0.07498685368691448,16.897738528342565,1.48,bf089990,bf,B,V
644245142208,2457093.7166661,2.062228659888464,0.0861227983897785,15.67393935905649,0.045393480946607064,17.374561061377335,2.48,be091116,be,G,V
644245142208,2457094.6177081,3.5198320053228658,0.09885520379773617,15.093476564644348,0.030527396851130095,17.22485755423766,1.46,bf090628,bf,G,V
644245142208,2457095.7693137,1.2285568642168212,0.10760111671336622,16.236293247604852,0.09519928540919823,17.132814447229826,1.51,be091867,be,G,V
644245142208,2457095.8349559,4.327048842495197,0.11210142337959297,14.869301910969899,0.02815992554602722,17.08832857623995,1.47,bf091134,bf,G,V
644245142208,2457097.6781579,3.4254546234972656,0.09263550039986124,15.122985857373939,0.029394860645211338,17.295412764089708,1.41,be092496,be,G,V
644245142208,2457097.6839031,3.6143358482396035,0.11062196868143952,15.064710141411538,0.033267874197268406,17.102752935891587,1.46,bf091724,bf,G,V
644245142208,2457099.5258382,3.014898775351291,0.13494444399122713,15.261599566099662,0.048651299562000844,16.88696887306888,1.62,bf092057,bf,G,V
644245142208,2457100.4865855,0.915036638677093,0.48729484907060205,15.492876841891249,99.999,15.492876841891249,1.64,be093102,be,G,V
644245142208,2457103.4884086,1.8644189189364853,0.2064638124455447,15.783422651449788,0.12036843499143586,16.425246537381536,1.57,be093841,be,B,V
644245142208,2457108.7748571,1.8924441064024142,0.07534837932437577,15.76722375098166,0.043277585864767716,17.519671605004866,1.56,bf093369,bf,G,V
644245142208,2457108.7867399,2.2439445653543,0.15079899916968936,15.582251094868298,0.07304634800251728,16.76636024568678,1.95,be094223,be,G,V
644245142208,2457111.6167222,2.3068951956024173,0.09115980286186763,15.552211743100962,0.042952424726553376,17.312847950368354,1.52,bf094360,bf,B,V
644245142208,2457111.6865682,1.9582733808128234,0.13062465717614188,15.730098103251255,0.07250434204371009,16.922293484545442,1.46,be095255,be,G,V
644245142208,2457114.6437075,2.1535576743711835,0.1370696539751238,15.626890136808465,0.06918261632546706,16.87000310261698,1.51,be096376,be,G,V
644245142208,2457115.6576811,3.4396117434076006,1.1219445098915382,14.587427949335257,99.999,14.587427949335257,1.45,bf095918,bf,B,V
644245142208,2457115.6723118,3.4072806614356796,0.24317473390638292,15.128761633634744,0.07757516600653244,16.247560270372837,1.44,be096775,be,G,V
644245142208,2457118.6369868,3.528619847745974,0.13135325267967163,15.09076922299736,0.04046207322191977,16.916254314626148,1.45,be097860,be,G,V
644245142208,2457118.6508329,3.2206304575498073,0.14992013445910632,15.189929165158,0.05059775408517598,16.772706486051312,1.47,bf097022,bf,B,V
644245142208,2457119.4896911,2.0027738604372924,0.1004972283292595,15.705701618288394,0.05454241235470495,17.20697118301471,2.04,be098074,be,G,V
644245142208,2457123.7636377,1.8793417406349056,0.1101103988047518,15.774767005387112,0.06368464739770414,17.107785554688448,1.51,bf098398,bf,G,V
644245142208,2457124.7158166,2.8101342262987066,0.09028453632970941,15.337963743234157,0.03492194951307628,17.32332296367874,1.47,bf098753,bf,G,V
644245142208,2457124.738193,3.0608876725944256,0.11121305542919681,15.245162923767293,0.039493038893138835,17.096966962251415,1.53,be099615,be,G,V
644245142208,2457126.7136034,1.9820228568944906,0.11075854934128031,15.717009758248398,0.060740837133180764,17.101413246316387,1.42,bf099255,bf,B,V
644245142208,2457126.7355378,2.1702658078719903,0.1642955991173734,15.6184990839251,0.08228585286922611,16.67329156763095,1.48,be100116,be,G,V
644245142208,2457127.5274576,1.8213842092750365,0.08164054120652849,15.808777486806477,0.048721032196753986,17.43259170604635,1.48,bf099430,bf,G,V
644245142208,2457127.7085263,2.907875525902685,0.09502516340466108,15.300841873921048,0.035520165898421455,17.267759830962476,1.41,be100354,be,G,V
644245142208,2457133.6811575,2.9833364309911827,0.10767480631168615,15.273025825684176,0.03923051779601013,17.13207114563984,1.48,be101964,be,G,V
644245142208,2457135.6924821,1.8750890044726558,0.08578780853404529,15.777226686712407,0.04972970229645874,17.378792459095724,1.42,bf101610,bf,G,V
644245142208,2457136.5517549,3.3642943860367778,0.14639208402460738,15.14254642731057,0.04729723745994155,16.798562410159594,1.41,be102790,be,G,V
644245142208,2457137.6197706,2.108804350191675,0.11710559646296671,15.649690682495986,0.06036059807824415,17.040912267547984,1.53,be103234,be,G,V
644245142208,2457138.5587881,2.6650606412090836,0.10561829040696813,15.395513665817033,0.04307687705023774,17.153008559949065,1.47,bf102684,bf,B,V
644245142208,2457140.6440285,2.001537323344063,0.11452160894759392,15.70637217213484,0.06219220010230482,17.065137791370255,1.47,be104411,be,G,V
644245142208,2457141.7108257,2.641262300739536,0.19000921716673388,15.40525257292417,0.07819433826473826,16.515419721984873,1.41,bf103943,bf,B,V
644245142208,2457145.5798108,3.623976089054019,0.17758661563096417,15.06181809565444,0.05326440497681203,16.588830816881565,2.56,be105574,be,G,V
644245142208,2457148.5985166,3.93524634648833,0.13691237565748177,14.97235159354691,0.037816641329327993,16.871249628038182,1.55,be106717,be,G,V
644245142208,2457148.6648855,2.9571282270809682,0.1558085086381436,15.282606012455755,0.057270791660547334,16.730878467111985,1.47,bf105880,bf,G,V
644245142208,2457150.5741481,2.413423526566923,0.1092586798019857,15.503197549485177,0.04920787141588454,17.116216522354108,1.42,bf106293,bf,B,V
644245142208,2457153.6535145,2.0514120665211717,0.09105739769021118,15.67964914018618,0.048247465191044385,17.31406830732467,1.43,be108262,be,G,V
644245142208,2457153.6650538,2.000501965061411,0.09822456735982928,15.706933948727443,0.053369522225634736,17.231806082193156,1.42,bf107388,bf,G,V
644245142208,2457156.6171091,2.2528240793380614,0.07567830725655647,15.57796320589506,0.03651373863637931,17.514927870253338,1.46,be109453,be,G,V
644245142208,2457156.6304147,1.853615155873157,0.07381520356300561,15.78973247512751,0.043285099747965614,17.541991839272217,1.42,bf108580,bf,G,V
644245142208,2457159.572039,2.2613142651072793,0.10957943867590807,15.573879098479296,0.05267206215215768,17.11303371513354,1.44,be110628,be,G,V
644245142208,2457159.6098342,2.2754546966801064,0.08798615768532803,15.567110921234518,0.04202989761051696,17.351320511987346,1.41,bf109772,bf,G,V
644245142208,2457161.5465194,1.8820127985855792,0.09668223422775195,15.773224973239223,0.055838825915076,17.248989698792492,1.44,bf110578,bf,G,V
644245142208,2457162.5905346,2.3521705431940685,0.12236683143987913,15.531109387279079,0.0565466759470236,16.993197107215682,1.50,be111911,be,G,V
644245142208,2457163.5585168,3.8462859028715424,0.10404416906491908,14.997177496606529,0.029402777372740583,17.169312028388767,1.42,be112226,be,G,V
644245142208,2457164.5722251,1.9067201599043078,0.07695201906829291,15.75906400846116,0.04386773725173845,17.49680634532076,1.45,bf111776,bf,B,V
644245142208,2457167.4967527,2.226239720292173,0.08573743611939236,15.590851586736484,0.04186110978872253,17.379430162962496,1.55,be113849,be,B,V
644245142208,2457167.5402902,2.132180515199887,0.12420451467461315,15.637721478869286,0.06331776615187662,16.977012938241458,1.45,bf112998,bf,B,V
644245142208,2457168.5716046,2.010724911689895,0.10541341946130117,15.701399757994148,0.056984325949384275,17.155116640038372,1.45,bf113249,bf,B,V
644245142208,2457170.4863807,1.8565542945276694,0.11128159050497496,15.788012268027426,0.06515201354758068,17.096298083096062,1.43,be114741,be,G,V
644245142208,2457172.5924606,3.9167880714309327,0.24837870322293373,14.977456220795451,0.06892812335150017,16.22457050538734,1.37,bf114330,bf,B,V
644245142208,2457174.6005011,2.3668146753410277,0.16970707169337243,15.524370770919177,0.07793774911243628,16.638106544314397,1.50,be115754,be,G,V
644245142208,2457174.6091791,1.6617364817001845,0.17476475320253904,15.908376018377693,0.11431516991747843,16.60622177363402,1.45,bf114879,bf,G,V
644245142208,2457176.4708148,1.678526986233646,0.20961243038059005,15.897460584676445,0.13573782257204484,16.40881380994893,1.48,be116325,be,G,V
644245142208,2457178.6010905,2.7723573191106348,0.2904678106043226,15.35265839403518,0.11388354557158564,16.054611365557264,1.49,bf116123,bf,B,V
644245142208,2457180.5400439,2.260498469348721,0.08706266653282012,15.574270861275492,0.04186392270157699,17.362776482466735,1.46,be117438,be,G,V
644245142208,2457180.5951944,2.129942649794996,0.10451478990645917,15.638861629738086,0.053336193121422765,17.164412013964302,1.41,bf116593,bf,G,V
644245142208,2457182.5113812,1.9844689931577388,0.08289770259939855,15.715670610638938,0.045405697336811386,17.416000156632666,1.40,bf117379,bf,G,V
644245142208,2457185.5650773,2.0198436364706733,0.08813553074338489,15.696487028482593,0.04742916145026693,17.349478833344804,1.89,be119227,be,G,V
644245142208,2457186.5162443,2.6350796150293254,0.09058226462543714,15.407797051238015,0.03736470910668211,17.31974845824025,1.46,be119536,be,G,V
644245142208,2457186.5307281,2.21406667299202,0.07474746906537807,15.596804667500175,0.036695936023602944,17.52836516337805,1.47,bf118276,bf,G,V
644245142208,2457189.5192183,2.0880764435155372,0.07006039264942918,15.660415419662133,0.03647021685551362,17.59867497625978,1.47,bf119379,bf,G,V
644245142208,2457189.5220622,2.6119099674819135,0.10704896965802657,15.41738589768368,0.04454884630936346,17.138400164717265,1.54,be120652,be,G,V
644245142208,2457193.5060012,3.684761929902415,0.14598853805963757,15.043757820480927,0.043064707181038095,16.80155949484699,2.34,bf120821,bf,B,V
644245142208,2457194.5384759,2.2968282424686883,0.12117598678259407,15.556960105185347,0.05734561543441613,17.003814981087093,2.64,be122488,be,G,V
644245142208,2457199.5162763,4.0473212283511195,0.14629642212561464,14.941862217256913,0.039289653863555964,16.79927213116789,1.42,be123935,be,G,V
644245142208,2457202.504267,4.306946504319023,0.1656743057876249,14.874357710728868,0.0418117027875494,16.664218494986972,1.54,bf123684,bf,B,V
644245142208,2457204.5079067,1.9132024410876773,0.2095089681826469,15.75537908870692,0.11902929582271415,16.40934984870428,1.39,be126400,be,G,V
644245142208,2457205.5082023,3.8134993028143893,0.19927354027181504,15.006472226199909,0.05679866626660743,16.463732302430284,1.65,be126815,be,G,V
644245142208,2457205.5259288,2.984348267759225,0.22871944609585987,15.272657646774482,0.08330398173304412,16.314098667193978,1.83,bf125532,bf,G,V
644245142208,2457207.5001301,2.1891128696357005,0.10254199585882368,15.609111019103047,0.050915004290959014,17.18510197813761,2.84,be127534,be,G,V
644245142208,2457207.5116695,1.9359979178675268,0.1260286655678224,15.742519189776045,0.07075817525460681,16.961183049097222,2.25,bf126248,bf,G,V
644245142208,2457220.4633466,3.7974546206023003,0.10175924351394466,15.011049922597158,0.02912684533072296,17.193421719332683,2.54,bf127903,bf,G,V
644245142208,2457226.4559494,4.104863149756365,0.1714999837715969,14.926534697161141,0.045412726085583735,16.62669618546913,1.89,be131317,be,G,V
644245142208,2457228.46456,2.410997353232559,0.09653227137188128,15.504289570482445,0.0435199075541403,17.250675080893355,1.61,bf130270,bf,G,V
644245142208,2457331.8415284,1.9811629254902587,0.11002075418745878,15.717480923984805,0.06036241378841816,17.10866984944286,1.45,bg019169,bg,G,V
644245142208,2457332.8623294,1.865408338913856,0.1076023912080597,15.782846619884745,0.06269893751328774,17.132801587169645,1.37,bf157060,bf,G,V
644245142208,2457333.8585657,2.5428894133690982,0.09511126043556416,15.446462720168824,0.04065524999936739,17.26677655097777,1.39,bf157400,bf,G,V
644245142208,2457334.8356608,1.61006227760954,0.08447829898809288,15.942674717078555,0.05703148214047175,17.395493492312518,1.44,bg020190,bg,G,V
644245142208,2457334.8671881,2.492045369111548,0.18159326512259827,15.468391542920513,0.07920561410135223,16.564607049931382,1.43,bf157747,bf,G,V
644245142208,2457336.8529259,2.6410304537524976,0.08188612357348987,15.40534788179085,0.0337014879671972,17.429330612598694,1.57,bf158205,bf,G,V
644245142208,2457337.8530973,2.3245773493228916,0.06719945565740966,15.54392140020759,0.03142200736207683,17.643942005906247,1.49,bf158449,bf,G,V
644245142208,2457338.8462221,1.9369837192124155,0.06675323889474664,15.741966478539972,0.03745920404192005,17.65117553693784,1.70,bf158715,bf,G,V
644245142208,2457348.8331304,2.7731511236238817,0.07677417086777316,15.352347561470657,0.03009218827453942,17.499318556369325,1.58,bg023782,bg,G,V
644245142208,2457349.8415303,2.1720126706530603,0.06244250041884718,15.617625518455796,0.031248566815937184,17.723655680107886,2.05,bf161513,bf,G,V
644245142208,2457349.8459404,2.0770904907382173,0.09890783831317222,15.66614286085354,0.051759189301094174,17.224279618140315,1.82,bg023992,bg,G,V
644245142208,2457350.8265987,1.8501030613383918,0.10429178393602741,15.791791600098817,0.06127260533857314,17.166731153094624,1.55,bg024282,bg,G,V
644245142208,2457350.83055,1.7050171954805649,0.14435253414466376,15.88045949624751,0.09202542287198963,16.813795362598494,1.72,bf161809,bf,B,V
644245142208,2457355.8298456,2.059408804448209,0.10775818446476013,15.675424991719648,0.056874798787762915,17.1312307294745,1.57,bf163187,bf,G,V
644245142208,2457356.8345316,2.251042221823665,0.08867241385154999,15.578822302141118,0.04281708161662531,17.34288506606592,1.43,bg025989,bg,G,V
644245142208,2457360.8031111,2.9830999072290147,0.13568529335732815,15.273111908027959,0.04943985086166022,16.88102444880698,1.50,bf164316,bf,B,V
644245142208,2457361.8415289,3.0259645008326586,0.07888348106601424,15.257621832561894,0.02833573036914194,17.469891225101563,1.43,bf164630,bf,G,V
644245142208,2457362.8303031,1.8307220501026014,0.07738222028574128,15.803225373459359,0.04594422676098023,17.490753427331608,1.49,bg027426,bg,G,V
644245142208,2457364.8316618,2.586165490209738,0.06165005296664273,15.428140624051935,0.025911306678297896,17.73752275853691,1.44,bf165578,bf,G,V
644245142208,2457367.8073455,1.9234324583561913,0.06962114240533927,15.749589053044055,0.039343806672102195,17.605503530439265,1.47,bg028659,bg,G,V
644245142208,2457370.7891642,1.6894756187494209,0.06866846437136306,15.89040158266082,0.04417917273142642,17.620463055171783,1.64,bf166556,bf,G,V
644245142208,2457372.8019214,2.3963508884316744,0.11030466396712606,15.51090537841221,0.05003289562313589,17.10587170386469,1.76,bg029671,bg,B,V
644245142208,2457373.7985235,2.0258622585207107,0.06413469391266285,15.693256620315143,0.03441084087770872,17.694623827730428,1.60,bg029982,bg,G,V
644245142208,2457374.822552,1.9525963555395869,0.06464325659263137,15.733250218570516,0.035985117528501996,17.686048325754133,1.46,bf167830,bf,G,V
644245142208,2457376.7501007,1.704599719024169,0.08688544879118329,15.880725373216666,0.05540344994417359,17.364988771854673,1.49,bg030630,bg,G,V
644245142208,2457377.7740158,2.133968778109914,0.05840069626178851,15.636811251980694,0.02974692897432235,17.796311331510235,1.58,bf168742,bf,G,V
644245142208,2457378.7627038,2.3422129972914245,0.08592494596354376,15.535715437985553,0.03987540010373172,17.377058224451055,1.40,bg031274,bg,G,V
644245142208,2457379.7747309,1.9035528891813749,0.09779019715179396,15.760869034632194,0.05583963185914393,17.236618089434437,1.46,bf169376,bf,G,V
644245142208,2457380.7218152,1.8213368238502416,0.15962770731494552,15.808805733861803,0.09526429996042937,16.704585703558624,1.46,bg031875,bg,G,V
644245142208,2457384.8257324,2.5778614758987533,0.11572081122378157,15.43163246358441,0.04879373528664049,17.05382772000356,1.42,bg032737,bg,G,V
644245142208,2457384.8296228,2.414443352209909,0.10307535210558783,15.50273885347412,0.04640341886637289,17.179469326110294,1.49,bf170517,bf,G,V
644245142208,2457386.8150315,1.73599125956238,0.2842839942614168,15.860912568909736,0.1779987888109485,16.077975371777825,1.35,bg033324,bg,B,V
644245142208,2457388.8263032,3.782216251554206,0.09739678660979055,15.015415513543385,0.027990486360594338,17.24099482233917,1.42,bf171673,bf,G,V
644245142208,2457388.8445789,3.91050430558002,0.10490784479055781,14.979199483528877,0.029159989905644636,17.160336481060888,1.38,bg033910,bg,G,V
644245142208,2457390.7731898,2.439330376015309,0.05678722832539261,15.491604844729315,0.025304177239248708,17.826729713355988,1.42,bg034479,bg,G,V
644245142208,2457390.7992145,2.456552516065785,0.07807856550923424,15.483966272273545,0.0345476050006111,17.481026829428753,1.47,bf172275,bf,G,V
644245142208,2457395.7060605,1.9781645216403847,0.07816721686980202,15.719125383192642,0.042951112121034266,17.47979477054521,1.67,bg035136,bg,G,V
644245142208,2457395.7198284,1.9585421769071842,0.0762188752987834,15.729949083391881,0.04230013760360304,17.507200053812497,1.63,bf172923,bf,G,V
644245142208,2457397.7772358,2.1323603829709055,0.0773659020066488,15.637629891542142,0.03943675394550077,17.490982410355286,1.43,bg035820,bg,G,V
644245142208,2457397.8109518,3.6748747097551626,0.08281548648698762,15.046675062149808,0.02449521146913533,17.417077500176358,1.50,bf173622,bf,G,V
644245142208,2457400.7691768,2.257324804273663,0.09054599951801787,15.575796270053955,0.04360009003009473,17.32018322573286,1.59,bf174494,bf,B,V
644245142208,2457400.7769865,2.5375888429088898,0.08771374457579237,15.44872826410086,0.037571502956139424,17.35468726414674,1.40,bg036723,bg,B,V
644245142208,2457401.8185064,1.72306936937295,0.0783883524625635,15.869024499159487,0.04944939098335678,17.476727551922167,1.45,bg037077,bg,G,V
644245142208,2457402.8641458,2.004349420646318,0.06459424861541757,15.704847817329515,0.03502939112119822,17.68687176686974,1.50,bf175050,bf,G,V
644245142208,2457403.7840515,3.0517964705885157,0.0655815027545151,15.248392488459084,0.023358124570714348,17.670402983668673,1.50,bf175316,bf,G,V
644245142208,2457404.7501668,1.928959656515908,0.09833743434265252,15.74647354294453,0.05541252002278887,17.230559210651563,1.38,bg037797,bg,G,V
644245142208,2457405.760273,2.772413624807487,0.060321282473262246,15.352636343301533,0.023649649820391992,17.761179977755237,1.42,bf175911,bf,G,V
644245142208,2457405.7917544,2.8095243060411943,0.13676324110592197,15.338199420368056,0.05291134037695112,16.87243293256455,1.45,bg038156,bg,G,V
644245142208,2457405.8791013,1.8895418036646683,0.19789192589366292,15.768890143111637,0.11383707893228849,16.471286205929548,1.46,bf176000,bf,G,V
644245142208,2457406.7002862,1.8373685506617565,0.08983691773840244,15.799290708275105,0.053146018850452496,17.32871928599332,1.43,bg038414,bg,G,V
644245142208,2457406.7938468,3.718859395296187,0.08153960060592699,15.033757007961688,0.023832576399828474,17.43393494398406,1.55,bf176247,bf,G,V
644245142208,2457407.7519064,2.056979228684035,0.08073447872406177,15.676706638957201,0.04266200988061008,17.444708779866104,1.51,bf176542,bf,G,V
644245142208,2457407.8291176,1.7668461982391714,0.07527444276252261,15.84178453862101,0.04630852790839645,17.520737520613068,1.45,bg038821,bg,G,V
644245142208,2457408.7790266,2.5658448443254738,0.09605783610696943,15.436705426495479,0.04069251952296715,17.25602439600275,1.41,bg039093,bg,G,V
644245142208,2457409.6387952,2.133469702851167,0.1626146306112677,15.637065204829558,0.08284862589653924,16.684457351296057,1.43,bg039316,bg,B,V
644245142208,2457409.7409633,1.8640482702898908,0.14612906527954414,15.783638518526393,0.08521020783251602,16.800514877881547,1.39,bf177171,bf,G,V
644245142208,2457412.7581017,2.38462807055674,0.23364855058927703,15.516229774693905,0.10650122716982707,16.290948665489374,1.75,bf177882,bf,B,V
644245142208,2457412.8154076,4.148278957962098,0.15662636841171326,14.915111520621018,0.04104016493265518,16.725194197780606,1.56,bg040144,bg,G,V
644245142208,2457415.8441764,3.4636403168861003,0.11941297806092067,15.110949439010302,0.03747407450214112,17.01972757012008,1.38,bg040787,bg,G,V
644245142208,2457415.8520668,3.2351952659355576,0.11812744895288038,15.185030158497426,0.039688300235753725,17.031479330768352,1.41,bf178574,bf,G,V
644245142208,2457415.8891278,3.3317748866517927,0.4158947661626229,15.153092278613222,0.13568129415007465,15.664897756151209,1.43,bg040821,bg,G,V
644245142208,2457416.839634,2.2431308266418553,0.09082501366176234,15.58264489506723,0.04401118283613181,17.316842714025242,1.33,bg041116,bg,G,V
644245142208,2457418.7710274,3.249047992510884,0.09202857813674058,15.180391088351586,0.030787807204658957,17.302549613361656,1.44,bg041440,bg,G,V
644245142208,2457419.6992577,1.84802231963348,0.08230609885897192,15.793013374164019,0.04841021127461731,17.423776349915375,1.37,bg041668,bg,G,V
644245142208,2457420.8337929,2.167461152977514,0.07063463107341718,15.619903098429752,0.035422444734669135,17.5898121907456,1.43,bf179792,bf,G,V
644245142208,2457421.7356246,2.0166225570601854,0.07337532896811798,15.698219852744725,0.03954919182939085,17.548481240279056,1.41,bf180059,bf,G,V
644245142208,2457421.7915516,4.209082780751157,0.10657127566166799,14.899312736577262,0.027521041790923406,17.143255982857287,1.42,bg042313,bg,G,V
644245142208,2457423.7766295,2.6027796754109174,0.07714545679040886,15.421187887627534,0.032217001758952445,17.494080506400785,1.47,bf180824,bf,G,V
644245142208,2457423.7795198,2.3481811972800686,0.10347871733067035,15.532952389067592,0.04789956873603096,17.175228801713736,1.37,bg043030,bg,G,V
644245142208,2457425.7284868,1.871429834700851,0.08101055628377651,15.779347532507886,0.04705223292351829,17.441002357681526,1.40,bg043711,bg,G,V
644245142208,2457425.7634114,2.0677948906293824,0.06150185694934395,15.671012759813316,0.032329050048967446,17.740135821690508,1.38,bf181534,bf,G,V
644245142208,2457427.7503613,3.08105711879034,0.08022595501874313,15.238032030401435,0.028302664202022182,17.45156915445592,1.42,bg044415,bg,G,V
644245142208,2457428.8486606,1.8666395367450255,0.05983810622497412,15.78213025388219,0.03484412417577483,17.769911792709824,1.41,bf182633,bf,G,V
644245142208,2457429.6892157,2.937887231789436,0.07845543736329172,15.289693600108333,0.029026862700915878,17.47579877418687,1.42,bg045065,bg,G,V
644245142208,2457431.7554988,1.7866520469190155,0.07806856678867528,15.82968145136833,0.04749505532434757,17.481165877424925,1.49,bg045554,bg,G,V
644245142208,2457433.7542148,3.3652501537013144,0.08019143984815172,15.142238022616146,0.02590137569260061,17.45203636527098,1.48,bg045945,bg,G,V
644245142208,2457434.7508873,2.057431627191242,0.07213359823521902,15.676467875519402,0.03810871962988131,17.567012402147995,1.65,bg046278,bg,G,V
644245142208,2457435.6536893,3.069503859498579,0.08270006423193706,15.242110945054444,0.029285310682043982,17.418591776519733,1.37,bf184389,bf,G,V
644245142208,2457435.7489418,2.647413467761185,0.07419744394715908,15.402726969903393,0.030463468051682985,17.536384032728865,1.43,bg046697,bg,G,V
644245142208,2457436.5888921,1.7458620143222294,0.10939856065985457,15.854756614779458,0.06811046806827174,17.114827373454776,1.42,bg046929,bg,G,V
644245142208,2457436.8591437,2.9613556708446325,0.07904227119378543,15.28105497688397,0.029012223358720505,17.467707866829574,1.47,bf184896,bf,G,V
644245142208,2457437.8501977,1.8175202514020226,0.06882235758134092,15.811083257995834,0.04115877683167242,17.61803252930622,1.50,bg047478,bg,G,V
644245142208,2457438.7543466,2.597854101226283,0.09904691997510978,15.423244512281455,0.04144177903381871,17.222753956196783,1.39,bf185527,bf,B,V
644245142208,2457438.8378159,1.9725355084179637,0.0999635434008793,15.722219329856209,0.055084445867787685,17.21275228834187,1.43,bg047824,bg,G,V
644245142208,2457439.5747805,2.262005042192013,0.17435645778068384,15.573547482846973,0.08378314166284702,16.608761300365153,1.45,bf185749,bf,B,V
644245142208,2457439.7836593,3.800583503632662,0.14524609095340527,15.010155707084415,0.041539986075300815,16.807095261334453,1.41,bg048139,bg,G,V
644245142208,2457444.8525306,2.374731338726038,0.19665948902607228,15.520745195623856,0.09001452529508001,16.47806912764093,1.48,bg049433,bg,G,V
644245142208,2457445.8126885,3.1968636273103908,0.11318729712878985,15.197971128484157,0.03848449140624466,17.077862170548748,1.46,bg049769,bg,G,V
644245142208,2457446.63574,1.7577126906597522,0.0830240107597268,15.847411683671329,0.051341433919073635,17.41434711959081,1.34,bg050003,bg,G,V
644245142208,2457448.7803152,3.8832414155812494,0.09952347746074179,14.986795427382063,0.027857576008036688,17.217542537819476,1.38,bg050853,bg,G,V
644245142208,2457448.8781854,3.239442281198127,0.10628101711368852,15.183605788759198,0.03566133755779253,17.146217138741658,1.45,bf188703,bf,B,V
644245142208,2457451.6867053,1.7422391226447576,0.06937444742929837,15.857012000113857,0.043281663863026336,17.60935755125506,2.91,bg051452,bg,G,V
644245142208,2457451.8728052,2.6950438764328633,0.06906460960466615,15.383366804330167,0.027854918611017628,17.614217490533697,1.52,bf189367,bf,G,V
644245142208,2457452.7927022,1.8362871529418836,0.059801089631049784,15.799929914986265,0.03539815887588092,17.77058365040989,1.49,bf189653,bf,G,V
644245142208,2457453.5123796,3.003571544685203,0.08674633419607466,15.26568645140475,0.03139245804157056,17.36672856605871,1.38,bg052037,bg,G,V
644245142208,2457456.8231471,2.0928379313225327,0.07435080450721396,15.657942409467648,0.038615551947970006,17.53414221334259,1.55,bg052781,bg,G,V
644245142208,2457457.7584989,4.2721667463633946,0.10923257327726783,14.883160916415513,0.02779176585538039,17.116475981703644,1.47,bf190889,bf,G,V
644245142208,2457461.7275612,1.9700107741660293,0.07105561794299378,15.723609901107858,0.03920504818662066,17.583360341952513,1.39,bf191796,bf,G,V
644245142208,2457465.6867916,3.3950229342360707,0.3383591878072859,15.132674623529054,0.10832967346662148,15.888911459140937,1.37,bg055152,bg,G,V
644245142208,2457466.5014851,1.8448823530613667,0.1378392302107741,15.79485971275805,0.08121127614478223,16.863924296059068,1.43,bf193710,bf,G,V
644245142208,2457466.6546727,2.0265129794801,0.24998184336147974,15.692907930339818,0.1340822376710558,16.2175852281396,1.46,bg056079,bg,G,V
644245142208,2457467.5833882,1.7476923639348225,0.0946456386667084,15.853618932746535,0.05886373158450242,17.272104878213256,1.49,bg056449,bg,G,V
644245142208,2457468.6063022,3.0202785287505343,0.11032333301340098,15.259663916394281,0.039703843595021916,17.105687958739185,1.54,bf194457,bf,G,V
644245142208,2457469.6790881,2.961052645893373,0.1281519435155827,15.281166082077405,0.04704259175229243,16.943043401287863,1.50,bg057119,bg,G,V
644245142208,2457475.7313431,4.175267050880597,0.1200851108177712,14.908070758851327,0.03126202295003223,17.013633485713775,1.54,bf196387,bf,G,V
644245142208,2457475.7533988,3.549703561290224,0.12311285852177525,15.08430118883094,0.037698450636692325,16.986597855714784,1.35,bg058636,bg,G,V
644245142208,2457476.5499958,2.0458057094086937,0.05526771269713643,15.682620438772537,0.029364274662778345,17.856177665439777,1.45,bf196642,bf,G,V
644245142208,2457476.6161205,1.8619195782249096,0.15027147999006285,15.78487910802644,0.08772589703488237,16.770164984429265,1.53,bg058925,bg,B,V
644245142208,2457477.7762178,1.9872797887362574,0.0999235175501785,15.714133865391018,0.05465386388564309,17.213187109041183,1.51,bg059432,bg,G,V
644245142208,2457479.769859,2.005549357562792,0.08656207922174797,15.70419801788839,0.04691443578318036,17.36903719456626,1.38,bg060125,bg,G,V
644245142208,2457480.6856325,2.364166083505673,0.04703762917244791,15.525586447961333,0.021626170070219747,18.031242833757126,1.41,bf198143,bf,G,V
644245142208,2457480.7606963,2.1243247203493714,0.08939721811844964,15.641729147178687,0.04574201313403887,17.334046382330445,1.44,bg060421,bg,G,V
644245142208,2457481.7306843,3.8171107083063283,0.10682938944842758,15.005444514397128,0.030420627130801865,17.140629527876477,1.38,bg060794,bg,G,V
644245142208,2457485.7153504,2.0673417482310357,0.09666817441811361,15.671250717178566,0.05082570538629775,17.24914760116767,1.37,bg061445,bg,G,V
644245142208,2457485.7232742,1.7576407406386318,0.07103190831502475,15.847456127989318,0.04392740462225442,17.583722687647512,1.42,bf199240,bf,G,V
644245142208,2457523.6014754,2.351671663046994,0.17576370530979987,15.531339689324,0.08123902191515409,16.600033395032618,1.44,bg062421,bg,B,V
644245142208,2457526.6638031,3.0870896040154436,0.32508251768285273,15.235908316425046,0.11446074070514256,15.932372357186848,1.54,bf200737,bf,B,V
644245142208,2457529.5795583,1.998293396684882,0.13678162666545549,15.708133271360374,0.07440132735500851,16.872286983069515,1.52,bf201138,bf,G,V
644245142208,2457529.6332784,4.272854164390639,0.1780690619488026,14.882986228805173,0.04529836983865872,16.58588521646838,1.58,bg063389,bg,G,V
644245142208,2457530.5124568,1.8819459709330877,0.12805231438675743,15.773263526903722,0.07395924239921989,16.94388781315324,1.43,bg063722,bg,G,V
644245142208,2457530.6277609,1.454230417300866,0.17884810008557508,16.053198343790413,0.13367902807966717,16.581145566246043,1.57,bf201595,bf,G,V
644245142208,2457534.6429523,1.9649637362481853,0.09999491633284557,15.726395055006357,0.05531406226166458,17.21241159029479,1.46,bf202030,bf,B,V
644245142208,2457546.481872,3.133713083401797,0.08972893939095261,15.219633327503644,0.03112328833686841,17.33002505778269,1.42,bg065531,bg,G,V
644245142208,2457546.5891496,2.668394721322691,0.062304958807587095,15.394156222390816,0.02537959649351476,17.72604986061375,1.50,bf203401,bf,G,V
644245142208,2457547.6228148,4.188353157249015,0.133382464913599,14.904673170078933,0.0346152615790172,16.899609546333927,1.60,bf203977,bf,G,V
644245142208,2457548.5134104,2.124062057386303,0.07952157061893163,15.641863401757629,0.040693956893871654,17.46114402077476,1.58,bg066589,bg,G,V
644245142208,2457548.5569983,1.637513891354355,0.06722867998160693,15.92431892230331,0.044625363204389056,17.643469933490906,1.63,bf204411,bf,G,V
644245142208,2457555.5854745,2.4301455356720743,0.1428451129372979,15.495700696399137,0.06389182245532407,16.82519292679902,1.58,bf205687,bf,B,V
644245142208,2457557.5532005,1.873628310435926,0.12290163701844176,15.778072804649177,0.07129948621374604,16.988462224635317,1.36,bg068475,bg,G,V
644245142208,2457558.5253764,3.1765352683149604,0.16958490177139038,15.204897200601229,0.05802907866553734,16.638888433209715,1.53,bf206674,bf,B,V
644245142208,2457559.5116419,1.9704242553587559,0.10789114834955325,15.72338204225511,0.05951661781341551,17.129891854736933,1.40,bg069312,bg,G,V
644245142208,2457560.5731044,1.9236362580586088,0.1656407177236487,15.749474018594736,0.09359579163733187,16.66443863458007,1.43,bf207581,bf,B,V
644245142208,2457561.5375873,2.6935191420730655,0.1496138284967182,15.383981238766795,0.06037593128137353,16.77492705286612,1.45,bg070212,bg,G,V
644245142208,2457561.5447222,2.906055045736228,0.17565449032285035,15.301521813685381,0.06570033630619503,16.60070825291263,1.59,bf207999,bf,B,V
644245142208,2457562.4749875,1.7807000113152454,0.07988898252252655,15.833304500867328,0.048765008151949014,17.456139168783505,1.72,bg070602,bg,G,V
644245142208,2457562.5455193,2.0446369898240313,0.17799531761959964,15.683240870982011,0.09462470467302987,16.586334949122644,1.67,bf208438,bf,B,V
644245142208,2457566.5596747,1.709584280025241,0.07234852911034344,15.877555115146029,0.04599931484720955,17.56378212849317,1.55,bf209103,bf,G,V
644245142208,2457568.5195803,1.7209140075080753,0.09257051328864462,15.870383480583312,0.05846900118241901,17.296174714103977,1.77,bg072186,bg,G,V
644245142208,2457568.5430186,2.008257698427825,0.06798172128410439,15.702732803373964,0.03679466801828111,17.63137600207948,1.61,bf209976,bf,G,V
644245142208,2457573.5443643,2.5461020745541845,0.09874904459848502,15.445091877622154,0.04215695792975062,17.226024137427235,1.49,bg073113,bg,G,V
644245142208,2457575.5338884,2.0213148991978587,0.06997545814361461,15.695696461487463,0.037629109952669576,17.599992017271514,1.49,bf211243,bf,G,V
644245142208,2457576.4900554,3.0975604450128187,0.0913414902519191,15.232231929907718,0.032052394229964344,17.310686161384496,1.50,bg073872,bg,B,V
644245142208,2457585.4808336,2.788667302998821,0.11454921615307805,15.346289642955833,0.04464857368385266,17.064876089404162,1.46,bf212912,bf,B,V
644245142208,2457593.4640998,1.7301734968741953,0.14585504009353736,15.864557266699213,0.0916313233005906,16.802552791229136,1.70,bf215363,bf,B,V
644245142208,2457695.844565,2.3816943614214967,0.08023691727732138,15.517566333296502,0.03661848553345633,17.45142080710463,1.42,bg111012,bg,G,V
644245142208,2457695.8680964,2.0337337680035787,0.16495708467480563,15.68904615529036,0.08816354520698426,16.668928962129034,1.49,bf247977,bf,G,V
644245142208,2457696.8647034,3.557558628813749,0.13507679705403067,15.081901239470541,0.04127060740597518,16.885904508480017,1.46,bf248309,bf,G,V
644245142208,2457697.8616799,1.7468535326416936,0.09564733700301495,15.854140173302007,0.059515291236344456,17.26067418623169,1.52,bf248386,bf,G,V
644245142208,2457700.8557115,2.006720884113741,0.07600760115272323,15.703563978429063,0.0411701290541891,17.510213828316648,1.47,bf249253,bf,G,V
644245142208,2457701.8523878,2.2808967175558688,0.06234944836955454,15.564517353985497,0.029712498163768565,17.72527485503943,1.43,bf249466,bf,G,V
644245142208,2457703.8616542,2.095451693121186,0.14940492533395608,15.656587271003842,0.07749959519696717,16.776444106636795,1.44,bg113161,bg,G,V
644245142208,2457704.8426906,2.2873089793106134,0.08435247534180232,15.56146931728316,0.04008530287204376,17.397111814730653,1.48,bg113473,bg,G,V
644245142208,2457710.8585181,2.2248298532103017,0.12067632074979959,15.591539396154246,0.05895727876412983,17.008301241974955,1.41,bf251823,bf,G,V
644245142208,2457711.8474973,3.2095939387668064,0.2061412304978964,15.193656176548327,0.06981149614680196,16.42694423340786,1.46,bf251994,bf,B,V
644245142208,2457714.8495208,3.3788166458063666,0.1045332667291881,15.137869841826623,0.03362807986370343,17.164220087229744,1.77,bf252818,bf,G,V
644245142208,2457714.8612702,2.6650036283223897,0.2524893250546054,15.395536892912276,0.102981067500601,16.20674884019254,1.83,bg115868,bg,G,V
644245142208,2457716.8469505,2.259810554922485,0.06963119696216731,15.574601322578069,0.03349222504057462,17.60534674174272,1.81,bg116379,bg,G,V
644245142208,2457719.829134,2.252399048483394,0.07191537137663442,15.578168066509209,0.03470472160950244,17.570302074863,1.62,bg117325,bg,G,V
644245142208,2457719.8409368,2.14274584261923,0.06031005134607657,15.632354751637036,0.030593644067888122,17.76138214813759,1.59,bf254026,bf,G,V
644245142208,2457721.8460889,1.8573006196671202,0.08211236315276944,15.787575895442039,0.04805499319776846,17.426335015957545,1.49,bf254660,bf,G,V
644245142208,2457722.7854212,2.3401608500318103,0.08321787470172545,15.536667130777529,0.03865298901615276,17.411814843257982,1.42,bg118238,bg,G,V
644245142208,2457722.8090105,2.0045969248324815,0.07814674407009183,15.704713755043354,0.04237366228962134,17.480079173292754,1.44,bf254948,bf,G,V
644245142208,2457725.787293,2.3551184909443723,0.07127803484269093,15.529749498817818,0.03289691161056824,17.579967099772837,1.37,bg118974,bg,G,V
644245142208,2457725.8030249,2.325521156253128,0.054078111007933846,15.54348066745008,0.025276293567723717,17.879802611322596,1.50,bf255678,bf,G,V
644245142208,2457729.7639917,3.682188173029643,0.10363636349301253,15.044516457662844,0.030592738853802797,17.17357597973313,1.38,bg119931,bg,G,V
644245142208,2457729.7897103,3.9882339787367305,0.09225391325839222,14.95782983138746,0.025142956307675757,17.29989440048862,1.46,bf256939,bf,G,V
644245142208,2457735.8543219,3.168108665757524,0.14704439583794945,15.207781230959544,0.05044993145872172,16.793735200403518,1.42,bg120972,bg,G,V
644245142208,2457737.7687857,2.555381569910721,0.1495715993816018,15.441142008962593,0.06362174139827761,16.775233549608334,1.53,bf258040,bf,G,V
644245142208,2457738.8478877,3.0714977435871105,0.10622367905324827,15.2414059029916,0.03759095084836676,17.146803045884084,1.44,bf258415,bf,G,V
644245142208,2457739.7885518,2.333617155822729,0.2693901852740879,15.539707382303853,0.1254770595277651,16.136401971250283,1.43,bg121697,bg,G,V
644245142208,2457740.7655491,2.6998578759280196,0.1406137144227705,15.381429147198029,0.05661075544032411,16.842287192115627,1.38,bg121993,bg,G,V
644245142208,2457742.7282959,1.8044862651500708,0.10674401561902896,15.818897452579485,0.0642986905328857,17.14149755226767,1.40,bg122592,bg,G,V
644245142208,2457742.8233699,2.1875025485170942,0.08540130287636002,15.609909985359668,0.04243538056191338,17.383695152911763,1.50,bf259653,bf,G,V
644245142208,2457743.7288185,2.266707115928804,0.07756497633142498,15.571292884475627,0.037194817226060974,17.488192232914635,1.37,bg122906,bg,G,V
644245142208,2457744.7823325,4.080005339306228,0.11149898538462232,14.933129575940749,0.02970450753177675,17.094179105123775,1.42,bf260250,bf,B,V
644245142208,2457745.7752229,2.1801755885652705,0.07869606920144144,15.613552723172825,0.03923500753901768,17.472473792981233,1.38,bg123569,bg,G,V
644245142208,2457745.8169375,1.918575068441556,0.06762347686746896,15.752334413048736,0.038311651398387644,17.637112652937624,1.42,bf260589,bf,G,V
644245142208,2457747.7796484,3.7109338415392674,0.08237763093742181,15.036073374957715,0.024128940858646215,17.42283314839383,1.52,bf261106,bf,G,V
644245142208,2457749.7108517,2.423869941148468,0.06699548189493783,15.498508122131316,0.03004335122793539,17.647242605367403,1.63,bg124444,bg,G,V
644245142208,2457750.8023503,3.0581496802333374,0.07032439922747225,15.246134559487674,0.024995363984883456,17.594591316852537,1.47,bf261806,bf,G,V
644245142208,2457751.7805967,2.0329918002486904,0.08587349633847269,15.68944233705855,0.045913002146996416,17.37770852979239,1.59,bg125115,bg,G,V
644245142208,2457753.723438,3.7583995439856848,0.08526791953714966,15.022274037667753,0.02466010336350372,17.385392226911737,1.43,bf262692,bf,G,V
644245142208,2457754.7313743,2.0623103595786256,0.07739596383124069,15.673896346098621,0.040792137445229956,17.490560611205034,1.46,bg126015,bg,G,V
644245142208,2457756.7160384,3.6366690361910607,0.08694225373763781,15.058021957417909,0.025985991239335534,17.364279158964745,1.53,bf263631,bf,G,V
644245142208,2457757.7849964,2.1148637795080365,0.07910432565279062,15.646575406342425,0.040656501614528696,17.466855812120716,1.37,bg126999,bg,G,V
644245142208,2457758.8146227,1.9245627427068135,0.07502829280324513,15.748951219256686,0.042374556239585276,17.5242937321552,1.45,bf264260,bf,G,V
644245142208,2457760.7160153,1.9972583281716083,0.07968709236822812,15.708695802626039,0.043367652309337014,17.458886442358313,1.53,bg127805,bg,G,V
644245142208,2457761.7018445,2.347022901766067,0.08455852631214429,15.53348808607856,0.03916086271440913,17.39446287999808,1.44,bf265114,bf,G,V
644245142208,2457761.8305915,2.3398990460296947,0.05285737992861712,15.53678860361773,0.024553911389014797,17.90459231388148,1.72,bg128209,bg,G,V
644245142208,2457762.6742428,1.9752944644656465,0.1259886363465351,15.720701787826009,0.06932848362886082,16.961527955378145,1.73,bg128411,bg,G,V
644245142208,2457762.8346679,2.739694896236636,0.1018749852324645,15.365525902811559,0.04041825232167767,17.192187496692377,1.44,bf265532,bf,G,V
644245142208,2457763.8448175,1.6624486147096653,0.07240587015638338,15.907910828515877,0.04734103182637156,17.562921950795275,1.50,bg128857,bg,G,V
644245142208,2457764.6741184,2.5095736822041497,0.13683036088443234,15.460781526303931,0.05926450942242297,16.871900212687216,1.39,bg129050,bg,G,V
644245142208,2457764.6938533,2.692249668589074,0.14047445195682207,15.384493074085588,0.05671451034933839,16.843363027612817,1.45,bf266066,bf,G,V
644245142208,2457766.7650162,2.1926241990107673,0.14425594846194192,15.60737089723554,0.07151245710556059,16.81452206734092,1.59,bf266760,bf,B,V
644245142208,2457766.7988191,1.6010348964798453,0.19994575205117215,15.948779409535309,0.13574491078483034,16.460075939273942,1.41,bg129785,bg,G,V
644245142208,2457768.8102585,2.866816599229864,0.1267909736844414,15.316281628455403,0.04807293071380315,16.95463555118829,1.71,bf267436,bf,G,V
644245142208,2457768.84408,2.488540049994539,0.15112122570696593,15.46991981808606,0.06600745760782842,16.764042725218385,1.43,bg130460,bg,G,V
644245142208,2457771.7978538,3.2493448149249575,0.0995509626295398,15.180291903568172,0.03330134973012575,17.217242733956823,1.42,bg131205,bg,G,V
644245142208,2457771.8095379,3.1860181111848194,0.09341747208703215,15.20166080387895,0.03187073236429962,17.286286116342136,1.47,bf268215,bf,G,V
644245142208,2457772.7142528,1.7197953683989478,0.0968672142916902,15.871089466989567,0.061222661865333,17.246914367498476,1.34,bg131465,bg,G,V
644245142208,2457772.7378748,1.9154638023154922,0.10557201044619673,15.754096531342817,0.05990830269352411,17.15348441352345,1.48,bf268484,bf,G,V
644245142208,2457773.7556776,2.4058297381114,0.08194787401220183,15.506619182434648,0.03702413960937367,17.428512165986486,1.36,bg131818,bg,G,V
644245142208,2457773.8208229,1.9575527623624978,0.07337040124393603,15.730497713204077,0.04073986544222962,17.5485541583605,1.50,bf268869,bf,G,V
644245142208,2457774.7513727,3.6316530791868997,0.11969616305191051,15.059520517030165,0.03582515240843267,17.01715582117158,1.40,bg132138,bg,G,V
644245142208,2457775.8500627,1.6622992375687238,0.0740597676101076,15.908008390302452,0.04842674867614671,17.538400531286655,1.54,bf269537,bf,G,V
644245142208,2457777.6651964,2.492894617213831,0.10701854654050152,15.468021604898022,0.04666242459909925,17.1387087727767,1.33,bg132767,bg,G,V
644245142208,2457777.6748062,3.021603970876435,0.0770905016160142,15.259187548134365,0.027731636674862666,17.49485421475804,1.48,bf269776,bf,G,V
644245142208,2457778.6666563,2.136686395542318,0.08141435936066975,15.63542944243844,0.041416404885112924,17.43560386913454,1.36,bg133096,bg,G,V
644245142208,2457779.6819604,2.16604489909669,0.07127211792816465,15.620612767759763,0.03576550672263826,17.58005723237811,1.42,bf270435,bf,G,V
644245142208,2457780.6697786,2.9774130330538786,0.08837176634523644,15.275183691822146,0.03226165355635532,17.34657255464514,1.38,bg133742,bg,G,V
644245142208,2457781.6772978,2.0211700701059554,0.06204590729657096,15.69577425828317,0.03336740662288446,17.730573544607243,1.43,bf271086,bf,G,V
644245142208,2457781.7766236,1.685317206399529,0.08263673225175523,15.893077267576336,0.05329710912294688,17.41942355539325,1.35,bg134149,bg,G,V
644245142208,2457783.6643166,2.986512574438229,0.07675107256361322,15.271870535406586,0.027933945293762946,17.49964526049594,1.46,bf271723,bf,G,V
644245142208,2457784.6166025,1.7671363877501371,0.0939921946844905,15.841606230295294,0.05781411650685027,17.27962691782131,1.37,bg135017,bg,G,V
644245142208,2457785.6712556,2.512776343832577,0.06601892043840465,15.459396817498343,0.02855793206778214,17.663185347836816,1.42,bf272301,bf,G,V
644245142208,2457786.7029351,3.829076133867616,0.12123382171574783,15.002046400641845,0.03441453984258832,17.00329690401418,1.41,bg135656,bg,G,V
644245142208,2457787.6820539,1.9458689164085827,0.08094846870804742,15.736997452915713,0.045217571052732185,17.441834799493773,1.56,bg135973,bg,G,V
644245142208,2457787.7577056,1.7424068880902843,0.07866858063049499,15.856907456342297,0.04907540675874924,17.47285310735748,1.48,bf273031,bf,G,V
644245142208,2457791.6090183,2.631611372055262,0.11307623052383163,15.409227018371986,0.04670482409625912,17.07892808731474,1.36,bg137014,bg,G,V
644245142208,2457791.6290246,2.552450060474608,0.12501685877451732,15.442388270197952,0.053238216910317986,16.96993493757578,1.49,bf274030,bf,G,V
644245142208,2457792.8338952,2.4378798307196865,0.0670745689861693,15.492250668683491,0.029905961435693493,17.64596166711647,1.45,bf274521,bf,G,V
644245142208,2457792.8497555,2.484153081043566,0.07418304181528884,15.471835517337716,0.032459248070856185,17.53659480055276,1.38,bg137532,bg,G,V
644245142208,2457794.6820558,2.1302041919931427,0.1877095162578718,15.638728317040425,0.09578052829672014,16.528640667457633,1.54,bg137841,bg,G,V
644245142208,2457794.7036684,2.038954630941705,0.1405063119866813,15.686262498667617,0.07490321257854543,16.843116807283955,1.55,bf274848,bf,G,V
644245142208,2457796.7304132,1.6017237234675887,0.17491185786965024,15.948312384386252,0.11869811369799026,16.605308261735672,1.43,bg138468,bg,G,V
644245142208,2457796.8314133,2.6725568263900077,0.17313383226760096,15.392464033636069,0.07041532148491537,16.61640153838141,1.47,bf275534,bf,G,V
644245142208,2457798.6871429,4.096145334470378,0.15809649114543242,14.928843011136394,0.04195261595541494,16.71505081582756,1.47,bg139127,bg,G,V
644245142208,2457798.7843504,3.3164434831933547,0.16894294779537128,15.1580999027274,0.05537065227814288,16.643006224463264,1.44,bf276191,bf,G,V
644245142208,2457799.6027861,1.8822371180730386,0.10705149353741723,15.773095570678475,0.06182022336353414,17.13837456676021,1.43,bf276403,bf,G,V
644245142208,2457799.6129669,1.6635128640133092,0.1357263686603285,15.907215995429754,0.08868501397181455,16.88069581927354,1.39,bg139418,bg,G,V
644245142208,2457800.6428466,2.5032963690319736,0.09270264830285663,15.46350073094018,0.04025242452384667,17.29462604086995,1.38,bg139788,bg,G,V
644245142208,2457800.6737811,2.1610183660876996,0.08741701471679814,15.623135259802353,0.043969313610883576,17.358366465453656,1.49,bf276803,bf,G,V
644245142208,2457801.6024353,1.8560385146843927,0.08012663800605906,15.788313944447065,0.04692476533038225,17.452914091736623,1.40,bg140107,bg,G,V
644245142208,2457801.6988075,3.692446001472835,0.09725102155504398,15.041496022305063,0.028628077995692655,17.242620963711158,1.44,bf277171,bf,G,V
644245142208,2457802.7259025,1.9031394789044866,0.08453211969087325,15.76110485852517,0.04827956112145724,17.394801995444972,1.43,bf277541,bf,G,V
644245142208,2457803.697358,2.1647016318517855,0.06476134019695924,15.621286293174748,0.03251845891733086,17.684066824583798,1.42,bf277869,bf,G,V
644245142208,2457804.8216281,2.6550817007150638,0.07042657877327495,15.399586680781374,0.028831741441617136,17.593014914992615,1.36,bg141320,bg,G,V
644245142208,2457805.7197611,1.9042568609420192,0.060497527951545914,15.760467581993264,0.03453220198639493,17.758012321464655,1.41,bf278589,bf,G,V
644245142208,2457806.7943395,2.026246767913869,0.08170206239551608,15.69305056674267,0.04382812151343973,17.431773844889136,1.43,bg142004,bg,G,V
644245142208,2457807.7399472,3.2924277485359608,0.07229262044297628,15.165990771367468,0.023866563297872286,17.564621475629593,1.59,bf279293,bf,G,V
644245142208,2457808.7629851,1.7151045793211224,0.07855886413102253,15.874054888267748,0.0497870921325582,17.474368405087507,1.45,bg142602,bg,G,V
644245142208,2457813.6437886,3.8159554079680094,0.09350539902484238,15.005773176928056,0.02663456262503689,17.285264674008975,1.62,bf280214,bf,G,V
644245142208,2457816.8051625,2.437835021174175,0.09746581035157087,15.492270625283647,0.043457041714497574,17.240225648780555,1.71,bg143685,bg,G,V
644245142208,2457817.6147125,1.8085311542935898,0.07377122630085206,15.816466418398196,0.04433770209268251,17.54263888666219,1.43,bf280883,bf,G,V
644245142208,2457818.709341,2.2218889876036916,0.09080914865265446,15.592975513364378,0.04442418001631799,17.317032383353975,1.42,bg144311,bg,G,V
644245142208,2457819.5118912,1.8086271865602606,0.12438068869586388,15.816408767779148,0.07475083962079393,16.97547400074526,1.54,bg144526,bg,G,V
644245142208,2457820.8325705,3.923689522022829,0.1040851454017378,14.975544817664986,0.02883409275264423,17.168884510591848,1.46,bg144853,bg,G,V
644245142208,2457821.4981754,3.0474418974852444,0.25004691691526976,15.249942819235645,0.08918631961649433,16.217302633539717,1.39,bg144950,bg,G,V
644245142208,2457821.8117228,2.219009710975678,0.07045704090105166,15.59438339745666,0.03451257546600172,17.592545395035746,2.00,bf282179,bf,G,V
644245142208,2457822.7611859,2.957659584308586,0.15804684678204933,15.282410937399934,0.058083104547074875,16.71539180471876,1.57,bg145505,bg,G,V
644245142208,2457824.7634939,2.2317700271623093,0.1531489569096508,15.588157802822762,0.07458934186070752,16.749571285693555,1.47,bf283034,bf,G,V
644245142208,2457824.8131728,1.9389809781763039,0.22082931433837402,15.740847533075499,0.12379278915723893,16.352214583688514,1.47,bg146265,bg,G,V
644245142208,2457826.6567864,2.5065804188541847,0.1495564074343222,15.46207729780923,0.06485381885450202,16.775343833144618,1.39,bg146881,bg,G,V
644245142208,2457826.7319601,1.9223743480291562,0.15740709738890885,15.750186497885938,0.08900174476959155,16.71979561733999,1.50,bf283742,bf,G,V
644245142208,2457827.5210934,3.078170721414056,0.09626665785256074,15.239049647038932,0.03399345944360153,17.25366665764132,1.48,bf283956,bf,G,V
644245142208,2457827.5250494,3.261969551055159,0.10805900899671975,15.17608164754363,0.03600752328410246,17.128203942850885,1.40,bg147153,bg,G,V
644245142208,2457829.8320612,4.282941007061057,0.1612402234092875,14.88042617327942,0.04092073930330952,16.69367291561207,1.47,bf284934,bf,G,V
644245142208,2457830.7543319,2.2337324161926015,0.10565652130880733,15.587203537549282,0.05141351939397884,17.15261562456426,1.43,bf285252,bf,G,V
644245142208,2457831.7117647,3.0074125264698117,0.08211060897244926,15.26429889372581,0.029676893722106124,17.42635821097172,1.40,bf285599,bf,G,V
644245142208,2457832.6852898,1.878329141391515,0.08084911630812996,15.77535216343878,0.04678598245186354,17.443168200250867,1.51,bf285960,bf,G,V
644245142208,2457832.7982045,3.0971797163744315,0.11140156974456276,15.23236538856995,0.03909642767116397,17.095128117511788,1.44,bg149241,bg,G,V
644245142208,2457833.6764619,2.0264206516124204,0.06350955337648746,15.692957397574068,0.034066038154705776,17.705258747115394,1.47,bf286251,bf,G,V
644245142208,2457833.7676356,2.0728026173596747,0.10259375187841113,15.668386533595937,0.05379911563213496,17.18455411277438,1.54,bg149526,bg,G,V
644245142208,2457834.6955598,3.1958083324259423,0.08238184832565155,15.19832959263823,0.028019667638364505,17.422777564689486,1.43,bg149854,bg,G,V
644245142208,2457835.7282984,1.8237866860407252,0.10098688991958961,15.807346302119553,0.06018705994972837,17.201693899941535,1.45,bf287051,bf,G,V
644245142208,2457836.6516885,2.0360648574230424,0.10100164298138836,15.68780238443634,0.053919890687537636,17.201535297538474,1.44,bg150572,bg,G,V
644245142208,2457837.7602228,2.7199315966415085,0.07417208132458285,15.373386449187638,0.02964112319084419,17.536755229142635,1.49,bf287828,bf,G,V
644245142208,2457840.5791757,3.0070521605910128,0.09751166719491657,15.264429000826741,0.035247457291309,17.239714939168337,1.40,bg152329,bg,G,V
644245142208,2457840.6036945,4.26913346513297,0.09887310502605266,14.883932073805601,0.02517390641693573,17.224660961126016,1.46,bf288809,bf,G,V
644245142208,2457844.7167538,1.634144690568128,0.09171276892219646,15.926555136429117,0.061003039010014304,17.306281879845642,1.42,bg153053,bg,G,V
644245142208,2457844.7328004,1.4067707368541118,0.08164759178715383,16.08922309026925,0.06308588887468776,17.43249794454006,1.45,bf289532,bf,G,V
644245142208,2457846.729771,2.886762967614757,0.08830821200415227,15.308753591059656,0.033250803075233544,17.34735366468042,1.44,bf290312,bf,G,V
644245142208,2457847.7560368,2.3070147275332062,0.06963939373036342,15.552155487063427,0.03281079755659605,17.60521893977163,1.61,bg154229,bg,G,V
644245142208,2457848.7335382,2.048766816973152,0.058354383363034217,15.681050075942881,0.030959442061944845,17.797172683217138,1.45,bf291074,bf,G,V
644245142208,2457850.7455355,1.8097999896226553,0.10921387619057386,15.815704951049678,0.0655932896841852,17.116661840563296,1.63,bf291651,bf,G,V
644245142208,2457850.7494979,2.2603158163167207,0.1129616188911617,15.574358594589592,0.054321775511901975,17.0800291242434,1.61,bg155190,bg,G,V
644245142208,2457852.7670838,1.9841341699764572,0.2374999591825969,15.71585381346171,0.13010820208260618,16.273197545372355,2.37,bf292466,bf,G,V
644245142208,2457853.6713923,2.2052205020938294,0.1567942090393952,15.601151350784297,0.0772841028479825,16.724031347115183,1.55,bg156334,bg,G,V
644245142208,2457854.5863774,2.049028472858524,0.15450054480520425,15.680911421252626,0.08195853645410063,16.740031355707224,1.45,bf293140,bf,G,V
644245142208,2457855.691993,2.897221897771076,0.14207167180991034,15.3048270069572,0.053301312663337236,16.831087666189454,1.36,bg157164,bg,G,V
644245142208,2457856.6385917,1.9951173940624372,0.12230599538611298,15.709860267124808,0.06663332179267797,16.993737027470388,1.44,bf293967,bf,G,V
644245142208,2457857.6795989,2.391147342779102,0.32386278933322526,15.513265558974174,0.14722002476235355,15.936453763660747,1.68,bg157926,bg,B,V
644245142208,2457858.5254335,1.9189041707231573,0.06781216096957002,15.752148187539328,0.03841196019253007,17.63408743303651,1.50,bf294685,bf,G,V
644245142208,2457858.720568,2.525084062831393,0.10577750546168077,15.45409180242375,0.045533355149351966,17.151373091455284,1.43,bg158370,bg,G,V
644245142208,2457862.683466,1.4546702716970765,0.1289297049351882,16.052869995800922,0.09633865924936412,16.936473921798722,1.40,bg158742,bg,G,V
644245142208,2457863.6940488,2.093936406406213,0.07384312450633276,15.657372684854119,0.03833175903632584,17.54158123216595,1.43,bg159069,bg,G,V
644245142208,2457864.697198,2.6789509856325404,0.06591709100921582,15.389869485057922,0.026745174641417162,17.664861310581486,1.41,bf295837,bf,G,V
644245142208,2457865.5874472,2.1448425116842897,0.07380602477157605,15.63129288211661,0.03740318439795685,17.542126857064662,1.44,bg159709,bg,G,V
644245142208,2457866.6045662,2.2842959830739025,0.08058151000203062,15.56290046437464,0.03834380416430494,17.44676789044524,1.43,bg160133,bg,G,V
644245142208,2457869.6341823,1.9126675882574125,0.06883536706292025,15.755682658395052,0.039118690364547785,17.617827312123758,1.46,bg161175,bg,G,V
644245142208,2457869.7280572,1.9638641191096597,0.08353887528483057,15.727002816004699,0.046236969465466425,17.407634833929,1.51,bf297481,bf,G,V
644245142208,2457871.5360465,1.8749929535780256,0.07268601199178465,15.777282304661554,0.0421369769005861,17.55872929016362,1.42,bf298182,bf,G,V
644245142208,2457872.5510127,2.5307269056567936,0.0785661673962961,15.45166819863972,0.033744458103545996,17.474267473753407,1.45,bg162382,bg,G,V
644245142208,2457874.706389,1.7899517798322746,0.0810459875070622,15.827678075719263,0.049215551879193103,17.440527597926526,1.49,bf299586,bf,G,V
644245142208,2457875.6827855,2.1171005270940437,0.23666420288098708,15.645427703816967,0.1215075502988879,16.2770249616442,1.43,bg163756,bg,B,V
644245142208,2457877.5172548,1.642896474573694,0.09702536311953992,15.920755910320574,0.0641929378077563,17.24514320174776,1.39,bg164313,bg,G,V
644245142208,2457878.6812286,1.7888979298911907,0.15309844277433535,15.828317500764344,0.09302450858769275,16.749929460333522,1.46,bf301101,bf,B,V
644245142208,2457879.5500653,3.854599784207585,0.13733642967791926,14.994833172630722,0.038727426002144606,16.86789201144529,1.47,bf301428,bf,B,V
644245142208,2457880.6385422,2.086988904704026,0.2048535053250767,15.66098105406062,0.106692878487436,16.433747894356124,2.18,bg165646,bg,G,V
644245142208,2457882.6232447,3.426737009227366,0.16570501254403613,15.122579466920632,0.05256141442561862,16.664017278825206,1.58,bf302218,bf,B,V
644245142208,2457882.6686478,3.1164569226765853,0.12373985051986756,15.22562858396592,0.04315793250435154,16.981082426056528,1.41,bg166013,bg,G,V
644245142208,2457887.6558105,2.569835530480272,0.46533897736419183,15.435018081101706,0.19682319365041123,15.542932815937009,1.47,bg167084,bg,B,V
644245142208,2457889.6502212,1.6600674024939708,0.11712105508320865,15.909467100174497,0.07668694323158601,17.040768953509332,1.56,bg167586,bg,G,V
644245142208,2457889.6726115,1.6567544813787047,0.11757540307144,15.911636019531915,0.07713837662793442,17.036565203009555,1.38,bf303844,bf,G,V
644245142208,2457890.6078557,2.160003868950001,0.06328564710184918,15.623645081891826,0.03184658501712543,17.709093330768802,1.60,bg167977,bg,G,V
644245142208,2457890.6156228,2.060488338217857,0.06967027815471061,15.674856002308406,0.03675272594706388,17.604737532590455,1.51,bf304224,bf,G,V
644245142208,2457894.6332288,3.340561161753519,0.11206097707011664,15.150232835555306,0.0364625594206707,17.08872038167151,1.75,bg168956,bg,G,V
644245142208,2457894.660392,2.8652942377149717,0.0740298328396833,15.316858338536324,0.02808340188912772,17.538839471825014,1.41,bf305217,bf,G,V
644245142208,2457899.6435069,1.9450411547619626,0.07002818006610596,15.737459417230369,0.039134178133979604,17.599174294197013,1.51,bf306287,bf,G,V
644245142208,2457901.6168911,1.8443251394412008,0.06775985271183449,15.795187689434357,0.03993439781421984,17.634925260409688,1.72,bg170301,bg,G,V
644245142208,2457902.6040362,2.2858218400905286,0.07108921635172395,15.562175459754673,0.0338044225422967,17.58284707659692,1.42,bf306923,bf,G,V
644245142208,2457903.6083363,3.119397951914577,0.08541931945059682,15.224604447829362,0.02976442499180269,17.383466126149763,1.39,bg171012,bg,G,V
644245142208,2457903.6313056,3.059046958183175,0.07530156373246527,15.245816045233372,0.026756544412371446,17.520346406251907,1.50,bf307271,bf,G,V
644245142208,2457905.6010845,1.8789333063415319,0.08482622599045563,15.775002992320363,0.04907168298292091,17.39103103066354,1.73,bg171817,bg,G,V
644245142208,2457905.6306751,2.1097114107160286,0.08638629367932646,15.6492237749284,0.044507578063365076,17.37124429013128,1.56,bf308082,bf,G,V
644245142208,2457906.5659447,3.6913123600362114,0.09987679317990188,15.041829412294378,0.02941006371951131,17.213694919476442,1.52,bf308474,bf,G,V
644245142208,2457910.5230491,1.475997376704691,0.1196263096940391,16.037067440480477,0.08809541232642457,17.017789629780932,1.38,bg173811,bg,G,V
644245142208,2457913.6082721,1.6746985348755377,0.1886150084948356,15.899939803582306,0.12241983217390208,16.523415774911847,1.55,bf310996,bf,B,V
644245142208,2457914.4770071,2.8324535636509385,0.09677221999533782,15.329374408015536,0.03713642369886676,17.247979633521886,1.53,bf311342,bf,G,V
644245142208,2457914.5772292,2.442508199894249,0.148748342494108,15.490191328542169,0.06619547110583161,16.78122605598931,1.49,bg175173,bg,G,V
644245142208,2457915.4733297,2.3924077270276434,0.0900147965065503,15.512693413437123,0.04089694620631235,17.32657163360737,1.81,bg175541,bg,G,V
644245142208,2457917.5969142,2.043640288659752,0.12156998773465183,15.683770264898866,0.06465976020789158,17.000290461474638,1.42,bf312747,bf,G,V
644245142208,2457918.562004,3.3517242715209727,0.09062472661303324,15.14661069367442,0.029389391740795478,17.319239620057047,1.59,bf313168,bf,B,V
644245142208,2457919.4540835,2.418168330801532,0.17087403949079355,15.501065081532523,0.07680716402355015,16.63066617780997,1.68,bg177296,bg,B,V
644245142208,2457922.5594697,1.719291267762756,0.11142242697603622,15.87140776098642,0.07044259221254688,17.094924858870517,1.44,bg178259,bg,B,V
644245142208,2457923.4929622,2.476723053388146,0.06346077253574703,15.475087788042002,0.027850954303498175,17.706093007043698,1.41,bf314892,bf,G,V
644245142208,2457925.5383579,1.749553556546867,0.18282344455697527,15.852463300892413,0.11358391096082647,16.557276675728673,1.58,bg179576,bg,G,V
644245142208,2457929.5320377,2.3021700352045715,0.10334100353784599,15.554437912294778,0.04879186855915567,17.176674707087113,1.55,bg180977,bg,B,V
644245142208,2457933.4864185,3.9106691332222487,0.10640497390439393,14.979153720744012,0.029574882556112677,17.14495156981454,1.62,bg181795,bg,G,V
644245142208,2457933.540157,3.245400748765017,0.09674784952777493,15.181610574456265,0.03240299554637995,17.24825309248834,1.51,bf318096,bf,G,V
644245142208,2457934.5217628,1.9268246057803635,0.0975046803347846,15.74767594534145,0.05500414924744021,17.2397927366156,2.20,bf318531,bf,G,V
644245142208,2457937.4881283,1.736718808308278,0.09229287657951694,15.860457635436877,0.05776314716479047,17.299435938013403,2.08,bf319838,bf,G,V
644245142208,2457937.5068934,2.054779693035203,0.11456478231813688,15.677868241940669,0.06060354680573012,17.064728558051975,2.27,bg183582,bg,G,V
644245142208,2457941.5200424,2.806094668924539,0.2749586675717019,15.339525607798617,0.10650678333682405,16.1141878572344,1.57,bf320843,bf,B,V
644245142208,2457942.4885886,3.9936805789064804,0.1282833022630011,14.956348088662136,0.0349147532633121,16.941931066203615,1.57,bg184984,bg,G,V
644245142208,2457942.5117128,3.7052045110595673,0.14168349733208024,15.037750944191895,0.04156418383606934,16.834058222451187,1.58,bf321280,bf,G,V
644245142208,2457945.5047402,4.063697162017942,0.13632771725949597,14.937478065385557,0.03646489771778007,16.875895986865725,1.51,bf322594,bf,G,V
644245142208,2457946.4791463,2.119950088598179,0.07768947738933865,15.643967314107332,0.03983352465372703,17.486450893689334,1.75,bg186739,bg,G,V
644245142208,2457948.5122202,3.654977721767509,0.08813106473170938,15.052569569163909,0.026209362373792993,17.34953385126303,1.44,bf323882,bf,G,V
644245142208,2457952.4771667,1.9914605347668748,0.07233676139644192,15.71185214372543,0.03948203501333968,17.56395874123678,1.55,bf325217,bf,G,V
644245142208,2457955.4744445,2.2931701249597207,0.15173155865385413,15.558690716459566,0.07192035402752643,16.75966659589936,1.52,bf326435,bf,B,V
644245142208,2457957.471416,4.202577722653787,0.10385491005339724,14.900992019400308,0.026861078901328998,17.171288808839364,2.07,bf327016,bf,G,V
644245142208,2457961.4615248,1.8006718425329669,0.12988581893703574,15.821194970833796,0.07840420149872705,16.92845205128287,2.04,bf328667,bf,G,V
644245142208,2458071.8398971,1.9178885604799354,0.08097547896197038,15.752722982642425,0.045892564757067,17.441472579929865,1.47,bf358940,bf,G,V
644245142208,2458074.8419808,1.625612787300585,0.11587751615279593,15.932238637418967,0.07748082623929518,17.05235844997224,1.45,bg223459,bg,G,V
644245142208,2458076.8386371,2.4531573728755918,0.07859456023737049,15.485467880536717,0.03482404788531322,17.47387517300105,1.47,bf360438,bf,G,V
644245142208,2458077.8394145,2.0128265808784667,0.08203278144184689,15.700265507051814,0.04429893147858821,17.427387800695936,1.50,bg224455,bg,G,V
644245142208,2458080.8260318,2.0372692931338694,0.08640575999272604,15.687160306253052,0.046100584079116214,17.370999657570103,1.39,bg225071,bg,G,V
644245142208,2458081.8544507,2.0313701331357183,0.09984098327824177,15.690308747490942,0.053423453530652955,17.214084269967195,1.50,bf361735,bf,G,V
644245142208,2458083.8173168,1.6500596782849457,0.1062287837778056,15.916032275071402,0.06997690498304639,17.146750870595604,1.40,bg226040,bg,G,V
644245142208,2458083.8610101,3.5898820131067017,0.22201822318618555,15.072080966844691,0.06722342259608557,16.346384837005353,1.51,bf362393,bf,G,V
644245142208,2458085.8148005,2.7594690354311577,0.06345815000932913,15.357717591714394,0.024996203662550988,17.706137876190446,1.40,bf363000,bf,G,V
644245142208,2458087.7851962,2.098233665342653,0.11610039430706007,15.655146777430115,0.060143959585137546,17.050272156882414,1.41,bg227301,bg,G,V
644245142208,2458088.8127454,2.8375611226653987,0.12213993172119822,15.327418341392544,0.046786937658781655,16.99521221147663,1.52,bf363968,bf,G,V
644245142208,2458089.9983676,2.3983692792486067,0.09556551314714325,15.450275490645488,0.043310910737306266,17.201887621129416,1.49,bs022328,bs,B,g
644245142208,2458090.0278992,2.5107191440854315,0.25432529811833793,15.400570287130586,0.11010412776920685,16.13916670582458,1.73,br022352,br,B,g
644245142208,2458090.8015916,1.7778903867889306,0.10790498756052552,15.775303168098558,0.06597033812018539,17.070036813915774,2.08,bk026409,bk,G,g
644245142208,2458090.8285685,1.4994678247137818,0.10522712040737225,15.96022274430775,0.07627859891722207,17.097321396752385,2.02,bj026439,bj,G,g
644245142208,2458091.7877736,2.6987700798183427,0.16098337780618335,15.38186668786404,0.06483765834909641,16.695403804524815,1.41,bg228442,bg,G,V
644245142208,2458091.7911976,1.9238877586338052,0.10769259186479926,15.689616294020325,0.060844071877435735,17.072176038036954,1.60,bk026758,bk,G,g
644245142208,2458091.8169784,2.2176245852499576,0.08579926715345242,15.535345553089666,0.04205403999089022,17.318931665496727,1.61,bj026787,bj,G,g
644245142208,2458094.8311122,2.4207200086270966,0.10822642383583544,15.499920004787388,0.04859604447999844,17.126523123334163,1.41,bg229055,bg,G,V
644245142208,2458095.5321472,1.6110755509154369,0.0920081463250387,15.88227585475944,0.062075831666803284,17.243074908638462,1.54,bo009133,bo,G,g
644245142208,2458095.5367084,1.656444320235184,0.08360093222136351,15.852123517090478,0.054858818610081725,17.34711281089677,1.79,bn009122,bn,G,g
644245142208,2458095.8197727,1.961195977988686,0.06651972680456779,15.668763137467202,0.036867325696171356,17.595264469165194,1.61,bj027774,bj,G,g
644245142208,2458095.8278861,2.1831017420207304,0.06144514524018647,15.552380681808586,0.030593260983891677,17.6814216736418,1.45,bk027772,bk,G,g
644245142208,2458096.8562537,1.4046513677057804,0.09269035996904142,16.031144256287646,0.07172626146746504,17.235054189510073,1.44,bk028150,bk,G,g
644245142208,2458097.8208023,2.203994703617414,0.032977194866342825,15.54203925594413,0.016263549531131592,18.357106335041834,1.45,bk028478,bk,G,g
644245142208,2458099.783898,1.598275861422436,0.04804322547283206,15.890936271267531,0.032673269060450365,17.94856021921386,1.69,bj028772,bj,G,g
644245142208,2458099.8628667,0.844833532128807,0.3689647123541538,15.794894312714906,99.999,15.794894312714906,1.47,bg230329,bg,B,V
644245142208,2458099.9643444,1.5837945453555786,0.056284388800887306,15.900818515015898,0.03862791651772615,17.776670725458754,1.79,bs024425,bs,G,g
644245142208,2458099.9865148,1.5318336555159124,0.04263962908875171,15.937036604624746,0.030256172238849702,18.07810706589689,1.56,br024443,br,G,g
644245142208,2458100.9682461,1.6617749431389768,0.07826716693750674,15.848635106711287,0.051194060839593124,17.418691576933224,1.48,bs024878,bs,B,g
644245142208,2458100.9867575,1.646042984606275,0.042789021059451246,15.85896269191183,0.02825552305399147,18.07430973475921,1.47,br024893,br,G,g
644245142208,2458101.8226821,2.36504270994404,0.0379581727388816,15.465468152276793,0.01744530161690148,18.204377366840742,1.58,bj029312,bj,G,g
644245142208,2458101.85033,4.174775084361609,0.12867983104128206,14.90819869733431,0.033503453177765444,16.93858018869053,1.48,bg230829,bg,G,V
644245142208,2458101.8587618,3.624731024058459,0.1681799731048654,15.061591942146862,0.05043251964874532,16.647920696946706,1.51,bf367129,bf,G,V
644245142208,2458101.9647572,2.5419121105844225,0.03959150221257412,15.387164296615383,0.016929869981032686,18.15863566040504,1.65,bs025358,bs,G,g
644245142208,2458102.0240708,2.1914587168374444,0.040856096312111186,15.548232387942774,0.02026449323368449,18.124498439860414,1.44,br025404,br,G,g
644245142208,2458102.5719332,2.6013444071149374,0.043700899277762516,15.362070985345397,0.018260164761693565,18.051414676490296,1.54,bo010714,bo,G,g
644245142208,2458102.8091416,1.879284832738087,0.06904496598053886,15.774799882802684,0.03993480645318577,17.61452634376073,1.42,bf367412,bf,G,V
644245142208,2458103.572375,1.3935027443177614,0.07624289627837941,16.0397960514442,0.059470793067320324,17.4471421471597,1.45,bo011096,bo,B,g
644245142208,2458103.5909331,1.7927396426817164,0.05379874912073051,15.76627256702832,0.032618736054004546,17.82571016652713,1.57,bn011097,bn,G,g
644245142208,2458103.7797856,2.734724726049554,0.09112986792500803,15.367497361183736,0.03622090491330796,17.313204541555198,1.46,bg231416,bg,G,V
644245142208,2458103.8197354,2.2437063996239397,0.03354405214877685,15.522650555622997,0.01625031076025882,18.338601800027963,1.77,bk029676,bk,G,g
644245142208,2458103.827128,2.2338035942937835,0.034413000446005475,15.52745315877573,0.016745176417008574,18.310834261164594,2.31,bj029690,bj,G,g
644245142208,2458104.8167842,2.1760226782830947,0.03346406913653862,15.555907079227577,0.016715813008249193,18.34119373938484,1.76,bk030028,bk,G,g
644245142208,2458104.949861,2.5773626744261264,0.04151501527475709,15.372126785431924,0.01750821374529463,18.10712760631542,1.57,bs026251,bs,G,g
644245142208,2458104.9729177,2.4820488474434694,0.040868058081029626,15.413039811560784,0.017897231276388273,18.124180606637744,1.45,br026269,br,G,g
644245142208,2458105.7794073,1.5888475920386143,0.042243199419664465,15.89736002198108,0.02889926090986266,18.08824860291629,1.43,bk030296,bk,G,g
644245142208,2458105.9464187,1.5670781400936802,0.058222559786671756,15.912338991089367,0.040384323827455146,17.739912372650004,1.49,bs026733,bs,G,g
644245142208,2458105.9993244,1.6677754898637884,0.05751459829228293,15.844721654723052,0.037484582360728304,17.753195384365277,1.59,br026775,br,B,g
644245142208,2458106.775836,2.389491492398698,0.036345220342115764,15.454301900813851,0.01653308848789855,18.2515223461869,1.65,bk030582,bk,G,g
644245142208,2458107.5777545,1.6811604994929248,0.0361925651638324,15.83604267908106,0.02340035038603502,18.256092198917766,1.58,bn012018,bn,G,g
644245142208,2458107.8179526,2.568662448727782,0.043554531411195474,15.375798030248799,0.018430557892937013,18.055057247267808,1.71,bk030947,bk,G,g
644245142208,2458108.5913196,2.219961289109973,0.04689460092222596,15.53420211866972,0.02296093745274414,17.974833500638475,1.56,bn012289,bn,G,g
644245142208,2458108.7617627,1.681645823028033,0.04249489475669919,15.835729290032624,0.027467200503159796,18.081798716444197,2.01,bk031254,bk,G,g
644245142208,2458108.8284478,1.739377822259625,0.09138764148829384,15.858796583638926,0.057109152278952975,17.310137720434607,1.55,bf368998,bf,G,V
644245142208,2458108.9620644,1.4986719465034328,0.03966305742620928,15.960799177612259,0.028766815207368714,18.15667513958336,1.65,br027721,br,G,g
644245142208,2458109.5832453,1.462092739345687,0.03867009589187141,15.987628321184676,0.02874832204197771,18.18420248891022,1.62,bn012402,bn,G,g
644245142208,2458109.7657989,2.3570368435467475,0.0435648508362085,15.469149694371945,0.020090096964184376,18.05480003301508,1.66,bk031610,bk,G,g
644245142208,2458109.9599248,1.6591259764022863,0.04378753936971599,15.850367214817426,0.028686882229418717,18.04926425943354,1.60,br027968,br,B,g
644245142208,2458110.762401,1.483183600600519,0.04697749371810822,15.972078335081735,0.03442762794247611,17.972916003573122,1.65,bk031960,bk,G,g
644245142208,2458111.7553359,1.6162443695044373,0.04282300333053618,15.87879805992369,0.028799322447047207,18.07344780480866,1.91,bk032306,bk,G,g
644245142208,2458114.5521878,2.432075467039136,0.04422712442716951,15.435123004980573,0.019766229290740314,18.03841885345513,2.25,bo013282,bo,G,g
644245142208,2458115.5218422,1.6218523251543757,0.03979276702268981,15.87503735285071,0.02666889393227676,18.153130263393766,2.44,bo013638,bo,G,g
644245142208,2458115.5401851,1.5553714305360913,0.03701098750715772,15.920480328634168,0.02586477638530668,18.231813929291544,1.66,bn013640,bn,G,g
644245142208,2458115.7077995,2.9114697812083907,0.08931531451650931,15.239784905210891,0.033344623472137874,17.275325781696456,1.45,bk033677,bk,G,g
644245142208,2458116.4848944,1.779507348854354,0.07263186560400338,15.774316157644561,0.044364908105143805,17.49982261273089,1.57,bn013973,bn,G,g
644245142208,2458116.5527589,1.5834354167892561,0.03919447052132231,15.90106473577849,0.026905224486925495,18.16957860661193,2.13,bo014039,bo,G,g
644245142208,2458116.8173092,3.4070218559580523,0.10392805781202685,15.128844105604976,0.03315660568273584,17.170524365305443,1.55,bg233621,bg,G,V
644245142208,2458116.9197719,2.727185772465562,0.05029931274760651,15.31077881592402,0.020047466726323817,17.898735483392883,2.13,bs030471,bs,B,g
644245142208,2458117.5731954,2.4067920835993117,0.03889903429297603,15.44646918642189,0.017567599337817798,18.17779356226915,1.51,bn014382,bn,G,g
644245142208,2458117.9131044,1.7617597063108115,0.10284760022937023,15.78519894004314,0.06345409615970102,17.122155204843725,1.55,bs030932,bs,B,g
644245142208,2458117.9545697,1.537132523513292,0.04795161950784178,15.933287343009997,0.033908153496663186,17.950632412631595,1.49,br031178,br,G,g
644245142208,2458118.4871457,1.6662057654117293,0.0796287427129097,15.8457440400723,0.051946153954338714,17.39996596507381,1.57,bo014709,bo,G,g
644245142208,2458118.5149806,1.5513899137218092,0.06864955596920487,15.923263213344484,0.04809821303801719,17.561046280115775,1.53,bn014718,bn,G,g
644245142208,2458118.9099014,1.6934726757558447,0.10966592316706758,15.828120138083035,0.07038914303461273,17.05246136428284,1.72,bs031410,bs,B,g
644245142208,2458120.5299302,2.3767250261688115,0.141296713776603,15.460118274319983,0.06461975316823096,16.777310458152776,2.16,bn015213,bn,B,g
644245142208,2458121.5532025,1.4953841644875094,0.08499960313492819,15.963183678951257,0.061784038621548305,17.329098366471545,1.56,bn015615,bn,G,g
644245142208,2458121.8999866,2.801154286385233,0.18497495327598978,15.281723046688517,0.07177745717148155,16.48485829571092,1.74,bs032421,bs,G,g
644245142208,2458122.6069449,1.684367215995645,0.1227007380845511,15.833973672640862,0.07918128910171839,16.93052267355125,1.62,bn016039,bn,G,g
644245142208,2458123.6897853,2.1316613413123764,0.15594127667862284,15.637985881681582,0.0795160959244118,16.7299536800944,1.44,bg235377,bg,G,V
644245142208,2458123.7076012,1.88989615528575,0.07629365899012203,15.708970768496462,0.04387960151922515,17.446419501811793,1.77,bk035871,bk,G,g
644245142208,2458123.8971831,1.4190962006967434,0.09793657319360861,16.020036028959893,0.07501450352506667,17.17527835154501,1.35,bs032870,bs,G,g
644245142208,2458123.9231024,1.448473819454854,0.09930717980727752,15.997788997473242,0.0745216001126385,17.16018898975158,1.52,br033104,br,G,g
644245142208,2458124.6937934,3.462982664542963,0.15302198934144776,15.111155610751755,0.048030344184854294,16.750471784550278,1.42,bg235702,bg,G,V
644245142208,2458124.7075418,2.8089278255438206,0.07867049744061462,15.278714171546664,0.030442722480767993,17.413110870790202,1.60,bj036234,bj,G,g
644245142208,2458124.7232775,2.4482114260937777,0.06876789077718667,15.427943321011686,0.0305315572706767,17.559176351367874,1.59,bk036238,bk,G,g
644245142208,2458124.908745,1.7662169464865625,0.10283245491046968,15.782455503743403,0.06328464220305818,17.122315101933225,1.43,bs033359,bs,B,g
644245142208,2458124.9235501,1.556205780289042,0.07200193655318007,15.919898062024957,0.050290890514357284,17.509280168174786,1.51,br033584,br,G,g
644245142208,2458125.686049,1.712203679146933,0.10874997643918753,15.875892839721256,0.06903763703419058,17.121283464836278,1.39,bg236017,bg,G,V
644245142208,2458125.7307922,1.5143802246553122,0.060183507347811284,15.949478297750694,0.0431971144021825,17.703946877034106,1.62,bk036600,bk,G,g
644245142208,2458126.9175112,1.4793402734354895,0.05975675391632909,15.974895420761534,0.04390672961026953,17.711673116771365,1.39,br034427,br,G,g
644245142208,2458127.6858691,3.112741170355605,0.08649728667096325,15.226923879842227,0.030204499736482038,17.369850182885152,1.41,bg236508,bg,G,V
644245142208,2458127.7119831,2.7296900885265196,0.05032523663724211,15.309782265195839,0.02003939729306157,17.898176047224663,1.56,bk037127,bk,G,g
644245142208,2458128.6817384,1.8327437589698539,0.10992416235780693,15.80202703131567,0.06519339355911269,17.109623481424233,1.40,bg236829,bg,G,V
644245142208,2458128.7156385,1.3807855365514157,0.04976899664552938,16.049750049161478,0.039178231558957735,17.910243398054217,1.55,bk037488,bk,G,g
644245142208,2458129.6780099,2.082949068737199,0.0949369808208533,15.663084777219412,0.04954147559642937,17.268767853178026,1.40,bg237152,bg,G,V
644245142208,2458129.7021903,1.8083582476204907,0.039487354772234584,15.756854444167669,0.023734809102335972,18.161495507304668,1.51,bk037835,bk,G,g
644245142208,2458134.7110662,1.776123971461185,0.07987457139105003,15.836098215096243,0.04888182789582768,17.45633504183283,1.39,bg238402,bg,G,V
644245142208,2458135.7146306,1.880815392598366,0.07337809532023554,15.773915978520325,0.04240650069911325,17.548440307283265,1.38,bg238731,bg,G,V
644245142208,2458136.6962187,3.224340760079543,0.10356689354698018,15.188679071062577,0.03491340362374579,17.174304018852336,1.36,bg239043,bg,G,V
644245142208,2458137.4560345,1.706523257516998,0.03784673787003363,15.819785093584048,0.024106181016390053,18.207569480854456,1.56,bo020402,bo,G,g
644245142208,2458137.7072455,1.7686380770137393,0.09572956320083825,15.840683977750022,0.058832767651411974,17.259741200428756,1.36,bg239379,bg,G,V
644245142208,2458137.8822935,2.8406199383934907,0.0480709288568728,15.266532794662709,0.01839422758420338,17.947934326636638,1.64,br037551,br,G,g
644245142208,2458138.721715,1.7173272651525409,0.07759454421341273,15.872648741881958,0.04911230235237233,17.487778427558084,1.38,bg239717,bg,G,V
644245142208,2458138.8785319,1.6265369377128467,0.03728193981644586,15.871905796516506,0.024914188351328904,18.223894358831934,1.55,br038019,br,G,g
644245142208,2458139.6634796,3.6280185799289892,0.09298961985792213,15.060607648224373,0.027859745349096132,17.291270212884193,1.39,bg240001,bg,G,V
644245142208,2458139.7170193,2.5475278641554713,0.038451927321478015,15.384768265038687,0.016406326212795006,18.190345329505234,1.62,bj040989,bj,G,g
644245142208,2458139.8041954,1.9605363823914064,0.03141093498589672,15.66912835710047,0.017414785537006167,18.409938451664313,1.52,bk041051,bk,G,g
644245142208,2458140.4630857,1.9060997834206068,0.056488475057696004,15.699701542262765,0.032212645372045566,17.772740984344995,1.50,bo020956,bo,B,g
644245142208,2458140.6988151,1.7665639682119352,0.08390535737236857,15.84195798429805,0.051626477753341664,17.402882164937246,1.35,bg240352,bg,G,V
644245142208,2458140.7168609,1.5036034578815387,0.040668573507004424,15.95723233277512,0.029399354578199144,18.129493263102304,1.64,bj041350,bj,G,g
644245142208,2458140.8149636,3.8159262666501457,0.059905613645485856,14.946065686169819,0.017063955876146227,17.708971808347652,1.47,bk041421,bk,G,g
644245142208,2458141.7129947,2.1864784384144116,0.08076055406360186,15.610418407065103,0.040148217058273955,17.444358169200903,1.37,bg240694,bg,G,V
644245142208,2458141.7349252,1.566203036859678,0.05266141514852195,15.912945467964633,0.03654741262312223,17.848909297583134,1.63,bj041727,bj,G,g
644245142208,2458141.7729999,1.6049427951388606,0.04332030723071484,15.886416728558162,0.029338921368904168,18.060911791412913,1.52,bk041750,bk,G,g
644245142208,2458142.6979989,2.7396353958654025,0.08172963922034715,15.365549482958693,0.03242641867746808,17.431407439141424,1.39,bg241014,bg,G,V
644245142208,2458142.7541002,2.1876382853226453,0.030539151298478572,15.550126834155655,0.015173774336904864,18.44049820248901,1.50,bk042097,bk,G,g
644245142208,2458142.8414338,2.383687434209327,0.06355238604306532,15.516658136848264,0.02897975610821066,17.704526742255023,1.41,bf376624,bf,G,V
644245142208,2458143.7161307,1.6170948131295682,0.09568266210725215,15.937942694250331,0.06431465412566763,17.260273269018278,1.40,bg241359,bg,G,V
644245142208,2458143.730455,1.6238824104702212,0.047056643124359074,15.873679178142597,0.03149767791398272,17.971088254648496,1.39,bk042440,bk,G,g
644245142208,2458143.7415031,1.670676060647297,0.03946817896689004,15.842834998314292,0.02567834395891612,18.162022889377624,1.60,bj042456,bj,G,g
644245142208,2458143.8227087,4.0492841080237065,0.09594610217903653,14.941335781922763,0.025754982539333886,17.257288053255138,1.42,bf376941,bf,G,V
644245142208,2458144.7156626,2.162060864861787,0.08796408240847144,15.622611615138949,0.044223145891315395,17.351592951825182,1.39,bg241691,bg,G,V
644245142208,2458144.7570089,1.5496033664336981,0.04133889840275073,15.92451424429591,0.028996829894473365,18.11174336298185,1.42,bk042824,bk,G,g
644245142208,2458144.7680328,1.6383406821577604,0.04439868731676841,15.864055083548987,0.02945629273641561,18.03421528635335,1.68,bj042840,bj,G,g
644245142208,2458144.7990831,1.8158879301823072,0.06589757173796515,15.812058799568211,0.03944505284539355,17.665182864787983,1.48,bf377255,bf,G,V
644245142208,2458144.8402631,2.1180577337727295,0.10985320247290918,15.58522113757832,0.056375070876453354,17.050608806137912,1.62,bs040256,bs,B,g
644245142208,2458145.7907821,1.88972591905348,0.03243383035426909,15.709068572793942,0.01865570190528548,18.3751450094567,1.43,bk043214,bk,G,g
644245142208,2458145.7985,2.3602408327181155,0.0599917653099796,15.527390605794906,0.027627875787247482,17.767127289629148,1.41,bf377589,bf,G,V
644245142208,2458145.8405602,1.9641576033757482,0.07298246987372428,15.667124791034881,0.04038819057367589,17.494594219749654,1.54,bs040725,bs,G,g
644245142208,2458145.844145,1.6772051658987088,0.07650214427760979,15.898315926046369,0.04957920851920258,17.5031723732804,1.48,bg242124,bg,G,V
644245142208,2458146.7226457,1.483273618377198,0.11293380264974764,16.031728223523306,0.08275892714200933,17.080296514350998,1.52,bf377865,bf,G,V
644245142208,2458146.816212,3.729592702351691,0.06104106284620279,14.970912106285617,0.017789873224690722,17.688585394085674,1.65,bj043607,bj,G,g
644245142208,2458146.8359201,3.4538819898339277,0.09845127932873836,15.114012667587408,0.030983183691541946,17.22930298376124,1.59,bg242452,bg,G,V
644245142208,2458146.8373276,3.0824643903604243,0.1025829801306285,15.177820451821077,0.03617340710280987,17.124952332516866,1.98,bs041192,bs,G,g
644245142208,2458147.4182993,3.651902321352102,0.09298064872307595,14.99376774028615,0.0276748701448464,17.23165918165057,1.80,bo022172,bo,G,g
644245142208,2458147.6922608,1.9005108034414653,0.14270564906680025,15.762605547791155,0.08161744498441711,16.826253480687456,1.55,bg242678,bg,G,V
644245142208,2458147.8170722,2.0605427770948137,0.07729101174348156,15.674827317128408,0.040771766653077,17.492033912994106,1.43,bf378273,bf,G,V
644245142208,2458147.8307745,1.6998024023780207,0.11566624099531592,15.824069525519764,0.07396399417898261,16.994624056949867,1.74,bs041652,bs,G,g
644245142208,2458147.8568835,1.5364836241955049,0.11066704895909628,15.933745782489211,0.07828932812134377,17.042594788366657,1.66,br041888,br,G,g
644245142208,2458148.3761518,1.6500426935264705,0.11403303352750184,15.856327668833703,0.07511863176189182,17.010063917299057,1.69,bo022453,bo,G,g
644245142208,2458148.6800612,2.9754218355409217,0.15571524262921962,15.275910039976932,0.056884605903031966,16.7315285766794,1.39,bg243005,bg,G,V
644245142208,2458148.8274632,1.7358755009355666,0.14550515586255244,15.801269187686223,0.09111124503239397,16.745444655233864,1.72,bs042117,bs,G,g
644245142208,2458148.8427305,2.1019121985120455,0.1060709046658386,15.653244977924555,0.054852177781222436,17.1483657113963,1.57,bf378629,bf,G,V
644245142208,2458148.8534369,1.8822044885849758,0.11025508499147466,15.713398610367515,0.06367134092666094,17.046644040518537,1.90,br042353,br,G,g
644245142208,2458150.6285934,1.7487735271413913,0.24861724237360056,15.852947478706596,0.1545289477571867,16.2235282811426,1.43,bg243639,bg,G,V
644245142208,2458151.3866244,1.816065230997846,0.11075674777937884,15.752237012709395,0.06629044335553086,17.041715124450974,1.74,bn023109,bn,G,g
644245142208,2458151.4160599,1.3377575179756795,0.13203783350073567,16.084122121491713,0.10728355648272218,16.850894637094946,1.55,bo023144,bo,G,g
644245142208,2458151.604778,4.181319769858059,0.2450953794688798,14.906497949899244,0.06371385969623401,16.239018583621856,1.42,bg243958,bg,G,V
644245142208,2458151.6620137,2.91652951564494,0.1118869099962418,15.237899682524814,0.04169894590995107,17.030692411406733,1.41,bk045316,bk,G,g
644245142208,2458151.6731292,2.7993481503316753,0.10968129045113505,15.282423336490801,0.04258805534942113,17.052309232724543,1.60,bj045332,bj,G,g
644245142208,2458152.4061267,1.9508664310547295,0.09103939834430567,15.674496782780622,0.050724060955854106,17.254567164139043,1.58,bn023529,bn,G,g
644245142208,2458152.4506964,2.0031833993771966,0.11208252821309989,15.64576384104619,0.06081761412964805,17.02879581483482,1.64,bo023577,bo,G,g
644245142208,2458152.6231638,2.1477290516232506,0.18705754475209685,15.629832675178005,0.09466902636304582,16.53241831953034,1.42,bg244199,bg,G,V
644245142208,2458152.6715686,1.288673529133938,0.11882232037176162,16.124708353052846,0.10022297590225349,16.965395538790176,1.51,bk045548,bk,G,g
644245142208,2458152.6864135,1.5870974235793387,0.10640396454199402,15.898556655703434,0.07287295756361482,17.085246086971427,1.63,bj045567,bj,G,g
644245142208,2458153.4265236,3.2724479439622836,0.08438689607123215,15.11288375529457,0.02802944114151053,17.33695307917277,1.59,bn023824,bn,G,g
644245142208,2458153.493162,2.680363763745077,0.14138250027213312,15.329581277260067,0.05733424425789816,16.77665146730869,1.46,bo023890,bo,G,g
644245142208,2458153.6698658,1.6703586873032232,0.10204616863077784,15.843041271973275,0.0664047484859637,17.130648852500045,1.42,bk045776,bk,G,g
644245142208,2458153.8194969,1.3032094702088974,0.12410067702933311,16.112530054135988,0.10350756599984855,16.91820523446205,1.86,bs043163,bs,G,g
644245142208,2458154.422615,1.921226597496249,0.05701836823742572,15.691119146308946,0.032258811790010194,17.762603650370473,1.61,bn024230,bn,G,g
644245142208,2458154.8146904,2.067321332448056,0.08569316074806765,15.611545657053103,0.04505576297287697,17.32027520680632,1.49,bs043594,bs,G,g
644245142208,2458155.4500081,1.6052420698982997,0.09008778446143935,15.88621428947375,0.061001083067549075,17.265975845444355,1.49,bn024617,bn,G,g
644245142208,2458155.5682015,1.585517068673477,0.05994550965326297,15.899638317962598,0.041095844348812194,17.708248969203947,1.41,bo024723,bo,G,g
644245142208,2458155.8104966,3.592676391251849,0.09555760488051177,15.011520372078174,0.02891074800935559,17.201977472022307,1.47,bs044053,bs,G,g
644245142208,2458155.8423266,2.8592893720695662,0.07925247068168736,15.259420347271735,0.030127762063147847,17.405108586056897,1.49,br044293,br,G,g
644245142208,2458156.4458404,3.0123804077377194,0.05611726746694973,15.202791086470606,0.02024878056526352,17.77989932230644,1.63,bn025026,bn,G,g
644245142208,2458156.5709166,2.0275220488428882,0.04685580729180082,15.632651657874824,0.025119443384717225,17.97573204929065,1.50,bo025138,bo,G,g
644245142208,2458157.4501781,1.591725640536338,0.04219837266008039,15.895395091713855,0.028816395992840367,18.08940135360995,1.46,bn025361,bn,G,g
644245142208,2458157.6523109,3.178567759023034,0.10090660782668474,15.204202719705062,0.03450645189250249,17.202557376778856,1.48,bg244887,bg,G,V
644245142208,2458157.7082897,2.480373420775342,0.05280712078836276,15.413772950081775,0.02314129149038958,17.84590938888712,1.44,bk046304,bk,B,g
644245142208,2458157.7230494,2.3201025625904976,0.03975029972305067,15.48629766287549,0.018622817896814314,18.154289592320943,1.62,bj046323,bj,G,g
644245142208,2458158.540232,1.5041522793505744,0.061387213256985616,15.956836106886083,0.04436068921816898,17.682445815114097,1.65,bo025772,bo,B,g
644245142208,2458158.7114478,1.533819448008054,0.04487133153029016,15.935630022058096,0.031798518730029465,18.02271821855014,1.53,bk046685,bk,G,g
644245142208,2458158.787585,4.242421380126316,0.09675563529215307,14.89074689754576,0.024789892227227835,17.248165721593914,1.60,bf380846,bf,G,V
644245142208,2458158.8022659,3.7005825829721726,0.06689092627719151,14.9793903711329,0.019647589786732624,17.58922258664179,1.65,bj046764,bj,G,g
644245142208,2458158.9125491,2.5051151958031626,0.0667754101155428,15.402996368878497,0.028973504946395855,17.59109920140577,1.53,bs045296,bs,B,g
644245142208,2458159.7034714,1.6582811524370675,0.03952876428664837,15.850920210545652,0.025909990036681586,18.1603575163815,1.43,bk047058,bk,G,g
644245142208,2458159.8781316,1.6055883844633392,0.09642665988054214,15.945695860486024,0.06527923834084602,17.251863584897716,1.38,bg245748,bg,G,V
644245142208,2458160.706065,2.450172907679275,0.048774047955128894,15.427073788716521,0.021637358469798283,17.932168609093292,1.44,bk047438,bk,G,g
644245142208,2458160.7207886,2.207128297031293,0.04663271953359347,15.540496675339487,0.02296546996912183,17.98091375284063,1.59,bj047467,bj,G,g
644245142208,2458160.7337562,2.433912416901486,0.052004275729376104,15.494019038743208,0.02322449496121424,17.922258762987305,1.48,bf381450,bf,G,V
644245142208,2458160.8241441,2.011398715826454,0.06539668416487922,15.701035983222125,0.03534025938955743,17.673467072002474,1.42,bg246003,bg,G,V
644245142208,2458161.6873641,1.4903110104965942,0.047747532931692406,15.966873347144626,0.03482460503312209,17.955263269120884,1.39,bk047809,bk,G,g
644245142208,2458161.7132931,1.4966929295097935,0.04368693616983897,15.962233854722669,0.031727149402757206,18.05176164130193,1.56,bj047847,bj,G,g
644245142208,2458162.6870664,1.5311371211636153,0.045249332903272516,15.937530407949897,0.032122568791342974,18.013610159139585,1.48,bk048157,bk,G,g
644245142208,2458162.7127666,1.6046852661055617,0.04285359750296498,15.886590959709244,0.029027497335273288,18.072672395846368,1.59,bj048194,bj,G,g
644245142208,2458163.4986811,1.5255313437649296,0.040516034723646316,15.941512784430056,0.02886808478755351,18.133573274775078,1.71,bn026835,bn,G,g
644245142208,2458163.6817868,2.599773372463183,0.04239196646428182,15.362726894065217,0.017723938903966972,18.084431704087564,1.42,bk048463,bk,G,g
644245142208,2458163.7076938,2.4746101884022607,0.03899255536511173,15.416298630632582,0.017127227775921815,18.175186367752683,1.58,bj048501,bj,G,g
644245142208,2458164.5052881,1.558664989923796,0.03855424965495255,15.918183670843248,0.02688633758640985,18.187459973245424,1.58,bn027081,bn,G,g
644245142208,2458164.6815187,1.3965807885337913,0.04516249778921798,16.03740046338267,0.035149897458890744,18.015695728150643,1.45,bk048710,bk,G,g
644245142208,2458164.7074324,1.5469339407109757,0.04667353408722875,15.926386201636358,0.03279526095691602,17.97996389493359,1.61,bj048748,bj,G,g
644245142208,2458165.3836571,3.8445266071028117,0.06660065229852333,14.937958445020666,0.01882989006610462,17.593944404572667,1.41,bo027375,bo,G,g
644245142208,2458165.5007936,2.403488269606388,0.041261733334268615,15.447960605119578,0.018660257556942037,18.11377194148553,1.47,bn027456,bn,G,g
644245142208,2458165.7560459,1.5344620451492896,0.04622288327310451,15.935175245667423,0.03274259183282659,17.99049803083976,1.42,bk048922,bk,G,g
644245142208,2458165.8014353,1.6552611471247738,0.04341489322117545,15.852899319135549,0.028509157850611606,18.058543768407716,1.61,bj048975,bj,G,g
644245142208,2458168.4348111,2.9168131213877495,0.048184307923070255,15.237794109770991,0.017955983315636366,17.94537654758831,2.05,bn028351,bn,G,g
644245142208,2458168.6366594,2.0246649376105736,0.08043323461711374,15.69389849957469,0.04318118386285862,17.448767558234255,1.55,bf383881,bf,G,V
644245142208,2458169.558777,4.583726062181744,0.11681110761493739,14.806734767174166,0.02769986546124303,17.04364603873706,1.41,bg248481,bg,G,V
644245142208,2458170.634517,1.4002874826016833,0.048483984138229005,16.03452260578226,0.037635116655495564,17.938644860250747,1.45,bk050100,bk,G,g
644245142208,2458170.7190871,2.3845237093025746,0.08289607595731635,15.51627729207111,0.03778718158132346,17.41602146146348,1.54,bf384282,bf,G,V
644245142208,2458171.3151054,1.8011606714359996,0.04782743471736217,15.761184483479266,0.0288626899912502,17.9534478924826,1.49,bo028995,bo,G,g
644245142208,2458171.732869,2.16564976558878,0.057056601699648886,15.620810847629027,0.028637153759183367,17.821591640071144,1.51,bf384647,bf,G,V
644245142208,2458171.7657562,1.6721959347645172,0.05352346862435232,15.841847714043933,0.034791188088573004,17.831279985398375,1.51,bs049323,bs,G,g
644245142208,2458172.2981208,1.3962589915090118,0.06451950913822316,16.037650665119575,0.05022700062357768,17.628412974854925,1.60,bo029115,bo,B,g
644245142208,2458172.6964066,2.268345241449049,0.04141057325874444,15.510792735436489,0.019843316550788526,18.109862504916606,1.45,bk050891,bk,G,g
644245142208,2458172.7641577,2.040227576151707,0.04854999043211787,15.625869089067434,0.02586560898765095,17.93716773980117,1.45,bs049706,bs,G,g
644245142208,2458172.786405,1.8808188932047007,0.04878827229415008,15.71419817549633,0.028195554046223262,17.931852013917325,1.48,br049939,br,G,g
644245142208,2458173.3511338,2.0873153038637002,0.06498158759198197,15.60109547903268,0.03383875943194808,17.62066481752647,2.19,bo029455,bo,G,g
644245142208,2458173.6276638,1.602077268336302,0.05525547314005056,15.88835697649028,0.03748901384371411,17.796702356372922,1.47,bk051100,bk,G,g
644245142208,2458173.7463052,3.85313168367892,0.0652189625544081,14.93553099326267,0.018398067470637023,17.61670589606155,1.57,bj051212,bj,G,g
644245142208,2458173.7598491,3.9816939401689058,0.08396780389022976,14.899895936848464,0.02292224199701443,17.342358624655635,1.47,bs050126,bs,G,g
644245142208,2458173.7894782,3.4372358849809395,0.11207609627794538,15.059542279260711,0.035441804943523954,17.02885812236264,1.51,br050365,br,G,g
644245142208,2458174.6273648,1.9307771452593956,0.0878829461397879,15.745451031007713,0.04947486647582916,17.35259487481936,1.51,bf385544,bf,G,V
644245142208,2458174.7918884,1.5774548031473699,0.0686705193230846,15.905173310296703,0.04731791280518009,17.56071478200949,1.72,br050801,br,G,g
644245142208,2458174.8630146,1.4646785417799872,0.042971080855694815,15.985709824806184,0.0318893840866367,18.069699917262657,1.41,bk051664,bk,G,g
644245142208,2458175.6887379,2.5748483971441627,0.06646630620534909,15.373186463326562,0.028058345138278547,17.596136751471217,1.45,bk051902,bk,G,g
644245142208,2458175.7544542,2.303064454580237,0.11483032051240406,15.49430039105291,0.05419542884530406,17.00249916888773,1.56,bs050995,bs,B,g
644245142208,2458175.7842924,1.594679506800495,0.11269117184442842,15.893382089400955,0.07681192594271602,17.02291587388733,1.52,br051234,br,B,g
644245142208,2458175.8694636,1.6718683643618448,0.04754527557396619,15.842060422302575,0.030911313632477844,17.95987218912576,1.57,bj052063,bj,G,g
644245142208,2458176.6197312,1.6043248834157104,0.11465542758178193,15.886834823403875,0.07768093984646729,17.004154065761043,1.46,bk052224,bk,G,g
644245142208,2458176.7512674,3.8501641503327475,0.16312952560705088,14.936367507560336,0.04605380311680221,16.62130917837375,1.51,bs051416,bs,G,g
644245142208,2458176.7774428,3.8692435120282878,0.1320209427412818,14.93100046468744,0.03708761784381986,16.85103353730005,1.48,br051652,br,B,g
644245142208,2458177.3131672,2.188566188253199,0.11925487834568786,15.54966640876768,0.05922821455562736,16.961450227166438,1.61,bo030647,bo,G,g
644245142208,2458177.3204609,2.419637125967478,0.09186308584111524,15.440690023453667,0.041267006192987246,17.24478803635393,1.62,bn030641,bn,G,g
644245142208,2458178.3325506,1.4849549922837064,0.1338833998083443,15.970782395386605,0.09799989584228697,16.835823780909188,1.56,bo031092,bo,G,g
644245142208,2458178.3361938,1.3467010861548254,0.13827991557240854,16.07688759629977,0.11160921870652286,16.800742847168493,1.56,bn031083,bn,G,g
644245142208,2458178.6208546,2.8737808921970722,0.15215053974938042,15.253931490219939,0.057548236163641624,16.69695686808395,1.51,bk052952,bk,G,g
644245142208,2458178.6556141,2.6425687735664973,0.19415731190053603,15.404715657622479,0.07986189745548188,16.491972017233305,1.58,bf386996,bf,G,V
644245142208,2458180.3543731,4.178372606676552,0.12328494563094644,14.847547708250413,0.032071188546393965,16.925365491497317,1.72,bo031682,bo,G,g
644245142208,2458180.3774733,3.943610288536187,0.12338849231284324,14.910330644832355,0.03400891990186643,16.92445396742761,1.61,bn031688,bn,G,g
644245142208,2458180.7009594,1.8306588059123425,0.1302587113948249,15.74354709975475,0.07734131308721853,16.86562366761328,1.54,bk053618,bk,G,g
644245142208,2458181.3465793,1.449213454120432,0.09244561474892718,15.99723472913692,0.06933717291392129,17.237924824475776,1.58,bo031909,bo,G,g
644245142208,2458181.3836505,1.7950477610752353,0.0851296879217324,15.764875601284025,0.05154863925443242,17.327438008171463,1.52,bn031927,bn,G,g
644245142208,2458181.6548956,2.6900866516746276,0.11004261013346016,15.325649948541978,0.044463821520136046,17.048738403942075,1.61,bj053981,bj,G,g
644245142208,2458181.7379148,1.937266214911128,0.1316638207884579,15.682092360723596,0.07387360992597071,16.853974476818724,1.51,bs052757,bs,G,g
644245142208,2458181.7610981,2.074752716653866,0.14603607630497636,15.607649767484126,0.07650784803159233,16.741490221899515,2.10,br052990,br,G,g
644245142208,2458181.7702629,1.9921126805966927,0.1049941471504856,15.651780872432852,0.05728796071689828,17.099727885936232,1.43,bk054056,bk,G,g
644245142208,2458182.3370391,1.9691043625169902,0.0753339559049486,15.664393786400957,0.04158476119296364,17.460163677641646,1.44,bo032343,bo,G,g
644245142208,2458182.3930424,1.8756108826288145,0.07144852326428568,15.71720876246185,0.041405943551520004,17.5176574689606,1.50,bn032376,bn,G,g
644245142208,2458182.6876839,1.6438164289640884,0.09986288469646615,15.860432330664029,0.06603329416102219,17.154130343493787,1.43,bk054375,bk,G,g
644245142208,2458182.8369084,2.6860809327336157,0.09180798436521274,15.327267887275053,0.03715125860036348,17.24543947992695,1.62,bj054511,bj,G,g
644245142208,2458182.8453552,2.895845603697837,0.16653341186260232,15.245627114561957,0.06250836642684904,16.598887162004207,1.50,bs053234,bs,B,g
644245142208,2458182.8728141,2.4659489026078423,0.16173656254801505,15.420105439144473,0.07129126288031247,16.630620089847177,1.69,br053469,br,B,g
644245142208,2458183.8433851,1.471376518553893,0.08708367258097993,15.980756069956094,0.06433170888300009,17.302798770785365,1.44,bk054884,bk,G,g
644245142208,2458183.8453591,1.7922537439901312,0.11215890179024994,15.766566881548671,0.06802153443998167,17.028056240876484,2.37,bs053618,bs,G,g
644245142208,2458183.8591875,1.2609382181791542,0.0900946571787565,16.14833110204539,0.07766357921620771,17.265893018749903,1.57,bj054913,bj,G,g
644245142208,2458183.8677576,1.7371903747707291,0.08252293613112494,15.800447086265276,0.0516344350760211,17.36120393246773,1.47,br053851,br,G,g
644245142208,2458184.8316191,1.827893170304128,0.07784231739363734,15.745188596882842,0.04628892756584002,17.424601220055063,1.71,bj055242,bj,G,g
644245142208,2458185.5379559,1.8191720276987091,0.09058795323771837,15.810096980734434,0.05412636356733006,17.319680275595406,1.56,bf389119,bf,G,V
644245142208,2458185.5650817,2.1677159122289065,0.09225047751458365,15.61977549056558,0.04625710297292736,17.299934836506733,1.44,bg253618,bg,G,V
644245142208,2458185.8047565,2.9709975025154183,0.059830027810883105,15.217809905465959,0.021889159741740792,17.710342599652535,1.41,bk055592,bk,G,g
644245142208,2458185.8195981,2.7811964982312003,0.07204240611675695,15.289486437533938,0.028155854223241707,17.5086700883798,1.62,bj055621,bj,G,g
644245142208,2458186.401063,3.202857540690843,0.08126511886503036,15.136221566808892,0.027579013371040417,17.377880174120065,2.46,bo033661,bo,G,g
644245142208,2458186.6982755,1.614442333984185,0.049432590253272415,15.880009279450114,0.033281508562559146,17.91760719154002,1.44,bk055895,bk,G,g
644245142208,2458187.6107344,2.97962140766261,0.04896665231535224,15.214662907568322,0.017862880816008474,17.927889576976945,1.40,bk056214,bk,G,g
644245142208,2458187.664123,2.244663133592321,0.034296520873689874,15.522187687886355,0.016607760192933283,18.31451544559137,1.58,bj056273,bj,G,g
644245142208,2458188.7449472,4.080622260377086,0.06512921405780704,14.873249636345491,0.01734848742636015,17.61820101797293,1.47,bk056732,bk,G,g
644245142208,2458189.6392077,1.4718693894555614,0.09091083804242481,16.04010822114952,0.06713647896674797,17.315817240587947,1.37,bg255197,bg,G,V
644245142208,2458190.3808829,1.6817329134338306,0.032094468489830406,15.83567306252208,0.020743657662941242,18.386565141905937,2.44,bn034087,bn,G,g
644245142208,2458190.4520759,1.409539737643796,0.048635914656686006,16.027372312334023,0.037505238919480634,17.935247892150382,2.05,bo034155,bo,G,g
644245142208,2458190.6719585,2.6483157084064217,0.07812989210629327,15.402357013166245,0.03206709664491304,17.480313332252607,1.37,bg255536,bg,G,V
644245142208,2458191.6724226,1.413740724949958,0.04193045038512801,16.024141200554137,0.03223828506969493,18.096316793214964,1.45,bk057797,bk,G,g
644245142208,2458192.4970405,2.834510452048218,0.12891550318182077,15.328586247619967,0.049435537214373985,16.93659352346152,1.37,bg256178,bg,G,V
644245142208,2458193.5039339,3.4685278802910364,0.09250187234204317,15.109418430162807,0.028987950186759856,17.29698008508374,1.47,bf392107,bf,G,V
644245142208,2458193.7705717,1.7524119143758858,0.04424420310960398,15.790975129240305,0.027443048477710424,18.037999668062636,1.60,bj058698,bj,G,g
644245142208,2458193.8234213,1.6858834864660692,0.050920040725442005,15.83299673056601,0.03283018713811647,17.885418755624645,1.42,bk058723,bk,G,g
644245142208,2458194.5340757,1.8971310076628938,0.08365095491124856,15.764538098459616,0.047927607857983126,17.40617913621935,1.39,bg256988,bg,G,V
644245142208,2458195.3587044,3.4694494357908896,0.05790061826669201,15.049414216262393,0.0181398967768389,17.74593260849755,1.48,bn035190,bn,G,g
644245142208,2458195.4248654,2.700138018456031,0.04529380129099669,15.321600712697832,0.018233287473118403,18.012543685290826,1.46,bo035256,bo,G,g
644245142208,2458195.7099597,1.5202730531387014,0.03531793624919711,15.945261628043127,0.025251425104967133,18.282652315696723,1.48,bk059441,bk,G,g
644245142208,2458196.4272169,1.4421675117149535,0.043497790992627745,16.00252635275874,0.03278413028765228,18.056472606071228,1.42,bo035639,bo,G,g
644245142208,2458196.5209422,4.163479250369051,0.11276603470159471,14.911140393027162,0.029439747259145024,17.081910620687925,1.68,bg257749,bg,G,V
644245142208,2458197.4332593,1.7351154034298066,0.03512589519837022,15.801744709182582,0.022004484999857986,18.288572108358043,1.51,bn036097,bn,G,g
644245142208,2458197.4516173,1.5796058775880826,0.041279594062114906,15.903693769675215,0.02840526527355725,18.113302066823216,1.40,bo036124,bo,G,g
644245142208,2458197.4963382,2.7341123118908155,0.041859838071622954,15.308024745904806,0.016641534363095876,18.09814675143173,1.70,bj060097,bj,G,g
644245142208,2458197.7743279,3.2838375137110596,0.0536376660416142,15.109111472726216,0.017754170439727775,17.828965931562855,1.43,bk060304,bk,G,g
644245142208,2458198.4331076,2.5188743291775633,0.037781486320326525,15.39704937136763,0.01630364503745821,18.209443013871308,1.60,bn036563,bn,G,g
644245142208,2458198.456828,2.252445661445502,0.03661640821539458,15.518429815406448,0.01766987963067822,18.24345125857458,1.57,bo036590,bo,G,g
644245142208,2458198.5115192,2.3365828066473235,0.0641501940878298,15.53832846280164,0.029842071779449763,17.694361456975727,1.47,bf394055,bf,G,V
644245142208,2458199.3144636,1.6492305396579623,0.051352944388675936,15.856862201631905,0.033845127452802624,17.87622723770948,1.62,bo036921,bo,G,g
644245142208,2458199.340255,1.7107579371531454,0.034258337074969954,15.817094213268357,0.02176656445595236,18.315724916028124,1.61,bn036926,bn,G,g
644245142208,2458199.4871598,2.1578566094900267,0.07023765310351009,15.565009166660888,0.03538014285877591,17.536215632002566,2.13,bj060898,bj,G,g
644245142208,2458199.7876551,1.7236535734249272,0.041000449124185843,15.808940662104657,0.025855372713447546,18.120669076283864,1.48,bk061122,bk,G,g
644245142208,2458200.2993959,1.9885060147978308,0.03552878052365627,15.653748349856594,0.019420730645138454,18.276189858475682,1.49,bo037072,bo,G,g
644245142208,2458200.3398161,1.8220700932654152,0.0283394488805748,15.74865292266994,0.01690590767999966,18.52166211085311,1.49,bn037093,bn,G,g
644245142208,2458201.2847018,2.510493491409134,0.05203094967532197,15.400667872832807,0.02252759478381571,17.861986229529883,1.55,bo037498,bo,G,g
644245142208,2458201.6180435,2.147725138210417,0.0772309406469633,15.629834653517808,0.03908632120691787,17.49287808259753,1.36,bg259704,bg,G,V
644245142208,2458201.7009743,1.5675315031836388,0.05688932775732786,15.912024927917159,0.039448155075412376,17.765063606738345,1.43,br058556,br,G,g
644245142208,2458202.5002166,3.8201203880914854,0.11875817503923798,15.004588780575435,0.03379081278986267,17.02569760578252,1.55,bg259945,bg,G,V
644245142208,2458202.7443938,1.8952001356325652,0.03484353675140814,15.705927925293274,0.019983857535847558,18.29733503365828,1.44,bk062185,bk,G,g
644245142208,2458203.5304226,1.8897531758528514,0.09141239216272358,15.76876869483154,0.05257898073604523,17.309843708415592,1.47,bf395878,bf,G,V
644245142208,2458203.7217043,3.8609107300399614,0.09859345270057449,14.933341221756972,0.027756869792365985,17.168020422223602,1.49,br058948,br,B,g
644245142208,2458204.5824521,1.9116620454076139,0.06614774162942759,15.696537828147804,0.03761110356045725,17.601353057957283,1.60,bj062891,bj,G,g
644245142208,2458205.2535525,1.8059784241873578,0.10173144424709199,15.758284228424262,0.061228669905109404,17.134002586256734,2.00,bo038997,bo,G,g
644245142208,2458205.2613846,2.0655505897645843,0.09140183107047907,15.612476031666489,0.048098466759063326,17.25025337112731,2.31,bn038991,bn,B,g
644245142208,2458205.524858,4.545842236081633,0.14890838592113834,14.815745505976476,0.03560549020683657,16.78005850328032,1.40,bg260950,bg,G,V
644245142208,2458206.7140849,3.9910940513463675,0.12442914749795721,14.897335716816492,0.03388771891299316,16.915335297316204,2.02,bj063808,bj,G,g
644245142208,2458207.6624875,1.5018727909043819,0.1225818500000087,15.958482748913944,0.08871666236400988,16.931575182894196,1.52,bk064173,bk,G,g
644245142208,2458208.591602,2.886905990106761,0.2218240956894783,15.308699800411516,0.08351957019551118,16.34733459441239,1.48,bf397639,bf,G,V
644245142208,2458208.6100095,2.5220171000690232,0.12256951105839561,15.395695555031724,0.052825862841157326,16.931684477295754,1.54,bk064549,bk,G,g
644245142208,2458209.6013241,1.6463099666991425,0.1094040364956357,15.85878660378934,0.07223271035159129,17.055057247137842,1.62,bk064975,bk,G,g
644245142208,2458209.6911802,3.6903714225888145,0.21141399868207497,15.042106208182327,0.06226956540142101,16.399522042337622,1.45,bf398137,bf,G,V
644245142208,2458210.6480745,1.6189057370316333,0.08210033335320871,15.877011717012167,0.055123340867797,17.366778310203717,1.63,bk065451,bk,G,g
644245142208,2458210.781534,1.3864324540434523,0.1312739776280015,16.04531883246828,0.10291818090470126,16.857193999809947,1.59,bj065576,bj,G,g
644245142208,2458211.5084813,4.154990978014137,0.12712644827603167,14.913356191739489,0.03325661181223742,16.951766609632518,1.42,bf398831,bf,G,V
644245142208,2458211.6645525,2.5637091158537983,0.13950796637624086,15.437609535459815,0.05914832261955646,16.850858873676945,1.62,bg263416,bg,G,V
644245142208,2458211.7932532,2.016485147154212,0.09103766447698106,15.638578053612232,0.04907250780736138,17.254587842444145,1.69,bj066013,bj,G,g
644245142208,2458212.50358,1.919269706102722,0.08745155025419615,15.75194138346549,0.04952718869200361,17.357937612116892,1.42,bf399228,bf,G,V
644245142208,2458212.6208449,1.796237255200075,0.1213442502141837,15.823872155232499,0.07342901042944938,17.00230838740081,1.49,bg263774,bg,G,V
644245142208,2458212.7841623,3.0007099325382858,0.10044346105578217,15.207005582725897,0.0363839483039535,17.14783643866747,1.64,bj066424,bj,G,g
644245142208,2458214.5754181,2.9159449835751756,0.048495605761307466,15.238117308039744,0.01807736951652398,17.938384640198098,1.51,bk067146,bk,G,g
644245142208,2458214.7787962,1.633548936720386,0.08056890401195287,15.867235249037977,0.05361020640188897,17.3872219716258,1.63,bj067328,bj,G,g
644245142208,2458215.5590784,1.4971616021508662,0.03912160519844116,15.961893921801169,0.028402734781775466,18.171598946401023,1.47,bk067557,bk,G,g
644245142208,2458215.7780582,2.9286529612495387,0.0645707483045205,15.233395842740055,0.02396514606265574,17.627551062856696,1.56,bj067751,bj,G,g
644245142208,2458216.3908302,2.6802082052927423,0.04337835413748374,15.329644291223756,0.01759206051191743,18.059457936493455,1.74,bo040793,bo,G,g
644245142208,2458216.4018338,2.551811977372326,0.041069195343659035,15.382943943434821,0.017493620265602812,18.118850126601217,2.15,bn040810,bn,G,g
644245142208,2458216.5585633,1.7112310637223795,0.042764325038184794,15.816793983987203,0.027163463183583304,18.074936556885294,1.43,bk067979,bk,G,g
644245142208,2458216.7660839,1.5951243058099962,0.06324709865545529,15.893079290595791,0.043098112237538753,17.650039091835446,1.60,bj068162,bj,G,g
644245142208,2458217.4063561,1.4517687120370786,0.045406117931088806,15.99532204123249,0.03399610117151534,18.009854679480807,1.55,bo041227,bo,G,g
644245142208,2458217.4103756,1.4844187858353068,0.0417753058385191,15.97117451763465,0.030589710641039426,18.100341516285642,1.55,bn041238,bn,G,g
644245142208,2458217.5991373,2.163229970927137,0.039009666348236376,15.562308893962298,0.019601157444166722,18.174710021982847,1.58,bj068451,bj,G,g
644245142208,2458218.4351362,1.5647705981024294,0.03975575707985823,15.913938929366534,0.027616047673078663,18.154140540786614,1.43,bo041325,bo,G,g
644245142208,2458218.6857958,4.256072587882789,0.14009298180547228,14.887258838766545,0.03577828551535339,16.846315445889015,1.33,bg266450,bg,B,V
644245142208,2458220.4378724,1.6644626787984529,0.03224469346628685,15.846880468058782,0.021056993527761515,18.381494979745284,1.52,bn041507,bn,G,g
644245142208,2458220.7482852,1.7464290543200747,0.0412148929313191,15.794688252620222,0.025651655619024553,18.11500517153138,1.49,bk069339,bk,G,g
644245142208,2458221.6825837,3.870195372888123,0.0603890387383569,14.930733398865746,0.01696045113330549,17.700245319833623,1.54,bk069711,bk,G,g
644245142208,2458222.4087652,2.4667612051733494,0.04542373754605264,15.419747848167793,0.020015568456282266,18.00943344674803,1.57,bo041929,bo,G,g
644245142208,2458222.4234197,2.3531050422171376,0.03471975872633273,15.47096233617703,0.016037902050151664,18.301198865125347,1.68,bn041949,bn,G,g
644245142208,2458222.7309835,1.7579653387482475,0.042492798159721776,15.787539852347363,0.026273455493463806,18.081852285406185,1.64,bj070189,bj,G,g
644245142208,2458223.408356,1.3884007260363025,0.0476354582838411,16.04377854201968,0.0372930315266196,17.95781474202515,1.45,bo042231,bo,G,g
644245142208,2458223.4230433,1.532020234725602,0.03643126588971348,15.936904368682352,0.025847701718593127,18.24895495623297,1.58,bn042251,bn,G,g
644245142208,2458223.5058689,4.234662635760071,0.10577084919973967,14.892734362102765,0.027149344407434165,17.15144141573596,1.37,bf403013,bf,G,V
644245142208,2458223.7240341,2.0928417120773037,0.08196478734450977,15.65794044806463,0.042569946710707095,17.42828810254754,1.50,bg267632,bg,G,V
644245142208,2458224.3994279,1.6961534421097941,0.041938285669107365,15.826402777175009,0.02687557150601483,18.09611392735777,1.44,bo042567,bo,G,g
644245142208,2458224.4230109,1.5911629963819727,0.049254597626131345,15.895778946259105,0.03364683959914562,17.921523672557875,1.48,bn042594,bn,G,g
644245142208,2458224.6402129,1.716607982493199,0.04743784533111949,15.81338780295658,0.030037653259087516,17.962328224530186,1.56,bk070968,bk,G,g
644245142208,2458224.7332724,3.2407162005005468,0.05652469521235901,15.123463121802311,0.01895873698872505,17.772045038297076,1.53,bj071058,bj,G,g
644245142208,2458225.4176287,2.342924490899354,0.03787092187386431,15.475669891948785,0.017569514371873197,18.20687591875767,1.47,bo042772,bo,G,g
644245142208,2458225.4249218,2.3338828268066445,0.05639163199229975,15.479868001308654,0.026263208873005404,17.774603952955243,1.50,bn042786,bn,B,g
644245142208,2458226.472999,3.908423614996482,0.0739688704722485,14.920061550629402,0.020571195470468432,17.480018144091733,1.55,bk071710,bk,G,g
644245142208,2458226.6947923,1.8315939996332817,0.04473324872212963,15.742992592047461,0.026546874715047464,18.026064512284854,1.65,bj071901,bj,G,g
644245142208,2458226.7335444,2.541436523672685,0.11374141614095769,15.4470832370308,0.04864649300293958,17.07255981581081,1.38,bg268913,bg,G,V
644245142208,2458227.7238392,3.32834501201108,0.059867267707711704,15.094494776367736,0.019551193412572533,17.709667017044296,1.43,bk072343,bk,G,g
644245142208,2458228.397422,2.494647861838367,0.042511707915944816,15.407542496335292,0.018523006343449673,18.08136922848977,1.40,bo043156,bo,G,g
644245142208,2458228.412828,2.4552938547922922,0.037812615685986393,15.424806930139264,0.016739613119495712,18.208548809684963,1.75,bn043176,bn,G,g
644245142208,2458228.6355265,2.02465981891086,0.030768440674478058,15.693901244505232,0.016518309368562568,18.492092676102626,1.53,bf405232,bf,G,V
644245142208,2458228.659427,1.7582854418431095,0.10377218447701765,15.847057953846592,0.06415104738293977,17.172153996095304,1.63,bg269701,bg,G,V
644245142208,2458229.3964355,1.3118430416213567,0.05358162658208104,16.10536093223556,0.044396239954744586,17.83010087797337,1.46,bo043576,bo,G,g
644245142208,2458229.4074803,1.5816446423470796,0.03654249834579447,15.902293335888167,0.025113167543538782,18.2456450215048,1.51,bn043593,bn,G,g
644245142208,2458229.5278831,3.1707269549465686,0.05685585440817592,15.14716851064377,0.019490748533740814,17.76570263561721,1.55,bj073080,bj,G,g
644245142208,2458230.2448305,2.300300117899193,0.04329514842925538,15.495604368059407,0.020458175687014912,18.061542529245393,1.61,bo043861,bo,G,g
644245142208,2458230.3969716,1.5991062074028135,0.038348264665940705,15.890372349475118,0.02606637144115758,18.193276321307124,1.48,bn043992,bn,G,g
644245142208,2458230.5893924,1.3625020254768474,0.05030113392035805,16.064222730868764,0.04012848754956633,17.898696173165995,1.38,bk073550,bk,G,g
644245142208,2458230.6780201,3.886380640814715,0.06588777228931517,14.926202286981978,0.01842772245225072,17.6056285514371,1.62,bj073637,bj,G,g
644245142208,2458232.7055965,1.804521921251223,0.0985338103839446,15.759160216738668,0.05935199043432671,17.168677417338973,1.43,br066485,br,G,g
644245142208,2458233.4425155,1.4605249090292918,0.10633784584778289,15.988793201785231,0.07913909193699331,17.085920965711022,1.47,bo044893,bo,B,g
644245142208,2458233.4731224,1.4879751467829774,0.14752829263955347,15.968576428842848,0.10776849342698717,16.730452320674654,1.65,bn044925,bn,B,g
644245142208,2458233.5070453,1.6633848745062774,0.07775654779994681,15.847583752186933,0.05081084241802973,17.425798184601724,1.56,bj074814,bj,G,g
644245142208,2458233.636457,2.3009012712947725,0.07465613465579311,15.495320662151016,0.03526790717373332,17.469976860335358,1.42,bk074902,bk,G,g
644245142208,2458235.6287826,2.515955364106727,0.19579939302615063,15.458024074601102,0.08459030324566186,16.48282804076249,1.38,bg272233,bg,G,V
644245142208,2458235.6465109,2.0395843690848676,0.12727840062307733,15.626211434849438,0.06783052946020253,16.890753838091786,1.65,bj075461,bj,G,g
644245142208,2458236.500111,1.2393059549912249,0.1324452883980496,16.16711928095613,0.11616362321029866,16.847549328096576,1.58,bj075786,bj,G,g
644245142208,2458238.2541675,1.7488558203278828,0.09594589753048226,15.793180605470978,0.05963271405376314,17.19757458684746,1.58,bn045406,bn,G,g
644245142208,2458238.558719,2.6933859279392967,0.12050957705694758,15.324319155420792,0.04863345774375994,16.95008670583074,1.62,bj076723,bj,G,g
644245142208,2458238.6347749,2.2772158564740757,0.22922329221066137,15.566270906555777,0.10941244401339835,16.31170952923657,1.51,bg273518,bg,G,V
644245142208,2458240.7058912,1.8746744657130665,0.14935581819408858,15.717750962147935,0.08659811802792024,16.717085248136502,1.55,bj077540,bj,G,g
644245142208,2458241.226831,1.490349216759106,0.06485473169561377,15.96684551309492,0.04730050701505035,17.622786443956684,1.44,bo046510,bo,G,g
644245142208,2458241.657933,2.2544189333022917,0.12877719992918957,15.577194846719538,0.06208926621694913,16.93775894926693,1.42,bg274639,bg,G,V
644245142208,2458241.7015675,1.720259687691327,0.0850927527099463,15.81108059161464,0.05376637211963048,17.327909178683964,1.54,bj077980,bj,G,g
644245142208,2458242.7050107,3.213039200955474,0.08032168681106135,15.132775561706586,0.027172460669141058,17.390558560488017,1.56,bj078428,bj,G,g
644245142208,2458243.2986041,3.5385291944815016,0.06255173108499848,15.028008664572663,0.019214483846832883,17.66204227879626,1.49,bo047019,bo,G,g
644245142208,2458243.3059062,3.3312221288525774,0.050645216802647094,15.093556640285193,0.016525211039436404,17.89129452492648,1.51,bn047033,bn,G,g
644245142208,2458243.6255309,1.9890660295431837,0.1220113690428944,15.713158403731706,0.06667503810215498,16.996355643167384,1.43,bg275103,bg,G,V
644245142208,2458243.707793,1.8394524476147185,0.07888410747817491,15.738344209281417,0.046613651359218015,17.410166821091337,1.65,bj078873,bj,G,g
644245142208,2458244.3151048,1.5274758156656325,0.04562850076762023,15.940129765185787,0.03246938247917925,18.004550113357034,1.56,bo047422,bo,G,g
644245142208,2458244.3335812,1.5990899762874622,0.03774064494917035,15.890383369880727,0.025653615975619895,18.21061731758582,1.55,bn047445,bn,G,g
644245142208,2458244.4976996,3.933257816400963,0.11890141826247581,14.972900368539301,0.032858428828519796,17.024388806333462,1.68,bg275433,bg,G,V
644245142208,2458245.3371131,1.7419992890185432,0.03464661680648663,15.797445688736566,0.021618473860127007,18.303488529513412,1.75,bo047853,bo,G,g
644245142208,2458245.3493043,1.6632064888406384,0.03803525759876748,15.84770019556974,0.024857208999843804,18.20217470664893,1.69,bn047870,bn,G,g
644245142208,2458248.3588132,1.7146554557216063,0.03567505428634114,15.814623458145212,0.022615174839085542,18.27172900482127,2.07,bo048336,bo,G,g
644245142208,2458248.3624673,1.7014115832663235,0.03391992347734781,15.823042159356875,0.02166993712938901,18.326503451876356,2.12,bn048347,bn,B,g
644245142208,2458250.5339906,2.8221576362819567,0.04737132204698578,15.27361245145135,0.018245106786526615,17.96385184828712,1.63,bj081558,bj,G,g
644245142208,2458250.615676,2.215140402764387,0.03525556184110963,15.536562476230621,0.017299699298043713,18.284571511218466,1.52,bk081608,bk,G,g
644245142208,2458251.33496,1.7922648793962705,0.03822586285533197,15.766560135809637,0.023182874031267547,18.19674736811618,1.38,bo049065,bo,G,g
644245142208,2458251.3533266,1.6301254403117498,0.03654427398473491,15.86951305921855,0.02436747256231563,18.245592265707188,1.50,bn049088,bn,G,g
644245142208,2458252.3390412,2.705193507088773,0.04398775679404485,15.319569781342059,0.017674439554387404,18.044311073447524,1.39,bo049495,bo,G,g
644245142208,2458252.3536805,2.5381600057463953,0.03838029565342607,15.388768130857963,0.01643620282894638,18.19236982170222,1.47,bn049515,bn,G,g
644245142208,2458253.3269021,1.520785867372517,0.04239660553330885,15.94489545231303,0.03030227191922165,18.084312895500855,1.46,bo049912,bo,G,g
644245142208,2458253.3524962,1.4030262576266312,0.04366186447556559,16.032401124975685,0.033825844730295554,18.05238491824984,1.54,bn049941,bn,G,g
644245142208,2458254.3337934,1.533368499577829,0.042611217711023816,15.9359492793381,0.030205747022320643,18.078830748152875,1.47,bo050198,bo,G,g
644245142208,2458254.3484888,1.5877406557915406,0.03584725840029482,15.898116708535765,0.024540790816522395,18.266500745404276,1.60,bn050218,bn,G,g
644245142208,2458254.6270151,3.227007063365095,0.07808195445861094,15.128065832279498,0.026300435035435426,17.42126392254257,1.48,bs072090,bs,B,g
644245142208,2458255.3301371,2.8070611622082335,0.04826508636852426,15.279435933660013,0.018689315041250997,17.94355789224176,1.57,bo050631,bo,G,g
644245142208,2458255.3447599,2.641795352896133,0.04349394751378878,15.34531769255899,0.0178954171656274,18.05656854631112,1.73,bn050651,bn,G,g
644245142208,2458255.6440212,1.6414545467921577,0.04691298594618538,15.861993469118769,0.031065359761630402,17.974407921278427,1.49,bk083551,bk,G,g
644245142208,2458256.3265551,1.464491083579411,0.042191618382599105,15.985848792624067,0.031314942970909476,18.08957515060942,1.69,bo051066,bo,G,g
644245142208,2458256.3448949,1.4424669269739738,0.04028778448395746,16.002300961295763,0.03035845694093215,18.139707148409794,1.81,bn051089,bn,G,g
644245142208,2458256.5537939,2.5869789083062575,0.04665183016640127,15.368083402485022,0.019601439689988023,17.980468896617555,1.61,bj083834,bj,G,g
644245142208,2458257.34648,1.7845648988176352,0.06749776217268064,15.771234756142732,0.04111205641498465,17.579417175370804,2.09,bn051482,bn,B,g
644245142208,2458258.48987,1.791722687501431,0.04635946765932586,15.76688863994848,0.028124176842862184,17.987294510531267,1.66,bj084690,bj,G,g
644245142208,2458258.5011212,1.871929564613309,0.03659875532667204,15.719341863674538,0.021251470430234197,18.243974821723217,1.57,bk084683,bk,G,g
644245142208,2458261.5339496,1.6879379653184425,0.05421880962150694,15.83167441853526,0.034914487338941404,17.81726566549839,1.47,bk086072,bk,G,g
644245142208,2458262.3799718,1.5395847714402628,0.0863820953088469,15.931556605561017,0.06098630202064546,17.311581275915696,1.54,bn051957,bn,B,g
644245142208,2458263.6164477,4.4479425934366,0.17504056867466025,14.839383470848734,0.04277516710098701,16.604509604680345,2.46,bf412472,bf,G,V
644245142208,2458266.6032642,2.837523291672116,0.11047621497718488,15.267717034529804,0.04231959706513705,17.044468645259265,1.53,bk088405,bk,B,g
644245142208,2458270.5990744,1.5746067451246257,0.09495334992726512,15.907135353551698,0.06554662825113823,17.208864883618407,1.48,bk088978,bk,B,g
644245142208,2458270.6175651,1.334350658183312,0.09528458541235169,16.08689068682031,0.07761842878405992,17.2050839897473,1.65,bj089009,bj,B,g
644245142208,2458271.5172676,2.6444489648574847,0.0427345091666125,15.344227647283502,0.01756530530906783,18.07569381101293,1.61,bj089387,bj,G,g
644245142208,2458271.5694777,2.2328837844709053,0.050182511288904406,15.527900322750112,0.02442859243372902,17.90125963402043,1.50,bk089413,bk,G,g
644245142208,2458274.2625986,1.5042937328402373,0.0451874359024691,15.956734006881955,0.0326510554970677,18.015096364941034,1.45,bo053319,bo,G,g
644245142208,2458274.2735686,1.6373473748941605,0.034694581729573744,15.864713552653988,0.023032071543406703,18.30198647120004,1.61,bn053336,bn,G,g
644245142208,2458274.4836563,3.1320026304548954,0.05328977073079436,15.160510326946802,0.018494130009529097,17.836030982005465,1.52,bk090048,bk,G,g
644245142208,2458275.2634366,1.6889467250139725,0.04074853015438027,15.831025745538486,0.026224557558037143,18.12736074178009,1.47,bo053763,bo,G,g
644245142208,2458275.2892758,1.6413554727615984,0.033806658786252414,15.862059003378334,0.02238781839506123,18.33013498579942,1.51,bn053792,bn,G,g
644245142208,2458276.2746766,3.201465711998687,0.05644283713899763,15.136693485157188,0.01916338185467914,17.773618522069018,1.57,bo054221,bo,G,g
644245142208,2458276.2968756,2.851901730750266,0.04562432655806908,15.262229230384708,0.017388978998656674,18.004649443768418,1.63,bn054247,bn,G,g
644245142208,2458277.2832514,1.5092673054301315,0.041637445662264023,15.953150211722596,0.029986797533030955,18.103930414101594,1.46,bo054515,bo,G,g
644245142208,2458277.3061668,1.537457808087035,0.039202756140661155,15.933057606230921,0.02771568184382212,18.169349108776057,1.53,bn054540,bn,G,g
644245142208,2458278.2634962,1.6634435707543047,0.06754595901769828,15.847545440237507,0.044137067203378816,17.578642181000813,1.62,bo054843,bo,B,g
644245142208,2458280.2587501,1.5667239973549147,0.040832299359045546,15.912584383477208,0.028328495740698654,18.125131019654027,1.46,bo055019,bo,G,g
644245142208,2458280.2734308,1.6207852392393909,0.03447419341866509,15.875751940176798,0.023119626500114985,18.308905326637245,1.52,bn055039,bn,G,g
644245142208,2458281.2552527,1.789144685752695,0.03431793056083845,15.768451965269616,0.020849123457000313,18.313837883569427,1.48,bo055470,bo,G,g
644245142208,2458281.2698982,1.768947199593081,0.035098728407519944,15.780778447113054,0.02156694770543761,18.28941215472213,1.52,bn055490,bn,G,g
644245142208,2458282.2520173,3.455326977577447,0.06413857263031174,15.053842744932568,0.020176336499544388,17.6348423846718,1.64,bo055921,bo,G,g
644245142208,2458282.2710425,2.9778869923064173,0.04959887327639486,15.21529509051229,0.01810405126788729,17.913961084299466,1.60,bn055944,bn,G,g
644245142208,2458283.2488927,1.6768429251936352,0.03673983889128744,15.838834665105985,0.023815353776155467,18.239797492594075,1.46,bo056353,bo,G,g
644245142208,2458283.2712854,1.5201435800028231,0.042321576653550894,15.945354098048535,0.03026142685401746,18.08623601496236,1.63,bn056378,bn,G,g
644245142208,2458284.5546355,1.6526257076282254,0.04056411275960968,15.854629361792941,0.02667962062377528,18.132285658212023,1.48,bk093233,bk,G,g
644245142208,2458286.5511606,2.195422653373622,0.03357898313111712,15.54627026942677,0.016624996855001718,18.337471760676788,1.51,bk094149,bk,G,g
644245142208,2458286.5808436,2.111539916427644,0.036373016317181324,15.588567382991911,0.01872372243294924,18.250692317865767,1.56,bj094189,bj,G,g
644245142208,2458287.5101541,1.552525521709374,0.05049687529960268,15.922468751776716,0.03535394888318333,17.89447934842897,1.58,bj094604,bj,G,g
644245142208,2458288.5741004,1.6817856348653084,0.054393747329851125,15.835639025803623,0.03515527614002198,17.813768162574167,1.65,bj095126,bj,G,g
644245142208,2458289.5406346,2.619950829545467,0.06256150996496797,15.354332770564413,0.02595531202319055,17.661872556008213,1.46,bk095553,bk,G,g
644245142208,2458289.5706056,2.2488578186813255,0.06969194340025182,15.520160625883099,0.033684705081087445,17.54468417333667,1.61,bj095593,bj,B,g
644245142208,2458290.5441918,1.7996591994396294,0.08100693010644539,15.762089945379516,0.048926491756152324,17.38133517602812,1.46,bk096026,bk,B,g
644245142208,2458290.5664775,2.6667689558051766,0.09920235296262052,15.335102145267378,0.040434190704770244,17.161335678371174,2.06,bj096060,bj,G,g
644245142208,2458295.5521392,2.3393267792790517,0.09634396786648175,15.47733839126835,0.04476574420054788,17.19307929020404,1.70,bj098301,bj,G,g
644245142208,2458296.5449042,2.0979011756773227,0.10055819423599875,15.595603056428748,0.05210082643851896,17.146596946574768,1.62,bj098765,bj,G,g
644245142208,2458298.5379592,2.4262386701786736,0.10767239933177569,15.437731821348237,0.048237305794963214,17.072379634397826,1.61,bj099515,bj,G,g
644245142208,2458300.5232606,2.0320138118499633,0.09529907409870078,15.68996476557853,0.050976991151934097,17.264634690763668,1.54,bg277420,bg,G,V
644245142208,2458300.5307091,1.666005689620364,0.08740871376155884,15.845874421672372,0.05702829952615903,17.298753787581425,2.21,bj100447,bj,G,g
644245142208,2458301.5504601,2.6058408686097807,0.08516020458544908,15.419911676914793,0.035522291818293666,17.386764653429125,1.53,bf413416,bf,G,V
644245142208,2458303.5041,2.1522289457496337,0.07666623600197862,15.627560234490392,0.03871933113069282,17.500846039426342,1.55,bg278674,bg,G,V
644245142208,2458303.5316721,2.060993373219623,0.0530680635643853,15.67458991606699,0.02798780361785693,17.900273292026007,1.46,bf414254,bf,G,V
644245142208,2458304.2185964,1.565870293534607,0.039433965734937994,15.91317615954696,0.02737328015647737,18.162964474605264,1.82,bn059678,bn,G,g
644245142208,2458306.4951211,1.616663555849288,0.04150905375193051,15.878516501769731,0.02790842691024769,18.10728352835719,1.62,bk102556,bk,G,g
644245142208,2458306.5174603,1.5597376691250315,0.051080132259617425,15.917436720036607,0.035596936581030775,17.882010578709448,1.69,bj102590,bj,G,g
644245142208,2458308.4921972,1.9649901093534115,0.0307552822858198,15.666664700470596,0.017012632531519436,18.432841317621598,2.02,bj103089,bj,G,g
644245142208,2458309.4850294,1.8225815508096763,0.04165435360304696,15.748348197812327,0.024841945364554908,18.103489612873382,1.69,bk103521,bk,G,g
644245142208,2458309.5074166,1.682074171637436,0.044627014650212835,15.83545276666163,0.028837981961625514,18.028646022858894,1.66,bj103555,bj,G,g
644245142208,2458310.50643,2.6037459353668986,0.06241239464791121,15.420784892037812,0.026054600212114813,17.724179278739616,1.56,bf416406,bf,G,V
644245142208,2458311.4744972,1.5299085946647994,0.04590038658236498,15.938401911281577,0.03261091853463317,17.998099753270004,1.61,bk104427,bk,G,g
644245142208,2458311.5026223,1.8222989510238976,0.06476218522203503,15.808232341571882,0.038629051259463386,17.68405265766986,1.57,bf416846,bf,G,V
644245142208,2458312.5007555,1.6215795665290067,0.0550393230068233,15.875219964309998,0.03689325663028018,17.80095790303421,1.71,bj104923,bj,G,g
644245142208,2458313.4716016,3.061396199043401,0.08789865138660563,15.244982557881103,0.03120864016444503,17.352400864122448,2.18,bg282148,bg,G,V
644245142208,2458313.4986122,2.7297007855953597,0.0651188170329961,15.369493792672078,0.02593006648767717,17.678090137588505,1.71,bf417730,bf,G,V
644245142208,2458314.4891235,1.5482543416700763,0.04897217469578455,15.92545985591373,0.03438105951759324,17.927767136295117,1.58,bj105829,bj,G,g
644245142208,2458315.468268,1.6082458282820817,0.04532658075120898,15.884184538448833,0.03063463413941495,18.01175821413136,1.44,bk106249,bk,G,g
644245142208,2458315.4905476,1.6032451260199925,0.07831964574984533,15.887565801519845,0.05309858632748538,17.41796382537236,1.60,bj106283,bj,B,g
644245142208,2458316.4925082,2.8920581119187303,0.0689223684101648,15.306763866370098,0.0259039116566828,17.61645591145721,1.42,bf418808,bf,G,V
644245142208,2458321.4665158,1.3317560076127934,0.14468563594478928,16.089003960822904,0.11808994642649845,16.751577067672994,1.57,bj108000,bj,B,g
644245142208,2458322.4673377,4.081172703940966,0.438478174592886,14.932818971258433,0.11678180417451418,15.607486440982644,1.55,bf420689,bf,B,V
644245142208,2458323.4637316,1.7395768493484984,0.09692630360556305,15.858672356141444,0.06056339383430567,17.24625226682483,1.44,bf421124,bf,G,V
644245142208,2458325.4605877,2.636457015998177,0.14725767303022683,15.407229666720346,0.0607112830230357,16.79216156002286,1.57,bf421996,bf,B,V
644245142208,2458328.4578079,2.8635689348114255,0.1491902606320042,15.317512298607205,0.056629796755563885,16.778005212039023,1.45,bf422745,bf,G,V
644245142208,2458413.8779238,2.188415363653477,0.3554186018415497,15.54974123463871,0.1765316464302834,15.775790226195227,1.55,bk142692,bk,G,g
644245142208,2458414.8749139,1.6101146231091068,0.272375590673121,15.882923636532063,0.18387537160118983,16.064720148778648,1.62,bk143063,bk,G,g
644245142208,2458416.6123976,1.255859170872259,0.24359260510019112,16.15271326888714,0.21083141876264494,16.185980361442887,1.47,bo085440,bo,G,g
644245142208,2458416.8685234,0.9877225157507674,0.29373414212624815,15.982754537480712,99.999,15.982754537480712,1.51,bG009224,bG,G,g
644245142208,2458417.6090385,3.3980250524410422,0.19801207712702942,15.071999181169797,0.06333988575561589,16.410911412686453,1.55,bo085803,bo,G,g
644245142208,2458417.8691615,1.9244459899884887,0.1472314394288974,15.689301304710014,0.08315856829696584,16.73263921632022,1.61,bG009604,bG,G,g
644245142208,2458418.6059502,1.1907891387380607,0.15522361379410402,16.21047846036793,0.14168866162167038,16.675246136141006,1.54,bo086161,bo,G,g
644245142208,2458419.8660016,1.7903650619032818,0.18267161724508513,15.767711636724727,0.1109025806670404,16.498462927125004,1.47,bk144727,bk,B,g
644245142208,2458422.8575788,1.673340486869107,0.08453246598650566,15.841104824683272,0.05490999346740295,17.335081765375037,1.53,bG010663,bG,G,g
644245142208,2458423.6053448,3.1869035385267255,0.10563238111389033,15.141643326258363,0.03602801408029299,17.093147937552907,2.01,bo087117,bo,G,g
644245142208,2458423.8543717,1.9448950700593548,0.06019178944310213,15.677825183607972,0.033639788129203145,17.703797474773634,1.74,bG010990,bG,G,g
644245142208,2458425.8583006,1.7845366639136384,0.07336372611208627,15.771251934503711,0.0446856498771687,17.488937159312123,1.41,bk146107,bk,G,g
644245142208,2458425.8694294,1.3745290403056514,0.2318505025548733,16.05468082274427,0.1833438279081213,16.239620507438303,1.67,bj146133,bj,G,g
644245142208,2458426.8552762,1.6136483639961976,0.057750627674268536,15.880543367280652,0.03890092958643027,17.748748839426106,1.51,bk146432,bk,G,g
644245142208,2458427.8522673,3.160699817114966,0.06378470760168566,15.150607494009666,0.021935396566118724,17.64084918894486,1.43,bk146787,bk,G,g
644245142208,2458428.8382871,1.7479068181179305,0.05485558296553362,15.793769931192838,0.03411259286830346,17.804588524476003,1.42,bG012676,bG,G,g
644245142208,2458428.8653308,1.7541509683774923,0.12629712169191024,15.789898203424622,0.07825978640075633,16.899156978671527,1.69,bF012708,bF,G,g
644245142208,2458429.8534541,1.8278858106140548,0.06655402016760559,15.74519296841734,0.039576501906776314,17.594704876495648,1.57,bk147500,bk,G,g
644245142208,2458429.8582835,1.9209167074831976,0.07745349147674245,15.691294287515653,0.04382729212783827,17.43003811188825,1.65,bF013066,bF,G,g
644245142208,2458430.5997096,1.569060391355763,0.07186999542987704,15.910966473754947,0.04978747834069428,17.511271568340916,1.52,bn088641,bn,G,g
644245142208,2458430.8551847,3.214801995497348,0.08331392558212156,15.13218004920242,0.028169266688900903,17.35084661638825,1.53,bF013426,bF,G,g
644245142208,2458431.8519029,1.7036499388702298,0.049643188030062235,15.821614717266597,0.03167316580598798,17.912991452370704,1.54,bF013786,bF,G,g
644245142208,2458432.8486202,1.9553825697687577,0.04291346474922697,15.671986273342455,0.023854702962352144,18.07115666135353,1.66,bF014143,bF,G,g
644245142208,2458433.8562592,2.90114130708396,0.08733144002203794,15.243643415587332,0.03272004643587555,17.299714058021017,1.63,bj148931,bj,B,g
644245142208,2458434.8575759,1.6240109655117267,0.0739622496546625,15.873593228976919,0.04950320615556991,17.48011533069259,1.64,bF014833,bF,G,g
644245142208,2458436.8545662,2.9096762846692372,0.0762214229325938,15.240453936417202,0.02847374231605885,17.44744798119656,1.60,bk149807,bk,G,g
644245142208,2458437.5788718,2.0031660994846052,0.04321265723034656,15.645773217721754,0.023448020416423663,18.063613179580187,1.44,bo089023,bo,G,g
644245142208,2458437.8405277,1.5309193474113503,0.05624451845985186,15.937684843277989,0.039933747166620744,17.777440104201045,1.42,bG015657,bG,G,g
644245142208,2458440.8574681,1.6974474404326818,0.08143153104963528,15.825574782991383,0.0521444915708504,17.375659110602875,1.43,bk151135,bk,G,g
644245142208,2458442.8254904,3.3172420077696003,0.14259687281098304,15.098122731239807,0.04672453819120592,16.767365607887943,1.49,bk151797,bk,G,g
644245142208,2458443.8170783,1.5998714274832047,0.09266765860546296,15.889852916545875,0.06295863164076704,17.235320136380324,1.51,bG017737,bG,G,g
644245142208,2458443.8393611,1.6110008832338276,0.08669952520350613,15.8823261759774,0.05849693524839544,17.307598813601196,1.59,bF017769,bF,G,g
644245142208,2458446.8335541,1.57492653504436,0.11615502249764209,15.906914871680842,0.0801659356339509,16.990045628278633,1.51,bF018607,bF,G,g
644245142208,2458447.8303481,1.9103143848794226,0.07328866063169973,15.697303507326891,0.04170077358663665,17.490048649124333,1.50,bF018935,bF,G,g
644245142208,2458449.8315103,1.6132023701316853,0.07617898223213976,15.88084349376854,0.0513284898967229,17.448052696206073,1.71,bj154056,bj,G,g
644245142208,2458451.5445523,1.5431757513092665,0.07122268439062283,15.929027146273464,0.05016665226139909,17.52109476581126,1.64,bn092398,bn,G,g
644245142208,2458451.5696184,1.475172091341355,0.0671438750100014,15.977958903767394,0.04947387038118109,17.585124607302717,1.52,bo092383,bo,G,g
644245142208,2458451.8484834,3.0195223270931892,0.11018197516656753,15.200220009190293,0.039662901449942924,17.04736422782895,1.46,bF020273,bF,G,g
644245142208,2458451.9959506,2.1214784552584134,0.08602355506156101,15.583469058198041,0.04407485919340123,17.316097145177537,1.52,bs116897,bs,G,g
644245142208,2458452.555647,2.034619312422526,0.06463939826975543,15.628857716119121,0.03453236439938643,17.626397349132187,1.51,bo092683,bo,G,g
644245142208,2458452.5739406,2.212984696670025,0.04784846882754934,15.537619595569307,0.023501836829507572,17.952970499649364,1.50,bn092732,bn,G,g
644245142208,2458453.0181206,3.1613732533318606,0.09759216532798014,15.150376185678713,0.033554544836517604,17.179103226378942,1.52,br117562,br,G,g
644245142208,2458453.5272452,2.039673478103639,0.055404375630095724,15.62616400029566,0.029525386328015542,17.7937804488556,1.51,bo092974,bo,B,g
644245142208,2458453.557596,3.3674043005843632,0.1448380111324024,15.08182746676513,0.046751921285118465,16.75043422994735,1.69,bn093033,bn,B,g
644245142208,2458453.8380264,1.8535425847080302,0.04733767594382545,15.730059201545966,0.027759813028099187,17.964623280667613,1.42,bG020890,bG,G,g
644245142208,2458454.5654686,1.1556804974819186,0.1524151076206555,16.242971161118355,0.14335155399854355,16.695070568751163,1.53,bn093349,bn,B,g
644245142208,2458454.8273697,3.0433930025757454,0.06395801570290473,15.19167052792197,0.02284278837039081,17.637903158194113,1.44,bk155738,bk,G,g
644245142208,2458454.8556581,2.7496991119287246,0.1033921487424667,15.301852688777775,0.04087093379952312,17.116421708630604,1.63,bj155789,bj,G,g
644245142208,2458455.5870955,1.9705745220121509,0.04768606064589439,15.663583463777442,0.02630333135646975,17.956661994517443,1.48,bn093665,bn,G,g
644245142208,2458455.8207359,1.5674027902012138,0.049039873215967984,15.912114083434972,0.0340079846422333,17.926267264644096,1.60,bj156102,bj,G,g
644245142208,2458456.0170845,3.1374722237462698,0.09806397634504153,15.158615898112977,0.03397361666795583,17.173866863322978,1.43,br118641,br,B,g
644245142208,2458456.8154105,1.7327138920094103,0.04932126472916425,15.803248478883996,0.03093994375240807,17.920055100095297,1.47,bG021850,bG,G,g
644245142208,2458456.8423093,1.7516994416796048,0.0436800432338193,15.791416643412266,0.027104140546692655,18.051932962555345,1.63,bF021909,bF,G,g
644245142208,2458457.8275157,2.8578836368061893,0.04775502019752036,15.259954267689444,0.018162961563924176,17.9550930287381,1.64,bF022182,bF,G,g
644245142208,2458458.8320317,1.6191503978038626,0.06455112014324313,15.87684764508275,0.04333399857136909,17.62788115419989,1.49,bG022469,bG,G,g
644245142208,2458460.769152,3.6209813281643326,0.08008470139829836,15.002999908897603,0.024040054501065545,17.393766709897985,1.42,bk157657,bk,B,g
644245142208,2458460.8398543,2.6945077327447855,0.05554035425634401,15.323867036583154,0.022404816117242453,17.791118997668708,1.60,bj157743,bj,G,g
644245142208,2458461.7879629,1.578077560580622,0.04802049927162812,15.904744761181748,0.03307581082469786,17.949073933625197,1.55,bj158034,bj,G,g
644245142208,2458461.8218586,1.6167671104018861,0.046508687630651066,15.878446957722822,0.03126790557057909,17.98380539923659,1.39,bk158032,bk,G,g
644245142208,2458463.8100017,2.9842596756282815,0.05036983694116956,15.212974095734983,0.018346199296686284,17.897214249071823,1.45,bF024088,bF,G,g
644245142208,2458464.7884494,1.6320668039665311,0.05284723704075368,15.868220793835278,0.0351962608501894,17.845084895309988,1.41,bG024347,bG,G,g
644245142208,2458466.7485974,3.732017580747193,0.0732866117825965,14.970206419909909,0.021344851386607976,17.49007900226116,1.50,bk159569,bk,U,g
644245142208,2458466.8001346,3.197052842821006,0.05347404188150498,15.138191085750721,0.01818048103188873,17.832283081783626,1.51,bF024975,bF,U,g
644245142208,2458468.8179782,1.824233766025195,0.03712559549871588,15.747364396964503,0.022121018096658115,18.228457040158837,1.44,bk160285,bk,G,g
644245142208,2458469.7952986,3.0109698858832057,0.052756650467147316,15.203299592401155,0.01904508761752587,17.846947575729686,1.54,bj160625,bj,G,g
644245142208,2458471.7586344,2.222806509443294,0.07168872221998455,15.532811472438004,0.035055918642092225,17.514013512470235,1.60,bj161009,bj,G,g
644245142208,2458471.7809582,1.9944593633822674,0.0460698125890921,15.650502642049677,0.025107497384199838,17.9940994975507,1.41,bk160998,bk,G,g
644245142208,2458472.5444316,1.4465457702253002,0.06423208783751137,15.999235172946486,0.048264969015829724,17.63326051442602,1.52,bn097205,bn,G,g
644245142208,2458472.7550289,3.719972508436659,0.1140520949662388,14.97371629642048,0.033325425970328726,17.00988244387871,1.61,bj161335,bj,G,g
644245142208,2458473.5641473,1.9903791117285443,0.07560844225853398,15.652726109083986,0.04129016875587992,17.45621488520252,1.52,bn097488,bn,G,g
644245142208,2458473.8030627,1.4284501560946583,0.08321246493464217,16.01290289517331,0.0633192072294501,17.352169644067114,1.52,bF026905,bF,G,g
644245142208,2458475.7552849,3.3707199385952227,0.11369103620375468,15.08075894728017,0.03666196406588814,17.013325049562514,1.54,bk162295,bk,G,g
644245142208,2458475.8429273,2.826653758716654,0.12279248071305107,15.271884086456344,0.047218407036939254,16.929711178240648,1.59,bj162395,bj,B,g
644245142208,2458476.5754279,2.3150131312208364,0.144062285265029,15.488681975365362,0.06764084332553566,16.756264862132817,1.47,bo098284,bo,G,g
644245142208,2458476.7416996,1.6850032840061036,0.13310753795441943,15.833563743203987,0.08586458426847252,16.842133985165113,1.44,bG027750,bG,G,g
644245142208,2458476.7817914,1.6559601283696899,0.10018166528267967,15.852440932822958,0.06575829488412967,17.150669995118047,1.51,bF027842,bF,G,g
644245142208,2458478.7785449,3.1647795491746575,0.08089772866449751,15.14920696350103,0.02778465684558977,17.38279979079602,1.49,bG028412,bG,G,g
644245142208,2458478.8525282,2.519235812629046,0.08436234141105925,15.396893568631953,0.03639921150939767,17.33726904959292,1.49,bF028532,bF,G,g
644245142208,2458479.7266979,1.5449547451235064,0.0906906617047478,15.927776215842863,0.06380562700102417,17.258734184830796,1.50,bk163594,bk,G,g
644245142208,2458480.7604763,1.8779910033085616,0.07683348653554391,15.715831853765314,0.044470212653113184,17.438764259020175,1.62,bj163980,bj,G,g
644245142208,2458482.5325245,2.0513752621463226,0.04834464547214138,15.619952837314628,0.025616243237782575,17.94176966206875,1.49,bn099867,bn,G,g
644245142208,2458482.5361669,1.9242181958579647,0.04489236276989089,15.689429829477614,0.025358894637858263,18.022209452085892,1.41,bo099834,bo,G,g
644245142208,2458482.8455508,1.7064418545171265,0.04517932838904088,15.81983688560726,0.028777989423002023,18.01529118481651,1.48,bF029800,bF,G,g
644245142208,2458483.469735,1.7561768222490992,0.0423053640290084,15.788645019523095,0.0261842035228479,18.086652020397825,1.56,bo100105,bo,G,g
644245142208,2458483.7795968,2.0292382362745696,0.04133563649551923,15.631733029802703,0.022141333070644597,18.111829037991306,1.61,bj164984,bj,G,g
644245142208,2458484.4777581,1.7000594821723405,0.03900971416404531,15.82390533011994,0.024941399795969005,18.17470869115057,1.49,bn100464,bn,G,g
644245142208,2458484.7286825,3.6493353861851903,0.07458830731098587,14.994531176479423,0.022216167739493246,17.47096373271773,1.46,bG030285,bG,G,g
644245142208,2458486.7574809,1.854736391409269,0.04710751589082962,15.729360139145246,0.02760706149813624,17.969915103200115,1.41,bG030947,bG,G,g
644245142208,2458486.7946645,1.7205020731157719,0.044440623124801855,15.810927621633251,0.028076121435980254,18.03319026199841,1.61,bj165991,bj,G,g
644245142208,2458487.7685696,3.0228258763857894,0.0542739473667717,15.199032794118345,0.01951598387181126,17.816162088575865,1.64,bj166303,bj,G,g
644245142208,2458487.8093017,2.703037133941504,0.04971465658803582,15.320435592242678,0.019991464240667063,17.911429501936396,1.44,bk166307,bk,G,g
644245142208,2458488.7616692,1.625564753571246,0.04731453738511034,15.872554937073517,0.03163752466386233,17.965154116039336,1.57,bj166631,bj,G,g
644245142208,2458488.8005043,1.5501566576857737,0.07036258700505364,15.924126647613676,0.049337641103808505,17.53428611473143,1.42,bG031621,bG,G,g
644245142208,2458489.7762944,1.706076506396923,0.045390077483380364,15.820069365928834,0.028918422214839618,18.010238301171544,1.67,bj166976,bj,G,g
644245142208,2458489.8133409,1.7804888763643993,0.04301644274779889,15.773717460391413,0.026260766695836695,18.06855437774533,1.54,bk166977,bk,G,g
644245142208,2458490.7570067,3.1895837778358516,0.06177458045265652,15.140730587666615,0.021051738338810053,17.67561610010209,1.59,bj167263,bj,G,g
644245142208,2458490.7717163,2.9560895282963098,0.048405306963460806,15.22327166480859,0.017798670705701423,17.94040816504818,1.65,bk167246,bk,G,g
644245142208,2458491.7723512,1.7169361574024036,0.05421260872831417,15.81318025567192,0.03432087347201341,17.817389846005312,1.46,bG032489,bG,G,g
644245142208,2458492.8414955,1.7175468046514624,0.03934671014410086,15.812794170289663,0.024900726480515604,18.165369546451146,1.54,bk167919,bk,G,g
644245142208,2458493.7058848,3.5017249866131532,0.060561722575952985,15.039360534537243,0.01879872336444,17.697145062839635,1.43,bk168145,bk,G,g
644245142208,2458493.7972539,2.475279746340101,0.04613525341484466,15.416004901556452,0.020259130167206055,17.9925583352524,1.59,bj168226,bj,G,g
644245142208,2458494.5120563,2.078956345531055,0.03239529099364314,15.605452197286919,0.016937475813222327,18.376435897970964,1.43,bo102191,bo,G,g
644245142208,2458494.7904392,1.5586921026610687,0.04960422148915709,15.918164784793564,0.03459158608770842,17.91384401641472,1.47,bk168532,bk,G,g
644245142208,2458494.8215836,1.5786280020715675,0.046322932860958906,15.904366116896105,0.03189542686005166,17.98815049085013,1.54,bF033549,bF,G,g
644245142208,2458495.6986199,2.1204141773753675,0.037638625797309415,15.58401387399319,0.019294131408951507,18.21355621453423,1.62,bj168828,bj,G,g
644245142208,2458496.724883,3.7774106494548025,0.06411059556177726,14.957080121361237,0.01844793601365827,17.63531608313115,1.47,bF034135,bF,G,g
644245142208,2458498.4892299,3.0249813604284506,0.047899414239680735,15.198258864966391,0.01721153768958459,17.951815105255978,1.52,bn102940,bn,G,g
644245142208,2458498.772114,1.652202984397015,0.04463234554196913,15.854907116534257,0.029362868561251945,18.028516334674304,1.60,bj169865,bj,G,g
644245142208,2458499.6863455,2.9891688449400413,0.0635063194920338,15.211189504511129,0.02309291034541731,17.645598251599605,1.51,bF035054,bF,G,g
644245142208,2458499.8617071,2.5009782339760434,0.1036210714943377,15.404790842081555,0.04503501786631141,17.114020414444365,1.58,bj170278,bj,G,g
644245142208,2458499.8719995,2.122217738084477,0.06371716286963651,15.583090771863976,0.03263462767509338,17.641999537055295,1.54,bs127666,bs,G,g
644245142208,2458500.4115062,2.6299905289027348,0.0832182004187008,15.35018016099385,0.03439349483522272,17.35209481143115,1.48,bn103373,bn,G,g
644245142208,2458500.6548846,1.7460480185281408,0.053352962926223976,15.794925164329374,0.03321349149128829,17.83474425462867,1.45,bG035294,bG,G,g
644245142208,2458500.9092251,3.6413487376139653,0.0936934122435278,14.996909937328164,0.027967841813697766,17.2233679716524,1.43,br128294,br,B,g
644245142208,2458501.4937272,3.549352336235793,0.06769690816252737,15.02469283996857,0.020731555748244472,17.576218526088855,1.54,bn103643,bn,G,g
644245142208,2458501.6849671,2.1755191746207116,0.07955057854483821,15.556158333691581,0.03974592417578117,17.4010322552595,1.46,bF035689,bF,G,g
644245142208,2458501.8608099,1.696873673291448,0.0516926358831703,15.825941842997434,0.03311245178912479,17.86906891633302,1.58,bj170939,bj,G,g
644245142208,2458502.6597469,2.351398476700103,0.12102824439171722,15.471750040997085,0.055946467967790785,16.94542377755082,1.43,bk171063,bk,G,g
644245142208,2458502.8652622,2.378962645432489,0.1311882837640735,15.459096565328945,0.059940394981359536,16.8579029850439,1.60,bs128775,bs,G,g
644245142208,2458503.4386974,2.548599243323381,0.12029841536772758,15.38431174770926,0.0513062802954944,16.951990844871133,1.52,bo104054,bo,G,g
644245142208,2458503.7637182,1.5101889281390923,0.1703785722413684,15.952487417433879,0.12262975632496499,16.574103175014734,1.54,bj171520,bj,G,g
644245142208,2458503.7900425,1.6584201428910574,0.10425989093182642,15.850829212319002,0.06833369028345405,17.107347445772536,1.44,bG036329,bG,G,g
644245142208,2458503.9533898,2.6209296829650173,0.1530975275390165,15.35392719878823,0.06349287319773213,16.69022016874017,1.44,bs129287,bs,G,g
644245142208,2458504.4446454,1.985243467272117,0.12619221046330156,15.655531183314173,0.06909250599083387,16.900059241945534,1.53,bo104397,bo,G,g
644245142208,2458504.5072877,3.9592723627715234,0.11802007851103287,14.906027176325466,0.03240057320631825,16.972750863415268,1.56,bn104485,bn,G,g
644245142208,2458504.6652249,1.869317457115686,0.10812734465290559,15.720857967863997,0.06287306738693603,17.06780176670443,1.51,bj171787,bj,B,g
644245142208,2458505.5871696,1.3153097977646468,0.1165551149039092,16.102495484298032,0.09631977386784964,16.986312269314613,1.47,bo104791,bo,G,g
644245142208,2458505.6884319,3.5721212151879467,0.1404104135887755,15.017750153100105,0.042725317976752386,16.784142314955773,1.60,bj172152,bj,G,g
644245142208,2458505.692118,3.706869505140191,0.14053170758664285,14.977547378273243,0.0412077781159067,16.783204803040256,1.69,bk172126,bk,G,g
644245142208,2458506.4661377,1.9696482468423095,0.09875467654682012,15.664093937710001,0.05449807593660062,17.16624643423041,1.53,bn105076,bn,G,g
644245142208,2458506.4919864,2.062433889608339,0.09888455078532489,15.614115531455754,0.05211474070364721,17.164819499051497,1.49,bo105060,bo,G,g
644245142208,2458506.698226,1.326504525917159,0.1219584625366318,16.093293782043286,0.09993448468923506,16.937110759402692,1.53,bF037311,bF,G,g
644245142208,2458506.7020898,1.7628470962041245,0.12542179984870908,15.784529010783244,0.07733401473523399,16.906708039520343,1.45,bG037249,bG,G,g
644245142208,2458507.8029223,1.5688045850950858,0.10472783246373182,15.911143497381726,0.07256136397456842,17.102485323694708,1.44,bk172908,bk,G,g
644245142208,2458507.8381721,1.5843561307581187,0.12458507117444889,15.900433600488578,0.08547229565085397,16.913975599835684,1.56,bF037751,bF,B,g
644245142208,2458508.5216634,1.6966214892874159,0.0764777221339475,15.826103213673285,0.04899617231428631,17.443803251118226,1.63,bn105813,bn,G,g
644245142208,2458508.7392589,3.1689877521694703,0.09366350956634906,15.147764220563575,0.03212639824891127,17.223714544591303,1.36,bk173203,bk,G,g
644245142208,2458508.9269971,1.5689613627944459,0.20238839068524242,15.911035000299876,0.1402121087212729,16.38717661876413,1.49,br131435,br,B,g
644245142208,2458509.5088932,1.960026449032898,0.0720872301421985,15.669410792626326,0.03997685081027043,17.50799476482946,1.48,bo106030,bo,G,g
644245142208,2458509.6752633,1.6556378960462599,0.0776270885343787,15.852652226161348,0.050963601610932344,17.42760736666887,1.50,bF038294,bF,G,g
644245142208,2458509.6790864,1.7084697609095674,0.07876036312118374,15.81854738128217,0.050108636575186195,17.41187133702651,1.45,bG038230,bG,G,g
644245142208,2458509.9301587,3.57497591119447,0.17348010017305546,15.016882822793022,0.05274590121980902,16.554516450810773,1.46,bs131676,bs,B,g
644245142208,2458510.7436919,1.9848142027127333,0.06212587507796771,15.655765974903666,0.03402239110968363,17.669459313774585,1.62,bj173930,bj,G,g
644245142208,2458510.7511447,1.6355482111932125,0.051939695319083816,15.865907246319914,0.03451820629795681,17.863892117174547,1.44,bk173907,bk,G,g
644245142208,2458510.9538731,1.6541664663872797,0.07232079335515805,15.853617591109737,0.04752215668258665,17.504482657241645,1.47,bs132146,bs,G,g
644245142208,2458510.9800114,1.7031272578953611,0.0738483265238012,15.821947872990982,0.04713089979768162,17.48178896590092,1.51,br132382,br,G,g
644245142208,2458511.4765263,1.57311769491811,0.04995404418589952,15.908162581869366,0.03451609138369948,17.906213977308354,1.64,bn106510,bn,G,g
644245142208,2458511.5479597,1.6903060675513883,0.05127433305768908,15.830152246230952,0.032972117763036456,17.877890561281408,1.54,bo106530,bo,G,g
644245142208,2458511.7278123,3.2561045860830635,0.06597837802256037,15.118319757331085,0.022024976897828133,17.6041365242536,1.56,bj174265,bj,G,g
644245142208,2458511.7558178,3.106154904972861,0.07170678140374842,15.16950784642692,0.025092809626121183,17.51374003792956,1.41,bG038940,bG,G,g
644245142208,2458511.9419235,1.7008483920973871,0.056522556089874096,15.823401612809771,0.03612171505274096,17.772086127712374,1.69,br132648,br,G,g
644245142208,2458511.9507095,1.99166414159821,0.06195185069649405,15.65202536154642,0.033810403441981426,17.67250489982462,1.57,bs132440,bs,G,g
644245142208,2458512.453712,2.214161465191086,0.031304635726996086,15.537042401968142,0.015367794309070232,18.413618975117622,1.62,bn106828,bn,G,g
644245142208,2458512.5574883,1.7554630334417471,0.049656286604668524,15.789086400982024,0.030746431876990554,17.91270501386102,1.59,bo106875,bo,B,g
644245142208,2458512.7383644,1.7032497557164237,0.043933119402949625,15.821869783972147,0.028036634377965265,18.045660509527966,1.40,bk174593,bk,G,g
644245142208,2458512.8581056,2.5649534313469786,0.07570680026307004,15.377366910838697,0.03208245392694374,17.45480338349504,1.57,bF039425,bF,G,g
644245142208,2458512.9429197,3.3223630625362954,0.11767224204904367,15.096447897989812,0.03849808359753164,16.975955540711503,1.46,bs132799,bs,B,g
644245142208,2458513.5797846,2.516189566405662,0.06032063875220241,15.398207229333028,0.026057620046821998,17.7014757820611,1.50,bo107230,bo,G,g
644245142208,2458513.7372704,1.8296432881783915,0.05614568406849451,15.744149555164313,0.033355090503195746,17.779349667529857,1.46,bk174944,bk,G,g
644245142208,2458513.7483983,1.6830317212527464,0.04554890414684256,15.834834868535186,0.029416960949273763,18.006445779393804,1.61,bj174982,bj,G,g
644245142208,2458514.667036,3.3225215821558933,0.06522435732234375,15.096396095588595,0.021338022587580135,17.616616090084932,1.41,bk175221,bk,G,g
644245142208,2458514.7558961,2.8093917010975,0.055165513525304306,15.278534884312505,0.021343593589314414,17.798471448196047,1.58,bj175322,bj,G,g
644245142208,2458515.679327,1.538361713090291,0.055304345786071706,15.932419465787898,0.039076258087527176,17.795742463254804,1.46,bG040211,bG,G,g
644245142208,2458516.6250195,2.273413359612495,0.05088604631076761,15.508369602836375,0.024329460222946898,17.886143839344445,1.42,bk176625,bk,G,g
644245142208,2458516.836663,1.7444444363430631,0.04584905581576085,15.79592276989973,0.028568367783037774,17.999314620109043,1.56,bF040746,bF,G,g
644245142208,2458517.7062641,3.5299085398031753,0.059546655197908666,15.03065698995529,0.01833606295610342,17.715497182196977,1.59,bj177073,bj,G,g
644245142208,2458517.7657703,2.9072504377661663,0.05462990170359618,15.241359510816961,0.02042490979357023,17.809064563735454,1.48,bk177092,bk,G,g
644245142208,2458518.8253073,1.7028707329493373,0.0444658392684182,15.822111418843093,0.028382914247225506,18.03257437694201,1.68,bF041420,bF,G,g
644245142208,2458518.8355426,2.0086381086155374,0.03980125475860527,15.642811377211887,0.02153809252533065,18.15289870222853,1.40,bk176420,bk,G,g
644245142208,2458519.7199021,1.8358502804186034,0.04192594362079076,15.740472471839427,0.02482319954669426,18.09643349647343,1.57,bj176001,bj,G,g
644245142208,2458519.7533453,1.6706126831773624,0.042766642651193065,15.842876186741249,0.027825408971629346,18.074877716995598,1.44,bk175999,bk,G,g
644245142208,2458520.6677846,3.8197341259237465,0.06393619921962271,14.944982785462834,0.018193902095260266,17.63827357285288,1.48,bF041984,bF,G,g
644245142208,2458521.6144377,1.6349765396288285,0.05349814607247383,15.866286808970127,0.035566356681563945,17.831793780895897,1.60,bj177690,bj,G,g
644245142208,2458521.6262871,1.594306715778556,0.07877516225971995,15.893635933527538,0.053706840422764586,17.411667345444087,1.51,bn109016,bn,G,g
644245142208,2458522.3874298,1.5431043343238238,0.04490302339550449,15.929077394471678,0.03162951009850898,18.021951652041977,1.48,bn109150,bn,G,g
644245142208,2458522.9040726,1.774608636062853,0.11194914073819497,15.7773091456197,0.06856939955980412,17.030088700153726,1.43,bs134362,bs,B,g
644245142208,2458522.9375836,1.4757672298791913,0.08585639630198988,15.977520966286614,0.06323637495400054,17.3182089723335,1.66,br134604,br,B,g
644245142208,2458523.7468869,2.7818171793480695,0.055298836602313835,15.28924416023532,0.021607254256571232,17.795850625066073,1.53,bj178496,bj,B,g
644245142208,2458524.6424083,1.5280885648095035,0.05237653388366132,15.939694307865295,0.037256358304097,17.854798724491726,1.54,bj178774,bj,G,g
644245142208,2458524.68432,1.5881220891536192,0.05392559567958885,15.897855906324736,0.03690823162332248,17.82315323354585,1.50,bk178779,bk,G,g
644245142208,2458525.5900062,2.012235208742381,0.04135111513350623,15.640868762971902,0.02233678452711371,18.111422546805525,1.67,bk179066,bk,G,g
644245142208,2458525.6775752,1.9394865396357013,0.04482584576146662,15.680848697608612,0.025121981718960733,18.02381938029764,1.48,bF043709,bF,G,g
644245142208,2458527.6250834,1.6737456703628668,0.0620877824389059,15.840841955805551,0.040320773482662955,17.670125239881063,1.57,bj179790,bj,G,g
644245142208,2458527.807757,1.7191434652825603,0.04513288760304815,15.81178532035414,0.028536005002345276,18.01640780999551,2.02,bF044490,bF,G,g
644245142208,2458529.5222704,1.5824422596691763,0.04117852050338365,15.90174594130053,0.028284925496162294,18.11596376428251,1.48,bn110037,bn,G,g
644245142208,2458529.833955,2.4057270438949527,0.2522247874637009,15.446949746459065,0.11396030084695967,16.14817119956762,1.48,br136185,br,B,g
644245142208,2458531.7092724,1.8399213174405216,0.09077732726260691,15.738067494285628,0.053627841016265436,17.25769713205292,1.43,bG045761,bG,G,g
644245142208,2458531.7457137,1.756280814557822,0.08421115564799732,15.788580729372834,0.052118012151618896,17.339216543160706,1.97,bj181358,bj,G,g
644245142208,2458531.8694831,1.2595714731468417,0.10838417807793253,16.149508581913686,0.09353092835678234,17.065225890137466,1.61,bs136650,bs,G,g
644245142208,2458531.9107661,1.6851741861974245,0.13427422293027466,15.833453627521124,0.0866084013812548,16.832658992161086,1.56,br136898,br,G,g
644245142208,2458532.5813478,1.687383145033434,0.07047160915561136,15.832031355523652,0.045395484359674,17.53260514060934,1.53,bn110971,bn,G,g
644245142208,2458532.7255457,2.9935977191432017,0.1167180690881672,15.209582024127076,0.04237959749531493,16.984795375831045,1.63,bj181716,bj,G,g
644245142208,2458533.4645645,1.761610516311865,0.10660224275213363,15.785290886658514,0.06577617578830139,17.083224757205716,1.66,bn111219,bn,G,g
644245142208,2458533.6835664,2.1019840800217917,0.1399760398645134,15.593492066154514,0.07238297895023639,16.787506355196044,1.98,bj182058,bj,G,g
644245142208,2458533.7655904,1.7446161224228842,0.14057146055251762,15.795815918333398,0.08758090897713104,16.782897718386103,1.54,bG046529,bG,G,g
644245142208,2458534.6719797,1.9090717555943568,0.14372154715833513,15.698009991354363,0.0818298592184421,16.758835902128624,1.59,bj182426,bj,G,g
644245142208,2458534.795001,1.4386629510461066,0.1719827094666255,16.00516797317073,0.12993851516450405,16.5639286447648,1.49,bG046916,bG,G,g
644245142208,2458535.797966,2.583030759341445,0.14620337905523553,15.369741677568335,0.06152335421855485,16.74024708604209,1.74,bk182877,bk,G,g
644245142208,2458536.5407296,2.8313010137725145,0.06308592960506745,15.270100511152382,0.024219135401232633,17.652809343929206,2.36,bk183047,bk,G,g
644245142208,2458536.6963937,1.476209544162017,0.0957365735376739,15.977195600153276,0.07049235888445897,17.19994591195187,1.62,bj183202,bj,G,g
644245142208,2458537.4460053,3.4883291740566333,0.09879022284880996,15.04352197196127,0.030782839477474355,17.165855698680666,1.53,bn112236,bn,G,g
644245142208,2458537.5697986,2.0239333568962845,0.05591678688073977,15.634575101873576,0.03003019638350263,17.7837850919397,1.60,bj183478,bj,G,g
644245142208,2458537.5936214,2.3382621685155005,0.09309497710090471,15.47783261446018,0.04327581135404774,17.230324987834365,1.43,bo112319,bo,G,g
644245142208,2458537.7036451,2.1576162679823843,0.09113853872077969,15.565130102411864,0.04591346038420514,17.253385458950685,1.43,bk183557,bk,G,g
644245142208,2458538.3242661,1.7441448874906422,0.045438050050885664,15.79610922408208,0.02831713419690552,18.00909139746158,1.46,bo112481,bo,G,g
644245142208,2458538.5320581,1.6537927704314122,0.08190063957021416,15.853862899592421,0.05382925594252512,17.369422378386368,1.50,bn112686,bn,G,g
644245142208,2458538.6137377,2.417227500295446,0.057013280533175996,15.441771806075518,0.025637205059806677,17.76270053408243,1.54,bk183863,bk,G,g
644245142208,2458538.7217067,3.035196072848777,0.07582770902714255,15.194598743222102,0.02715522189583968,17.453070774189094,1.57,bj183979,bj,G,g
644245142208,2458540.4618553,3.7859666779885157,0.09578867593830558,14.954623654227973,0.027501067726041193,17.199355186036918,1.54,bn113257,bn,G,g
644245142208,2458540.6082527,2.3027798471365104,0.039850144196229044,15.494434572143694,0.018810036999497917,18.15156586840964,1.45,bk184613,bk,G,g
644245142208,2458540.6712843,1.8644265044506152,0.039927271199220106,15.72370245183303,0.02327751065630101,18.14946653728476,1.63,bj184693,bj,G,g
644245142208,2458540.8094645,1.6453485194593536,0.06245183018961793,15.859420860417895,0.04125717032975814,17.663777686027682,1.44,bG049079,bG,G,g
644245142208,2458540.8478294,1.8369257234834264,0.052217151916451925,15.739836632624748,0.030898241064749532,17.858107660491083,1.46,br138923,br,G,g
644245142208,2458541.6486503,3.0219777090984516,0.04934436395604194,15.199337480920681,0.01774836990081243,17.919546723111026,1.65,bj185053,bj,G,g
644245142208,2458541.7938603,2.2925681572675454,0.054816050151616114,15.499259982381076,0.02598948389795899,17.805371264879977,1.38,bk185140,bk,G,g
644245142208,2458542.3136533,2.877399060194123,0.04967633102246963,15.252565378729745,0.0187655625276052,17.912266830494367,1.45,bo113590,bo,G,g
644245142208,2458542.3322227,2.7924278090396153,0.04670238921135964,15.285110736336838,0.018178971850142608,17.979292864268462,1.47,bn113641,bn,G,g
644245142208,2458542.6367532,2.1125169406651154,0.03124909181448628,15.588065121473019,0.016078642254810312,18.415547111297034,1.51,bk185393,bk,G,g
644245142208,2458542.6628986,2.7453830524292786,0.04207770490431535,15.303558251273085,0.016659473338370638,18.092510502599733,1.55,bj185443,bj,G,g
644245142208,2458543.5086907,3.086568612233575,0.058731734212536704,15.176375783609508,0.020682787119113942,17.73045854957762,1.49,bo114105,bo,G,g
644245142208,2458543.5270736,2.7867533623197875,0.04626868519516676,15.287319287800159,0.01804682459710624,17.989422715328974,1.58,bn114156,bn,G,g
644245142208,2458543.8364683,1.7110604393546052,0.036262821552844306,15.81690224656711,0.023036071360748533,18.25398662933822,1.43,bk185934,bk,G,g
644245142208,2458544.4074242,1.578142471392305,0.04106500649160156,15.9047001026867,0.028283806709749316,18.11896087189946,1.50,bn114421,bn,G,g
644245142208,2458544.5551122,1.4864692026693633,0.04841313097439347,15.969675832962816,0.03540131767003898,17.940232685828818,1.48,bo114505,bo,G,g
644245142208,2458544.8070428,2.2563587935862612,0.03718586669910153,15.516545222562234,0.017913560751066388,18.22669584109811,1.68,bj186291,bj,G,g
644245142208,2458545.3956306,2.278944339109085,0.03576903837394311,15.505731327006789,0.01706026289000719,18.268872449950383,1.49,bn114762,bn,G,g
644245142208,2458546.296589,1.59512679698046,0.04270281911848829,15.893077594958754,0.02909869474035039,18.076499244301807,1.52,bn115000,bn,G,g
644245142208,2458546.5961228,2.161781929514491,0.04446868028272432,15.56303591672322,0.022359110966060775,18.032505009229517,1.43,bG050994,bG,G,g
644245142208,2458546.6971721,1.712813301116291,0.04315314919988688,15.815790555081312,0.02738511951409358,18.065109374336863,1.68,bF051140,bF,G,g
644245142208,2458546.7796802,1.72775862286017,0.05132355535975528,15.80635794949755,0.03228834889261044,17.876848776886828,1.66,bs140752,bs,G,g
644245142208,2458547.6098379,2.6981080829587083,0.04839114903352279,15.32241726478725,0.019494799103362232,17.940725775379455,1.59,bj187123,bj,G,g
644245142208,2458547.6247448,3.5778891271678894,0.058604644673058086,15.01599842634138,0.017803989578069383,17.732810518669012,1.58,bk187106,bk,G,g
644245142208,2458548.5085695,1.6122951683733389,0.03993500098568672,15.881454240983981,0.026922867858523176,18.149256362722518,2.24,bk187399,bk,G,g
644245142208,2458548.7719404,1.3875809684871672,0.057129254590003155,16.044419785784257,0.044751994491825126,17.760494217646507,1.60,bj187639,bj,G,g
644245142208,2458549.3674372,1.6378743393457602,0.048604547433585936,15.864364175153119,0.03225585049474443,17.935948352230717,1.49,bo115744,bo,G,g
644245142208,2458549.5005125,2.9401921001926485,0.051835860003182375,15.229126356346942,0.019163144505668143,17.866064840781355,1.62,bn115888,bn,G,g
644245142208,2458549.6979263,1.7965816644985377,0.044327832339533635,15.763948214638468,0.026818945894932923,18.035949375117852,1.55,bF052230,bF,G,g
644245142208,2458549.7845978,1.5094279261264063,0.04850536241142124,15.953034670608329,0.03492927293833512,17.93816622694922,1.42,bk188005,bk,G,g
644245142208,2458550.5069267,2.000339429970269,0.03708785647238501,15.647306383052983,0.02015302346491409,18.229561277454458,1.49,bk188170,bk,G,g
644245142208,2458550.6116008,2.951277296714431,0.051645256910184394,15.225040579915651,0.019020967253030586,17.87006450601516,1.57,bj188283,bj,G,g
644245142208,2458551.7433751,1.525923053586861,0.05877326853450372,15.941234036343152,0.04186579879459665,17.729691002359655,1.44,bG052909,bG,G,g
644245142208,2458551.7550234,1.481402903422183,0.049403900366562836,15.973382643541695,0.036249349571769965,17.918237518444396,1.58,bF052996,bF,G,g
644245142208,2458552.6063984,2.1416869821991766,0.03323086416945335,15.573175629989219,0.016865445245842797,18.348786523281134,1.55,bF053259,bF,G,g
644245142208,2458552.6359384,2.0573988578754543,0.04213416851781986,15.616769386260712,0.0222601510072736,18.09105454167335,1.44,bk189052,bk,G,g
644245142208,2458553.5114245,2.2278071273263604,0.03510636407160012,15.530371649703593,0.01712854354136554,18.28917598048806,1.52,bk189343,bk,G,g
644245142208,2458553.8511244,1.9112090717470884,0.046141986228610134,15.696795126858778,0.026242201127340548,17.9923998983571,1.58,bj189644,bj,G,g
644245142208,2458554.3534758,2.4236592167372337,0.07770087375793273,15.438886734840946,0.03484709025624145,17.426575855105433,1.51,bn116276,bn,B,g
644245142208,2458554.6239019,1.6237414829636623,0.04356710478048804,15.873773407093507,0.029164463168120765,18.054743860996652,1.49,bF054031,bF,G,g
644245142208,2458554.7209099,1.6678668943428656,0.052383616144908524,15.844662151250674,0.034138643433786246,17.85465192310862,1.43,bG054019,bG,G,g
644245142208,2458555.4951352,3.623061734468406,0.14595838210494305,15.00237628684359,0.04378904555285968,16.74206800963101,1.54,bk190116,bk,G,g
644245142208,2458555.6822596,1.7835266056059917,0.04442236017664276,15.77186664159828,0.027072864488410894,18.033636538807144,1.44,bG054370,bG,G,g
644245142208,2458556.7272383,2.5741854391827226,0.061814347704518616,15.373466048774173,0.026101269687784704,17.674917384654933,2.04,bs142233,bs,G,g
644245142208,2458557.3222782,2.3025438621596703,0.04133725798027782,15.494545842251739,0.019513983160491077,18.11178644834402,1.51,bo117403,bo,G,g
644245142208,2458557.4844863,1.748031701091333,0.038416715749537325,15.793692361198461,0.023888182177524583,18.191340025902335,1.50,bn117571,bn,G,g
644245142208,2458557.5637516,1.6206325554104113,0.04531986532674825,15.875854225270317,0.0303959852076236,18.011919084850422,1.58,bj190988,bj,G,g
644245142208,2458557.6529638,1.748187463483156,0.06416244708095958,15.793595618482804,0.03989377098405375,17.634438313748674,1.44,bG055112,bG,G,g
644245142208,2458557.8182869,3.618179150516279,0.08499887731950133,15.003840455501196,0.025534966677853155,17.32910763766132,1.75,bs142652,bs,G,g
644245142208,2458558.3317459,1.4405321471347041,0.08300050531982199,16.003758236016353,0.06262820357356984,17.354938770353137,1.41,bo117808,bo,G,g
644245142208,2458558.5744626,1.863871140471804,0.04571528449387307,15.724025912479416,0.02665985085814293,18.0024870444431,1.40,bG055434,bG,G,g
644245142208,2458558.6720269,1.8615925135565086,0.07850958498530777,15.725354062893608,0.045840593361530194,17.415333907409874,1.57,bF055584,bF,G,g
644245142208,2458558.8337484,1.5726390364042022,0.09581960986080129,15.908492993230867,0.06622737159497026,17.199004615812253,1.48,br143290,br,B,g
644245142208,2458559.3447289,1.666534359339688,0.0597248260789383,15.845529942175645,0.03895406587474087,17.71225337708967,1.49,bn118246,bn,G,g
644245142208,2458559.5953759,2.758115425079245,0.08573390997938471,15.298534529479195,0.033787212724648845,17.319759034927483,1.67,bk191779,bk,G,g
644245142208,2458559.670537,2.83862633747256,0.05171007082495182,15.26729505242772,0.019800633137512076,17.86870277992708,1.55,bF055968,bF,B,g
644245142208,2458560.5732179,1.6780293875792913,0.0877152073403488,15.838066716223704,0.05681820436520035,17.29495337570522,1.56,bj192188,bj,G,g
644245142208,2458561.7684044,1.6414837345820956,0.10605538336016966,15.861974163096201,0.0702276776676246,17.088808816055725,1.56,bk192715,bk,G,g
644245142208,2458561.7795691,1.8065628895565489,0.12749550908174803,15.757932910522442,0.07671035195618008,16.888903392955786,1.64,bj192753,bj,G,g
644245142208,2458562.4609244,1.3669248568679218,0.18438583421582644,16.060704019740857,0.14662063098071823,16.488321730144584,1.62,bn119147,bn,G,g
644245142208,2458562.6039543,3.7377790641758626,0.1254955475422251,14.968531554397646,0.03649445339282543,16.906069817061784,1.51,bk192989,bk,B,g
644245142208,2458563.4669569,2.4303706207101587,0.14034678728053987,15.435884355718603,0.06276855654844182,16.784634422637396,1.41,bo119383,bo,G,g
644245142208,2458563.5879276,1.5437678492409979,0.12312762759437162,15.928610642279668,0.08669333143954876,16.92675183237223,1.58,bj193411,bj,G,g
644245142208,2458563.6845778,1.4231149736544326,0.1498475139858171,16.01696565175071,0.11445156266961616,16.713516755770513,2.26,bk193460,bk,G,g
644245142208,2458564.5235713,2.9401248939797746,0.12713990518151816,15.229151174130944,0.047003292068754025,16.891935903426845,1.40,bk193738,bk,G,g
644245142208,2458564.5330054,2.918959850023983,0.1748453471955054,15.236995318893175,0.0651085661313004,16.546005411939454,1.58,bo119844,bo,B,g
644245142208,2458564.5476737,2.1999327909356285,0.15296097470354222,15.54404208951268,0.0755759129145388,16.69118900552195,1.63,bn119892,bn,B,g
644245142208,2458564.6725004,1.976749599931765,0.1474028238776098,15.660186473347151,0.08105248168107028,16.731376102385006,1.65,bj193887,bj,G,g
644245142208,2458565.6121232,4.018902504994894,0.09449032341833481,14.889796945478624,0.025555950449942355,17.214172272740402,1.55,bk194219,bk,G,g
644245142208,2458565.7861745,2.18313513113534,0.1519362912158888,15.552364076309788,0.07564723789685009,16.698486808906317,1.50,bs144635,bs,G,g
644245142208,2458566.5267196,1.7878558804181588,0.09704383799666602,15.769234354115946,0.05899940468378281,17.18522070105464,1.48,bn120577,bn,B,g
644245142208,2458566.5377081,1.8311409416699773,0.12681756653195433,15.743261189936199,0.07527830210998439,16.894692073013843,1.42,bo120557,bo,B,g
644245142208,2458566.5748246,1.7846977904541672,0.08978144091051937,15.771153907365985,0.05468069902411389,17.26967418355907,1.40,bG055734,bG,G,g
644245142208,2458566.7413092,1.6341879693573964,0.0896856608598483,15.866810599870181,0.059653121798729974,17.27083307984206,1.64,bj194763,bj,G,g
644245142208,2458567.5344868,2.3941198511664896,0.11596811650696744,15.452200903098953,0.05265078959586545,16.991794102348805,1.45,bo120893,bo,B,g
644245142208,2458567.5851321,2.0284279549921993,0.05003988347644798,15.63216665430237,0.026814448873043878,17.90434988714585,1.66,bF059039,bF,G,g
644245142208,2458567.6215876,2.068164028973824,0.0684825542339018,15.611103171559698,0.03599209632653145,17.563690736175623,1.40,bk195049,bk,G,g
644245142208,2458568.6506334,3.4081503827225608,0.07249445018883266,15.068768748488013,0.0231205512004717,17.501878710346478,1.59,bj195511,bj,G,g
644245142208,2458569.5313542,1.5701972011108878,0.17160619176682165,15.910180125055193,0.11879302114396648,16.566308227228486,1.50,bo121355,bo,B,g
644245142208,2458569.5961884,1.610916939203951,0.053525551045428985,15.882382751642862,0.03611604383355724,17.831237743816644,1.41,bG059722,bG,B,g
644245142208,2458569.6240127,1.7071023745426614,0.04781328139372965,15.819416706188733,0.030443960954940303,17.953769236291443,1.62,bj195870,bj,G,g
644245142208,2458570.7169077,1.5825189650107823,0.05269949163870292,15.901693313947092,0.03619675807716758,17.848124546825,1.43,bk196296,bk,G,g
644245142208,2458571.6631232,3.0347197711807965,0.0641674519629635,15.19476913700668,0.022983087617143374,17.63435362605492,1.46,bs146413,bs,G,g
644245142208,2458572.5432277,1.594360835478195,0.04480056574844672,15.893599078185076,0.030542814420846862,18.024431865516178,1.51,bn122441,bn,G,g
644245142208,2458572.6320966,1.7856913601589879,0.04778995718537072,15.770549628906235,0.029089912621656843,17.954299007841893,1.46,bG060902,bG,G,g
644245142208,2458573.7207014,1.6245648599419003,0.059443941395333946,15.873222984737847,0.03977248392523255,17.717371618078058,1.58,bG061183,bG,G,g
644245142208,2458574.6310663,3.367650203290963,0.05318473232292753,15.08174818441593,0.01716612123161216,17.838173166961234,2.02,bF061586,bF,G,g
644245142208,2458574.7433316,2.3409736072068767,0.044051418403606005,15.476574328866203,0.02045387285796395,18.042740869586673,1.54,bs147263,bs,G,g
644245142208,2458575.6996006,1.4399823086139987,0.05783378863931129,16.004172731138752,0.043655268097625516,17.74718650275428,1.43,bs147604,bs,G,g
644245142208,2458575.7228834,1.4638293922080194,0.043787576157971346,15.986339464527271,0.03251416574185868,18.049263347248825,2.07,bF062061,bF,G,g
644245142208,2458576.697752,1.4095744477349137,0.053403163874453125,16.027345576274314,0.04118045509984779,17.833723142442295,1.64,bj198169,bj,G,g
644245142208,2458577.6975954,2.716192870114509,0.05405615564786146,15.315164110090505,0.02163200248703675,17.820527720405344,1.72,bj198538,bj,G,g
644245142208,2458578.6006262,1.535184126660559,0.05958516644997528,15.934664444089552,0.042188089459078044,17.714795219253116,1.45,bG062965,bG,G,g
644245142208,2458578.6648822,1.6481206058581157,0.046946037262488395,15.85759314917356,0.030961509243251913,17.973643263582627,2.19,br148955,br,G,g
644245142208,2458579.5892562,2.098645800581865,0.0423890262042498,15.595217755737067,0.02195464735883758,18.08450701216474,1.42,bk199191,bk,G,g
644245142208,2458580.431873,1.5856160968885713,0.04948370770700377,15.899570507175198,0.033921602408997525,17.91648502914017,1.54,bn124670,bn,B,g
644245142208,2458580.6774009,2.7519203634828204,0.05345774401981477,15.300975967523613,0.021114798331685593,17.832614043779355,1.42,bs149228,bs,B,g
644245142208,2458581.5622176,1.4767769877006538,0.05188705913386363,15.97677833174044,0.03819058516562501,17.864992970556145,1.62,bj200042,bj,G,g
644245142208,2458581.6890512,1.4749456573989934,0.04634776117514273,15.978125573406121,0.03415583552153956,17.987568710373836,1.44,bk200115,bk,G,g
644245142208,2458582.5074994,2.4880311362869083,0.0463293898144354,15.410426094782526,0.020240113426453495,17.987999160630427,1.44,bG064507,bG,G,g
644245142208,2458583.5606272,2.9289849392382683,0.04890771238695891,15.233272775890224,0.018149822564868474,17.929197237508742,1.61,bk200856,bk,G,g
644245142208,2458583.5691391,3.436081569485606,0.055385918973913,15.059906959677434,0.017520563648965485,17.794142196427323,1.63,bF065043,bF,G,g
644245142208,2458584.5904604,1.62528651945248,0.04487988973316597,15.872740789228237,0.030014700950593894,18.02251115839859,1.43,bG065379,bG,G,g
644245142208,2458587.5133147,1.8420890704738777,0.06753764141911614,15.736789057792919,0.03985175363127378,17.5787758866157,1.62,bj202544,bj,G,g
644245142208,2458589.6609959,2.9691766812367484,0.08888438334886706,15.218475519498615,0.03253880470379072,17.280576952019565,1.43,bk203489,bk,G,g
644245142208,2458591.5075163,1.863081317144521,0.11046530497940055,15.724486095325528,0.06444752709843606,17.044575871638447,1.49,bk204215,bk,G,g
644245142208,2458594.3722866,4.197491032414555,0.19189975155557243,14.842591179838333,0.049693182156356236,16.444954580258976,1.49,bn128599,bn,B,g
644245142208,2458594.6094044,1.7547856532789883,0.11400017639673679,15.789505434641377,0.0706144565191198,17.010376803099465,1.45,bG069033,bG,G,g
644245142208,2458595.6422204,3.1374138263308824,0.10809435092362236,15.15863610698614,0.037449270706183924,17.068133116309248,1.46,bG069472,bG,G,g
644245142208,2458595.6460525,2.8588912339646257,0.06807831307061385,15.259571539752528,0.025883519282572893,17.570118647143943,1.48,bF069535,bF,G,g
644245142208,2458596.5873432,1.7122473863923235,0.06686750276051477,15.816149342364964,0.04244834525406445,17.589602850682592,1.47,bG069846,bG,G,g
644245142208,2458596.5912381,1.7479587945656219,0.0638534333124939,15.793737645792135,0.039706831757265575,17.639679977311115,1.58,bF069909,bF,B,g
644245142208,2458597.6311826,1.7335246950597825,0.10856390933931911,15.802740540252156,0.06807185938461587,17.063426927218906,1.53,bG070245,bG,G,g
644245142208,2458597.6335376,1.5940415661216405,0.14887817881536924,15.89381651767795,0.10151812276873923,16.720562992557916,1.54,bj206833,bj,G,g
644245142208,2458598.5996909,3.1782785097277735,0.11540522380191806,15.144585743834027,0.039468051736285065,16.99707694257745,1.49,bF070388,bF,B,g
644245142208,2458599.5685572,1.7446629339802122,0.05102545318787511,15.795786786239477,0.03178977900947634,17.883173434849944,1.42,bG070597,bG,G,g
644245142208,2458600.4357154,3.080782918447668,0.05396431249044511,15.178412878146615,0.019039595763603333,17.822373990226488,1.47,bn129717,bn,G,g
644245142208,2458600.6283062,1.6595210124926147,0.044908354627034935,15.850108732978946,0.029414167446491734,18.02182275275944,1.41,bk207654,bk,G,g
644245142208,2458601.5605036,4.071275443325386,0.07207076541499174,14.87573940804976,0.019241584015885337,17.508242775360387,1.52,bF071500,bF,G,g
644245142208,2458602.380907,1.9898246648135993,0.030983654586819644,15.653028597663397,0.01692505174751715,18.42480900547614,1.43,bo130498,bo,G,g
644245142208,2458602.5067903,1.326833621155797,0.05232993840146861,16.09302445292093,0.042869254231088234,17.85576505263229,1.57,bj208474,bj,G,g
644245142208,2458603.428933,3.129352753531068,0.07389327990209059,15.16142931886139,0.025666260351008066,17.48112825138695,1.51,bo130924,bo,G,g
644245142208,2458603.5034965,2.3380336330528344,0.050161345102484454,15.47793873658616,0.023320109868205888,17.90171767691573,1.62,bj208915,bj,B,g
644245142208,2458604.5318183,3.021118963409877,0.055245367732214584,15.199646054932174,0.01987651379495188,17.796900939607138,1.56,bF072751,bF,G,g
644245142208,2458604.6446886,2.7085232023882875,0.05612624124383612,15.31823422154558,0.022524002713691964,17.77972571485971,1.53,bG072776,bG,G,g
644245142208,2458605.5116402,1.5579355648277144,0.04435976535151408,15.918691893335046,0.030949377715103296,18.035167510919585,1.55,bF073160,bF,G,g
644245142208,2458605.6241258,1.635845988752258,0.05483776929204392,15.865709588772122,0.03643758115339308,17.804941161167644,1.44,bk209870,bk,G,g
644245142208,2458607.5003331,1.5888840767760366,0.06727824560054273,15.897335090486246,0.046025086974916425,17.582953966593642,1.54,bk210658,bk,B,g
644245142208,2458608.5371911,1.6170931442256589,0.0530471092347382,15.878228032537582,0.03565651214835682,17.840986305674814,1.54,bk211131,bk,B,g
644245142208,2458608.5836366,1.6475654603139231,0.04774493253487515,15.857958925288056,0.03149900082810007,17.955322401429555,1.57,bF074199,bF,G,g
644245142208,2458609.6190713,1.8623879518792976,0.053527354066459504,15.724890238656691,0.031240486996958687,17.831201171148038,1.53,bk211641,bk,B,g
644245142208,2458609.6311742,1.9290904380740266,0.06521591642973405,15.686684151363528,0.036746263568267885,17.616756607771013,1.55,bF074663,bF,G,g
644245142208,2458610.7084352,2.1103640634698024,0.07274044721103319,15.589172165178757,0.03746543303066667,17.498200694477493,1.41,br157609,br,B,g
644245142208,2458611.5390254,1.6353996076652983,0.06963193667375517,15.866005899211649,0.04628036311988307,17.545619425491296,1.41,bG074972,bG,B,g
644245142208,2458611.6830756,1.4923859130240744,0.0604184584447543,15.965362769827127,0.04400486286209734,17.699716510914556,1.40,br157855,br,G,g
644245142208,2458612.7019681,1.4598227268648647,0.06379615375803455,15.98931532086693,0.047501415146544095,17.64065437122292,1.60,bj212644,bj,G,g
644245142208,2458613.6153238,3.2836296283348534,0.060221429585152766,15.10918020810763,0.019934670789662035,17.703262959107523,1.44,bk212991,bk,G,g
644245142208,2458614.627297,1.6339885274819645,0.04901553965783739,15.866943114907468,0.0326059575092319,17.926806140057923,1.47,bk213429,bk,G,g
644245142208,2458615.6422253,1.6668271199749576,0.05580053603827144,15.845339227292888,0.03638815077849811,17.78604468410965,1.53,bk213890,bk,G,g
644245142208,2458616.6419048,3.126127035187906,0.08022028994522855,15.162549066545099,0.02789265002678593,17.391930043076517,1.43,bk214339,bk,G,g
644245142208,2458617.5847486,1.669374738001215,0.10506397055495702,15.843681029268664,0.06840882720631859,17.09900608759019,1.57,bj214773,bj,G,g
644245142208,2458618.5064218,2.4425876531421022,0.07859420545726976,15.430440228569381,0.03497458282931661,17.41416429184937,1.53,bk215131,bk,G,g
644245142208,2458618.6103389,1.688882104113928,0.11983492409905286,15.831067287756476,0.07712518947550674,16.95618209858897,1.60,bF075720,bF,G,g
644245142208,2458619.5692692,4.027068876009391,0.12554100057312897,14.887592978475341,0.033885094474430895,16.90567664720522,1.52,bk218279,bk,G,g
644245142208,2458619.610396,2.975471323095199,0.11884255003879561,15.216176199804334,0.04341385642742586,16.96521070640898,1.59,bj218346,bj,G,g
644245142208,2458621.3307723,4.039677045505979,0.12346403537542723,14.88419900589247,0.033220486920073206,16.92378944240618,1.57,bn136142,bn,G,g
644245142208,2458622.5416185,4.174299959307015,0.10482545093648199,14.848606488183137,0.02729576423601573,17.101473763140135,1.59,bF077319,bF,G,g
644245142208,2458623.6537986,2.2151482300198593,0.15142917004133877,15.536558639760651,0.07430515110787925,16.702116756297137,1.40,br160791,br,G,g
644245142208,2458625.4025834,1.817055329034291,0.10233565174444109,15.7516452430209,0.06121685030315633,17.12757321194873,1.51,bn137128,bn,G,g
644245142208,2458625.479651,1.747691126588232,0.05703581776373235,15.793903919201103,0.03547277499316387,17.762271429637874,1.42,bG078170,bG,G,g
644245142208,2458628.2321977,1.6201237910042336,0.04666249678746793,15.876195123431716,0.0313063146689122,17.98022067885501,1.47,bo138279,bo,G,g
644245142208,2458629.3805648,1.9417709053288956,0.04535140959283748,15.679570648492023,0.025386625318009753,18.01116363604577,1.58,bn138843,bn,G,g
644245142208,2458631.5965951,3.1392475677817306,0.061907539284997266,15.15800170617495,0.0214353287269403,17.673281756642755,1.57,bk219613,bk,B,g
644245142208,2458635.5583807,1.5853874616382218,0.05315421943816864,15.899727074372198,0.036443031671619566,17.838796248984423,1.69,bj220088,bj,G,g
644245142208,2458635.5705338,1.6376328997137128,0.05204715728629189,15.864524235706261,0.03454559142052363,17.861648075989653,1.45,bG080363,bG,G,g
644245142208,2458636.5321181,1.9419322092884472,0.041240278823230586,15.679480459544111,0.023083395914049794,18.1143366292866,1.44,bk220491,bk,G,g
644245142208,2458636.605554,1.658010106958724,0.04862225822632945,15.851097688255907,0.031875728898743426,17.935552797754177,1.51,bF080904,bF,G,g
644245142208,2458637.5164764,4.3575958164107735,0.08584891360068037,14.80194825899986,0.021414110085900245,17.318303602368307,1.46,bG081204,bG,G,g
644245142208,2458637.6096623,2.8712627763892744,0.04762339649717129,15.254883270513737,0.018028500155274803,17.9580896963815,1.58,bF081349,bF,G,g
644245142208,2458638.520737,1.4984374141125627,0.061448744987901975,15.960969101547517,0.044574510412129446,17.6813580679342,1.60,bj221436,bj,G,g
644245142208,2458639.5159056,1.89819064206757,0.1355591224536456,15.704216052211928,0.07762490709138074,16.822318739554447,1.39,bk221860,bk,B,g
644245142208,2458640.5589747,3.4011162272397546,0.06437832697754065,15.071011938667434,0.020574551909295618,17.63079139561414,1.46,bk222355,bk,G,g
644245142208,2458640.596149,2.9923043912187657,0.05457945812476594,15.210051197510854,0.019826023761419148,17.810067562449387,1.60,bj222418,bj,G,g
644245142208,2458641.5237268,1.5176394237484736,0.07426932530328148,15.947144123024124,0.053192824488029526,17.475616914935564,1.45,bG082978,bG,B,g
644245142208,2458641.5426792,1.5754058699651527,0.06164771888014252,15.906584473986365,0.04253404875823754,17.677848083325916,1.66,bj222836,bj,G,g
644245142208,2458642.4936491,2.1046197959619533,0.049033784974765855,15.59213149469091,0.025324095338329425,17.926402065854266,1.48,bk223224,bk,B,g
644245142208,2458642.5197248,1.9889354213590282,0.036650699432796356,15.653513916611328,0.02002966830745956,18.24243494388298,1.58,bF083488,bF,B,g
644245142208,2458643.4908373,3.2650124759806243,0.061732651625966944,15.115353509526177,0.020551440088736952,17.676353281984362,1.44,bk223681,bk,G,g
644245142208,2458643.5242354,3.6639378678173005,0.07460374735360442,14.990195371291666,0.02213220656508749,17.47073900475388,1.72,bj223741,bj,G,g
644245142208,2458644.5556507,1.5092872756189881,0.06284593898933925,15.95313584566992,0.04526030554472554,17.656947562771595,1.56,bF084399,bF,G,g
644245142208,2458645.248439,1.6560329633352446,0.0737021882228521,15.852393179366413,0.04837528957994326,17.483939655736144,1.43,bo142186,bo,G,g
644245142208,2458645.5469821,2.0258208016579395,0.07920140580371803,15.633563056608429,0.04249560696523778,17.405808385770882,1.60,bj224681,bj,G,g
644245142208,2458646.5180052,3.732404163709666,0.08666635262612118,14.970093959190713,0.02523910945075063,17.308014312535153,1.76,bk225085,bk,G,g
644245142208,2458646.5740918,2.8753763178997813,0.09005114634827388,15.253328893551037,0.034041346241884415,17.266417497077434,1.69,bj225163,bj,G,g
644245142208,2458647.5278637,1.8818508101031777,0.08438252393426232,15.713602646442009,0.0487393231273875,17.337009333290386,1.48,bG085635,bG,G,g
644245142208,2458647.6057726,1.4330093803386834,0.09980999128903857,16.00944303914303,0.07570719525974456,17.15470556722908,1.60,bF085768,bF,G,g
644245142208,2458648.5285027,1.9802094177353187,0.07292148111497689,15.658287818146682,0.040027321738248314,17.495501908771967,1.39,bG086077,bG,G,g
644245142208,2458648.5878003,1.581020708335612,0.11289991574443924,15.902721726298978,0.07761903375155962,17.02090656689856,1.60,bj226098,bj,G,g
644245142208,2458650.304675,2.0820533251098894,0.11108333829148449,15.603836001343536,0.05799215493489362,17.038518304565287,1.48,bo143666,bo,G,g
644245142208,2458650.3268495,1.6422317568285563,0.116849519429402,15.861479507057261,0.07734008715746155,16.983573284952936,1.55,bn143709,bn,G,g
644245142208,2458651.5623271,1.7552948455136654,0.11576376207340186,15.789190428504945,0.071686062594184,16.993709031498817,1.45,bk227072,bk,G,g
644245142208,2458653.2980981,2.586091713264943,0.2655448121328962,15.368455815644227,0.11161076147506035,16.092296058540498,1.71,bo144862,bo,B,g
644245142208,2458654.5635261,2.0623392757081076,0.07449750467457598,15.614165340612697,0.039263931746399305,17.472286296155733,1.64,bF088349,bF,B,g
644245142208,2458655.2342002,1.5938028993182114,0.05460050338724977,15.89397909097326,0.037236959019461155,17.809648994730843,1.48,bo145657,bo,B,g
644245142208,2458656.465734,1.6451182074330337,0.06175090177134604,15.859572849862875,0.04079983134365085,17.67603235108823,1.59,bj229184,bj,B,g
644245142208,2458656.5463014,1.9366850364540695,0.11337615012805687,15.682418129663906,0.0636318985646734,17.016336347121086,1.52,bk229216,bk,B,g
644245142208,2458657.4918658,1.9572568081580766,0.041242438946972826,15.670946091289002,0.022903861056448278,18.114279761020914,1.52,bk229636,bk,G,g
644245142208,2458657.5521621,1.6808287806190427,0.05023109687561109,15.836256932704341,0.03248339091560946,17.900208957013643,1.67,bF089666,bF,G,g
644245142208,2458658.5714319,3.0570981578922534,0.10925525851622929,15.18679216388165,0.03884589556665966,17.056534738992294,1.54,bj230194,bj,B,g
644245142208,2458662.5191814,1.7967649506097385,0.04307369314791152,15.76383745417573,0.026057516130100516,18.067110336783948,1.46,bk230990,bk,G,g
644245142208,2458662.5490293,1.6622910570254574,0.05096100581527848,15.848297951229533,0.03332292343822336,17.8845456337816,1.54,bF090947,bF,G,g
644245142208,2458668.2674585,1.938902999647235,0.03877411021299005,15.681175415949184,0.021736916172861345,18.181286010381033,1.48,bo147470,bo,G,g
644245142208,2458669.4574915,2.136430046723927,0.05058632411968539,15.575843929152477,0.025736922674822676,17.892557805613862,1.64,bk232333,bk,G,g
644245142208,2458670.2264107,1.5291522366092118,0.04748972782656112,15.938938811583167,0.033756788984698465,17.961141410047748,1.46,bo147938,bo,G,g
644245142208,2458670.5167002,3.3317178498202136,0.06623048148933258,15.093395083313425,0.021607368041875907,17.599995830596814,1.50,bG092498,bG,G,g
644245142208,2458670.5188689,3.3164113152328154,0.07035258450402515,15.098394651680326,0.02305811712697197,17.534440470191562,1.65,bj232857,bj,G,g
644245142208,2458673.2052057,1.6399694352638832,0.07112414298226158,15.862976237254347,0.047140421891604375,17.522597995546565,1.67,bo148201,bo,G,g
644245142208,2458674.5153871,1.6883997112406552,0.0872248334331,15.831377449264828,0.05615352864994878,17.30104023949104,1.57,bF093865,bF,G,g
644245142208,2458676.4753447,4.107936118476601,0.09837779879311855,14.866006418859602,0.026030684730359265,17.170397858999806,1.50,bG094559,bG,G,g
644245142208,2458676.5133348,3.1801788963105997,0.09355675632798152,15.143936744101643,0.031976857201786224,17.224952721108984,1.58,bj234984,bj,G,g
644245142208,2458677.2100006,2.2424461678772736,0.0935034755378751,15.523260556843038,0.04532292190424207,17.225571226537145,1.51,bo149490,bo,G,g
644245142208,2458679.2256849,1.4338635730610503,0.09630616738065821,16.008796042916106,0.07300598096277162,17.19350536160534,1.51,bn150290,bn,G,g
644245142208,2458679.4641705,4.31947929729903,0.1313544679151241,14.811487130209887,0.0330541219746546,16.856528487577137,1.51,bk236017,bk,G,g
644245142208,2458679.5058172,3.2805620442634122,0.11045492957263621,15.110194982659035,0.036597297791443044,17.044677853738857,1.59,bF095779,bF,B,g
644245142208,2458680.2369169,2.187265389448875,0.11688837388883774,15.550311920082951,0.05808740947799092,16.983212319145334,1.58,bn150741,bn,G,g
644245142208,2458680.4680942,1.642338874725591,0.10749111701355035,15.861408690020834,0.07114132927434016,17.074209171543302,1.48,bk236474,bk,G,g
644245142208,2458680.4973153,1.9104240891223936,0.1289690372258902,15.697241158192426,0.07337833359267122,16.876426967011476,1.57,bF096211,bF,G,g
644245142208,2458681.2386474,2.7792498166756956,0.2069871996751319,15.290246658066824,0.08095209191108758,16.362781888891003,1.64,bn151182,bn,G,g
644245142208,2458681.4652829,1.495927820297956,0.110759436044176,15.962789024829032,0.08047894404984461,17.04168877200694,1.45,bG096493,bG,G,g
644245142208,2458681.4922972,1.837166309604155,0.11114036360556574,15.739694440725547,0.06575601915732776,17.037961078230595,1.63,bF096615,bF,B,g
644245142208,2458683.462052,1.6296890456287547,0.0671417073031517,15.86980375644182,0.04478162065923679,17.585159660325797,1.68,bG097303,bG,G,g
644245142208,2458683.4852989,1.6483622494932708,0.054235112732874846,15.857433972708632,0.03576350375069417,17.816939243401126,1.61,bF097426,bF,B,g
644245142208,2458684.4583349,2.066027839835045,0.11099698591684601,15.612225198871538,0.05839654984771889,17.039362646850638,1.55,bk238235,bk,B,g
644245142208,2458684.4768937,1.971659869414863,0.06306382370184607,15.66298562971552,0.03476646024086876,17.653189862782124,2.08,bj238283,bj,G,g
644245142208,2458685.4747833,3.544992944264931,0.08583316222208139,15.02602718446467,0.0263179410863763,17.318502829247244,1.56,bj238733,bj,B,g
644245142208,2458687.4767313,2.2615039783996704,0.13463544832328272,15.51407223206688,0.06471042280271459,16.82974205933872,1.55,bj239207,bj,B,g
644245142208,2458689.4863281,1.5006461376654494,0.06800379228308145,15.95936988530707,0.04925689252769559,17.571307781084936,1.63,bj239634,bj,G,g
644245142208,2458690.2086701,2.1924633424309814,0.0587354809138185,15.54773477033759,0.029119261791611464,17.730389288903872,1.49,bo152247,bo,G,g
644245142208,2458690.2322474,3.295117387833022,0.05607219011999714,15.10538839515441,0.018496467823626992,17.780771812668497,1.50,bn152494,bn,G,g
644245142208,2458692.4612529,1.4928696725258837,0.1672021515209308,15.965010883568107,0.12173967519682392,16.594535957577392,1.56,bF100275,bF,B,g
644245142208,2458696.2473336,3.300790872567226,0.07016108371866647,15.103520598011382,0.02310417426141754,17.537399889972754,1.59,bn153859,bn,G,g
644245142208,2458790.6105118,2.077691246682131,0.13524005273403739,15.606113097031155,0.07075163720998032,16.824877282847588,1.59,bo178235,bo,G,g
644245142208,2458791.8614269,1.5557546931630786,0.10684288072607648,15.92021282285291,0.07464773625107196,17.08077663876679,2.12,bk277033,bk,G,g
644245142208,2458794.8690544,1.4024778412102172,0.35364664511475336,15.78121675523386,99.999,15.78121675523386,1.53,bG135385,bG,B,g
644245142208,2458797.5925312,2.5926024890111448,0.07929941225131883,15.36572578819057,0.03324652108527709,17.404465690340952,1.48,bo179862,bo,G,g
644245142208,2458798.8454277,2.3783733834052248,0.12185014883192528,15.459365532295536,0.055687561453499033,16.938075451484305,1.48,bG136716,bG,G,g
644245142208,2458800.8427667,1.4230408816656217,0.15559136374018157,16.017022180176305,0.1188448271041413,16.672676893048276,1.48,bG137381,bG,G,g
644245142208,2458801.8395709,2.349181248297926,0.15646548976052294,15.47277430841508,0.07239593992397597,16.66659420177269,1.50,bG137714,bG,G,g
644245142208,2458802.8623591,3.048850347238111,0.25139813055889665,15.18972535340204,0.08962684502096256,16.151735501764374,1.67,bk280873,bk,G,g
644245142208,2458802.862431,2.4515809766420524,0.1766974401380232,15.426450015459107,0.07834227658092827,16.534564966905382,1.51,bF138155,bF,G,g
644245142208,2458809.586538,2.408615136255308,0.06619962687264373,15.445647094218264,0.029874476450309037,17.600501757465615,1.56,bn182498,bn,G,g
644245142208,2458809.8490902,1.6495466348481325,0.06298882388563576,15.856654126957556,0.041506018364538516,17.654481863021346,1.50,bF140322,bF,G,g
644245142208,2458810.5677249,1.6656495836996408,0.06319952743636849,15.846106520770636,0.04124225118539658,17.650856034112202,1.46,bo182573,bo,G,g
644245142208,2458810.8451157,2.2055043691969787,0.047030103758462796,15.541295816104919,0.02317822567585379,17.97170076920817,1.58,bj283689,bj,G,g
644245142208,2458811.0248596,1.3887615741888475,0.2743406586235578,16.04349639365132,0.21472106775654135,16.056915169105114,1.54,bs206233,bs,G,g
644245142208,2458812.5861158,2.674919962943459,0.0980884909375732,15.331788642531192,0.039858360776829874,17.173595478709125,1.46,bo183054,bo,B,g
644245142208,2458813.5782288,1.5444324533399685,0.052368154857573034,15.928143324960502,0.036856197453495096,17.854972430903256,1.47,bo183379,bo,G,g
644245142208,2458813.8518297,2.1253285469618968,0.06950885874061899,15.58150043325363,0.035548907219432505,17.547540216621854,1.51,bF141570,bF,G,g
644245142208,2458814.0183517,1.6079928151018859,0.17840908355566726,15.884355362570453,0.12059936778762696,16.52409820554492,1.54,bs207398,bs,B,g
644245142208,2458814.7725871,1.7037498295004103,0.05901909535079665,15.82155105882843,0.03765294028965686,17.725159240652296,1.52,bk284739,bk,G,g
644245142208,2458815.590858,2.7263873390823905,0.08698973878556865,15.311096731543618,0.03468108237664459,17.303970544597654,1.48,bo184049,bo,G,g
644245142208,2458817.0218453,1.6970190876509101,0.15917680575788437,15.825848804327107,0.10195422572861854,16.64794114805778,1.67,bs207912,bs,B,g
644245142208,2458818.0205192,2.5398619559349047,0.06591238131789807,15.388040339989198,0.02820779002159357,17.605223105572648,1.99,bs207976,bs,G,g
644245142208,2458818.5409915,2.9079455031834103,0.06421468622900597,15.241099964036618,0.024002709786562194,17.63355469941631,1.50,bo184569,bo,B,g
644245142208,2458819.5322521,1.680486958082399,0.047533221090115936,15.836477756413725,0.030744984014708515,17.960147498266636,1.47,bo184873,bo,G,g
644245142208,2458819.5556469,1.700715940615448,0.042497081560971796,15.82348616647704,0.02716060857338827,18.08174284546261,1.54,bn185123,bn,G,g
644245142208,2458819.857162,1.6783273726588186,0.1378021307663877,15.837873927903939,0.08924654819207482,16.804500779179893,1.61,bj286366,bj,B,g
644245142208,2458820.529868,1.728971656951079,0.04282949942617641,15.805595937435537,0.02692571826550308,18.07328311502114,1.48,bo185160,bo,G,g
644245142208,2458820.8315584,2.389282044113878,0.09543390694043545,15.454397074014366,0.043415764915449,17.20338385233202,1.45,bG143317,bG,G,g
644245142208,2458820.8512994,2.913898339055675,0.06936963593391407,15.23887963252135,0.025876598774366627,17.549717073344826,1.64,bj286669,bj,G,g
644245142208,2458822.0168539,1.9839184025271295,0.2798550687742435,15.65625610755154,0.15332802586963104,16.035307668150853,1.47,bs209795,bs,B,g
644245142208,2458822.5240613,1.718242468640852,0.04931579108500495,15.81235449979193,0.031197064281022008,17.920175601129984,1.63,bo185665,bo,G,g
644245142208,2458822.551019,1.657400668064584,0.043712413813104214,15.851496848374701,0.028667475638583375,18.051128638871273,1.64,bn185733,bn,G,g
644245142208,2458822.8488858,2.3032068994304082,0.05930328769125414,15.494233240197403,0.02798710586205773,17.719943684667665,1.55,bj287216,bj,G,g
644245142208,2458824.013252,2.2391039920236784,0.03783144143153718,15.524879961678494,0.018364994273283593,18.208008389333994,1.44,br210724,br,G,g
644245142208,2458824.529834,2.9185705237632664,0.05942614957731495,15.23714014233401,0.02213194449782188,17.71769663206531,1.49,bo186159,bo,G,g
644245142208,2458824.5440811,2.725601676452239,0.054773775521165434,15.311409653072165,0.021843511851849705,17.806208917441573,1.58,bn186403,bn,G,g
644245142208,2458824.9865352,1.6102896770141633,0.05430266565634801,15.88280560019564,0.036654669917795056,17.815587738601394,1.48,bs210942,bs,G,g
644245142208,2458825.0088244,1.84385532025094,0.0471475170150661,15.735748520403801,0.02779355871390072,17.968993546651184,1.49,br211178,br,G,g
644245142208,2458825.5366886,1.7024503058664284,0.06833875322471065,15.822379512748183,0.04363196579022393,17.56597298332482,1.46,bo186479,bo,G,g
644245142208,2458825.5403745,1.8254248462825908,0.0643790238761944,15.746655728488072,0.03833474711814876,17.63077964252829,1.53,bn186715,bn,G,g
644245142208,2458825.9829794,1.733354452461124,0.06535995643167888,15.802847171343256,0.04098609537312286,17.614361226372402,1.46,bs211299,bs,G,g
644245142208,2458827.7837257,1.7337025568904094,0.09881633979304995,15.802629148055976,0.06195357131219547,17.16556870302926,1.43,bk288577,bk,G,g
644245142208,2458827.7925378,1.5683756245355274,0.15416209925018487,15.91144041243391,0.10684143298555054,16.68269657257791,1.57,bF145488,bF,G,g
644245142208,2458829.7858015,1.1368992808123133,0.1542051561157243,16.260760642895665,0.14743108994318918,16.682393373082697,1.52,bF146110,bF,G,g
644245142208,2458830.7701269,1.851957819348405,0.1302708453371981,15.730987895133488,0.07645894709500313,16.86552253313383,1.52,bk289544,bk,G,g
644245142208,2458830.7823671,1.5225018588376167,0.10723125779598768,15.94367104343304,0.07655538436230579,17.076837110980346,1.52,bF146426,bF,G,g
644245142208,2458831.5323033,1.3646562232994008,0.13195027250728805,16.062507472096627,0.10509915009971375,16.851614882757787,1.47,bo187625,bo,B,g
644245142208,2458831.9912229,1.9415277059550764,0.10223611895673247,15.679706641312512,0.05723648234144189,17.128629724871626,1.54,bs212998,bs,G,g
644245142208,2458832.0182826,2.09099086465697,0.11750091033513074,15.599185283707367,0.06108031505915141,16.977537533178275,1.56,br213237,br,G,g
644245142208,2458833.0334782,2.293625716063419,0.21518250965511349,15.49875924912583,0.10197567571541469,16.320623190575354,1.54,bs213491,bs,G,g
644245142208,2458834.0115149,2.2586112557686477,0.1531033818784705,15.51546190200089,0.07368099269322262,16.690178651761574,1.52,bs213930,bs,G,g
644245142208,2458834.8441762,2.101820562703562,0.06411602835666186,15.593576530913316,0.03315760460571429,17.635224080676082,1.49,bk290909,bk,G,g
644245142208,2458835.799166,2.0519563131535357,0.0711533346197598,15.619645346629081,0.03769114411094562,17.522152465885977,1.47,bk291198,bk,G,g
644245142208,2458836.9698104,1.879339180119637,0.15610404289973426,15.715052702418184,0.09028615446037237,16.66910523421041,1.50,bs215038,bs,B,g
644245142208,2458836.9728705,0.7114663615236365,0.3190374993473332,15.893036279955357,99.999,15.893036279955357,1.47,br215258,br,B,g
644245142208,2458837.5464456,1.6268452102597537,0.06279242106060856,15.871700039768058,0.04195398010651566,17.657872540721293,1.51,bo188688,bo,G,g
644245142208,2458837.7391105,2.6561671324527456,0.0645990535614241,15.339427126247925,0.026435220023947235,17.627075223422818,1.58,bk291799,bk,B,g
644245142208,2458837.766063,2.530913197291412,0.06365773049860916,15.391872496233503,0.027339217085210924,17.643012733297276,1.60,bj292050,bj,G,g
644245142208,2458838.9735252,2.25478677368555,0.059746292433715556,15.517301925694262,0.028801668950900576,17.711863210845195,1.48,br216107,br,G,g
644245142208,2458839.5085717,2.668653181756076,0.09134893118273452,15.334335280953688,0.03720690166177163,17.25088193567334,1.56,bo189228,bo,G,g
644245142208,2458839.8411456,1.5013926776532127,0.061352982198489024,15.958829888618427,0.04441744329873162,17.68305141787304,1.43,bG148561,bG,G,g
644245142208,2458840.517606,1.7103390246110004,0.03883607727541787,15.81736010957062,0.02468114617385945,18.17955222002039,1.52,bn189749,bn,G,g
644245142208,2458840.5249548,1.7388046818029816,0.036826658342504,15.799438620091998,0.02302097347571959,18.237234829730703,1.67,bo189522,bo,G,g
644245142208,2458840.9779512,1.7067793890337095,0.11740020735700499,15.81962214802065,0.07476591401333267,16.97846845149021,1.45,br217028,br,B,g
644245142208,2458842.46788,3.239401926792883,0.10211576701944217,15.123903531850063,0.0342641640162465,17.129908601943033,1.53,bo190093,bo,G,g
644245142208,2458842.828086,1.7620909439670924,0.045232567004581815,15.784994824288782,0.027901984213109146,18.014012523445388,1.38,bG149288,bG,G,g
644245142208,2458842.8420728,1.5936336536194826,0.055211023721033536,15.894094391265348,0.03765732617981002,17.79757611171926,1.59,bj293363,bj,G,g
644245142208,2458842.9334487,1.6350399376824152,0.05696371544321519,15.866244709144283,0.03786884991400213,17.7636448407049,1.43,bs217581,bs,G,g
644245142208,2458843.7791724,2.2472699493177752,0.058927053974846204,15.520927511264063,0.028501758609052477,17.726853788122682,1.47,bk293352,bk,G,g
644245142208,2458844.842601,3.3129425145296105,0.06112733588370533,15.09953087187644,0.020055511408342615,17.687051940641815,1.55,bj293901,bj,G,g
644245142208,2458845.5531449,2.564753152966736,0.054739101828898844,15.377451691316876,0.023198733046975475,17.806896443606814,1.64,bo190667,bo,G,g
644245142208,2458845.8180714,1.8402402631708337,0.07186198712553257,15.73787930095768,0.04244600943392132,17.511392556110234,1.45,bG149873,bG,G,g
644245142208,2458846.7598319,2.4721031163734084,0.10407596208770832,15.417399167063547,0.045761054625207416,17.10926452585402,1.60,bj294220,bj,G,g
644245142208,2458846.8495613,2.0450929659991117,0.05923257271530752,15.623282984819028,0.03148181147884244,17.721239120807393,1.48,bF150645,bF,G,g
644245142208,2458847.8339024,3.6761342188299353,0.0708952244848964,14.986587223608392,0.02096224512676934,17.52609815640793,1.45,bG150483,bG,G,g
644245142208,2458847.8485216,3.4991282539006994,0.06744110577407084,15.040165969747045,0.020949660725555427,17.580328905367544,1.45,bF150956,bF,G,g
644245142208,2458848.4814093,2.850573402502,0.05364660590334331,15.262735050774392,0.02045606968220038,17.828784985532437,1.77,bn191676,bn,G,g
644245142208,2458848.8185251,1.650744958227662,0.047271899734711416,15.855865673514186,0.031126855457314345,17.96613297189371,1.60,bk294492,bk,G,g
644245142208,2458849.5122347,1.6221196636148627,0.047066253586187594,15.874858399982353,0.031538346052305134,17.970866535454704,1.63,bn191882,bn,G,g
644245142208,2458850.7188425,2.9225701511946105,0.05447021531166589,15.235653261182506,0.02025845495936134,17.812242881516948,1.41,bF151513,bF,G,g
644245142208,2458850.8436779,3.434122871273093,0.09969133415904963,15.060526047403126,0.0315539512961232,17.155997091051123,1.57,bj295394,bj,G,g
644245142208,2458850.9138252,2.6957898005730327,0.05271179864008356,15.323350557677962,0.02125367240882787,17.847871022615283,1.59,bs220581,bs,G,g
644245142208,2458851.5197991,2.4588724359894223,0.04181799737765185,15.423225625956906,0.018485849168266517,18.099232533821265,1.50,bn192458,bn,G,g
644245142208,2458852.5047542,1.4689538690868646,0.054922965159644746,15.98254522864661,0.04064040160133625,17.803255672144843,1.50,bo192535,bo,G,g
644245142208,2458852.8311079,1.9776356332014966,0.045578418680055056,15.659699925699943,0.025051004645705005,18.00574247774065,1.41,bG151770,bG,G,g
644245142208,2458853.8270817,3.418451378335713,0.0691576711731265,15.06549210433555,0.021989893489875408,17.553039710582688,1.43,bG152078,bG,G,g
644245142208,2458854.742682,1.923209530653257,0.08523696442488678,15.689999115990148,0.04817409278509912,17.32607067486786,1.46,bk296336,bk,G,g
644245142208,2458856.9330025,2.361419702987967,0.10971493959042976,15.467132665923184,0.05050155589416627,17.051976190638353,1.56,br222986,br,G,g
644245142208,2458857.7282255,1.405293477990943,0.09857922502052417,16.030648045554365,0.07624836606886934,17.168177112364912,1.41,bG152886,bG,G,g
644245142208,2458858.83823,1.8596205128962757,0.11079756596899638,15.72650480201971,0.06476167373269855,17.041315061946822,1.53,bF153752,bF,G,g
644245142208,2458858.8923128,1.44009975809308,0.21440810544853448,16.0040841786956,0.1618306559815091,16.324537613122704,1.46,bs223520,bs,G,g
644245142208,2458859.8151226,2.8141464281329682,0.1251923946143344,15.27669889408796,0.048355227161534134,16.90869574527358,1.48,bF154053,bF,B,g
644245142208,2458860.5037655,2.9372637678354914,0.12254305037395971,15.230208251913393,0.04534797632285451,16.931918894683736,1.51,bo193907,bo,G,g
644245142208,2458860.8437362,1.98433325191745,0.16476776271469476,15.656029097249043,0.09025469591967182,16.61045999966333,1.46,bF154403,bF,G,g
644245142208,2458860.9541037,2.04179971691183,0.3138571782174404,15.625032774116999,0.16708255169810032,15.910810446853532,1.37,br224411,br,B,g
644245142208,2458860.9553223,1.9549364400838527,0.3461264896879368,15.67223401740211,0.19244842829613296,15.804553516666388,1.52,br224412,br,B,g
644245142208,2458861.5107089,1.9881121808542837,0.31547760448636386,15.653963406848002,0.17248042789604756,15.905219275338178,1.47,bo194238,bo,B,g
644245142208,2458861.7273016,2.5588389416986024,0.17589419629153608,15.37995824376279,0.07471722455037871,16.539511836564063,1.57,bj298734,bj,G,g
644245142208,2458861.7279195,2.660553003021616,0.16319555506180902,15.337635834088543,0.06667278294843633,16.620869797064515,1.45,bG154176,bG,G,g
644245142208,2458861.9549905,1.8951557099692815,0.15112031096849543,15.705953376492587,0.08667425410501707,16.704333514976913,1.59,bs224648,bs,G,g
644245142208,2458862.5904322,1.6678581616844634,0.1911015047116022,15.844667835989814,0.12454238114028238,16.4494803448071,1.49,bo194605,bo,G,g
644245142208,2458862.773829,2.2869318810475443,0.12582511829347542,15.501932550211963,0.0598034572263009,16.90322224302258,1.56,bj299110,bj,G,g
644245142208,2458863.74742,1.7816132272938097,0.08900494634493367,15.773032051317822,0.05430163259599143,17.279105254643998,1.50,bk299182,bk,G,g
644245142208,2458863.7526006,1.6913817936501931,0.08790799785239292,15.829461493648687,0.05649355570540674,17.29256963919715,1.59,bF155321,bF,G,g
644245142208,2458864.761403,2.1330145474369244,0.0905137692637698,15.577581078771132,0.046124641731424845,17.260853984964825,1.55,bk299518,bk,G,g
644245142208,2458864.7639621,2.146152919803324,0.0723547352493873,15.570913963504854,0.036645315733250236,17.50397321456735,1.45,bF155633,bF,B,g
644245142208,2458865.6142448,1.8263245081312975,0.11775149651908746,15.746120754498271,0.07008105980953257,16.975224523089494,1.64,bn195711,bn,G,g
644245142208,2458865.7747872,2.769762126480676,0.12981264397207395,15.293959441130887,0.05094325560330028,16.86934812257973,1.40,bG155363,bG,B,g
644245142208,2458866.9759054,2.6482519358169863,0.05592929648419209,15.342667376244405,0.02295578934449809,17.783542220146188,1.52,bs226214,bs,G,g
644245142208,2458866.9795541,2.7738702097154064,0.05751610363015367,15.292350281198893,0.02253800618603326,17.75316696760698,1.71,br226023,br,G,g
644245142208,2458867.9741186,1.8323087748993594,0.05015800846045394,15.742568968691575,0.02975457802767517,17.901789900528176,1.52,bs226668,bs,B,g
644245142208,2458867.9853426,1.7036831578395566,0.06876290746525383,15.821593547021916,0.04387100405329053,17.559255032830595,1.47,br226483,br,G,g
644245142208,2458868.7574984,2.1172375051831,0.1010697774947096,15.585641675858097,0.05188763826904567,17.14108733743773,1.43,bG155976,bG,G,g
644245142208,2458869.7314448,1.606463354791256,0.05424538342794833,15.88538856412651,0.03670321711067587,17.81673365316293,1.49,bk300634,bk,G,g
644245142208,2458869.7388224,1.7983804736502358,0.05677115954333037,15.76286167613854,0.03431297382086516,17.767321199635607,1.57,bj300890,bj,G,g
644245142208,2458870.026988,3.3749234460871023,0.08538953370206599,15.079405807008332,0.027501278778140462,17.324129006558028,1.68,br226834,br,G,g
644245142208,2458870.7172899,2.422565760770018,0.05469168728476675,15.439376685166229,0.024539059843807404,17.80783730660953,1.43,bk300937,bk,G,g
644245142208,2458870.7361787,2.1839342736583136,0.04116244598879108,15.551966712357345,0.02048678371776459,18.116387676787603,1.52,bF156449,bF,G,g
644245142208,2458871.7305595,1.8287440630647538,0.05571990483780417,15.744683299236787,0.03311842000057414,17.787614696353998,1.58,bj301447,bj,G,g
644245142208,2458871.7492956,1.787231876856826,0.05068615778868816,15.76961336761789,0.030826246154027574,17.890417183364672,1.49,bk301212,bk,G,g
644245142208,2458871.9591816,2.343328466237051,0.04402925800372196,15.475482701605,0.020423039204286734,18.04328719484109,1.45,br227225,br,G,g
644245142208,2458872.9372989,1.7743451858501065,0.0471479113461175,15.777470340974169,0.028882615475684607,17.96898446583981,1.49,bs227852,bs,G,g
644245142208,2458872.9521505,1.986021118619201,0.03813035883452723,15.655105966502381,0.020868882925201906,18.199463380639216,1.60,br227670,br,G,g
644245142208,2458873.4981209,1.7696064510328426,0.052741618124136413,15.78037389020357,0.03239581645605158,17.84725698666842,1.52,bo196121,bo,G,g
644245142208,2458873.5091497,1.6235812537970218,0.036652649407884944,15.873880551730196,0.024538246065447085,18.242377179576547,1.62,bn196342,bn,G,g
644245142208,2458874.9407739,2.3312425496923357,0.049588709771642016,15.481096969247698,0.02312104825730328,17.91418358967316,1.50,br228391,br,G,g
644245142208,2458875.4547606,2.963984476103031,0.06297614828064221,15.220375810552842,0.023094700947170248,17.654700373978297,1.46,bo196562,bo,G,g
644245142208,2458875.4696512,2.6347577708106216,0.049633631967324364,15.34821388710715,0.020476113805287164,17.913200471219653,1.52,bn196787,bn,G,g
644245142208,2458875.7287501,1.7730968030487815,0.052185612881525074,15.778234505386152,0.0319911987687266,17.858763640688373,1.57,bj302269,bj,G,g
644245142208,2458875.7324477,1.6605618366614587,0.05541699717278078,15.849427990617224,0.036274389283362414,17.79353313797024,1.45,bk302022,bk,G,g
644245142208,2458875.9350235,1.791837753075264,0.05825649045964584,15.766818915515728,0.03533928902327671,17.73927981664849,1.43,bs228703,bs,G,g
644245142208,2458875.9537041,2.245818032251295,0.03220136415791865,15.521629210846497,0.015585182003930886,18.382954935796757,1.53,br228524,br,G,g
644245142208,2458876.4541732,1.5447386537369467,0.04677256293905494,15.927928087379629,0.03291154927862458,17.97766269127897,1.44,bo196804,bo,G,g
644245142208,2458876.491264,1.6187110994382539,0.044856552506451854,15.87714226061437,0.030120953829588185,18.023075880420127,1.51,bn197047,bn,G,g
644245142208,2458876.9594866,1.677654577010566,0.0594217471454721,15.838309257184282,0.038499495949873154,17.717777068989726,1.59,br228691,br,G,g
644245142208,2458877.4506437,1.7074964170757299,0.041481118627506086,15.819166119649948,0.026406012903043497,18.108014462544887,1.46,bo197145,bo,G,g
644245142208,2458877.4655374,1.8867503509401562,0.03236756629791329,15.710779523674049,0.01864694884662907,18.377365495861405,1.45,bn197370,bn,G,g
644245142208,2458877.7061644,1.5516817151792979,0.05892502466768618,15.923059016054946,0.04127711194223857,17.726891178931222,1.54,bj302856,bj,G,g
644245142208,2458877.7540026,2.424052009243816,0.09572059679007687,15.438710788285384,0.04292157369106628,17.200127117318175,1.44,bk302632,bk,B,g
644245142208,2458877.9132844,2.4090508227019587,0.03722815627207364,15.445450716738227,0.01679723269883884,18.22546179075197,1.42,bs229288,bs,G,g
644245142208,2458877.935606,2.2930529667588035,0.03947631914741819,15.499030405970469,0.018712625994066246,18.161798982988827,1.44,br229112,br,G,g
644245142208,2458878.4784718,2.7338091500719126,0.052473929090605706,15.308145140378395,0.02086351911025325,17.852781651228263,1.50,bo197485,bo,G,g
644245142208,2458878.5044156,2.5838128906436286,0.04302103763593978,15.369412970784982,0.018098058725421442,18.068438408835178,1.51,bn197719,bn,G,g
644245142208,2458878.7392957,1.7708504679645154,0.054834297232132706,15.77961089587344,0.03365755498258305,17.805009906861446,1.56,bj303125,bj,B,g
644245142208,2458878.7429788,1.674898320163754,0.054831416148913376,15.84009450479362,0.035583870770989054,17.805066954707385,1.42,bk302878,bk,G,g
644245142208,2458878.9211046,1.8227516750223485,0.057061244534131354,15.748246857273234,0.03402717590928283,17.761787512434513,1.53,bs229582,bs,G,g
644245142208,2458878.9322095,1.7379391340716355,0.04149793188530404,15.7999792158782,0.025953985854350527,18.1075744776849,1.48,br229397,br,G,g
644245142208,2458879.4740529,1.5625741307377568,0.046892070657675956,15.915464047151298,0.03261902332604731,17.974892084652257,1.49,bn197972,bn,G,g
644245142208,2458879.4777369,1.734872517237724,0.04328579407013194,15.80189670413982,0.0271200193072975,18.06177713899019,1.44,bo197765,bo,G,g
644245142208,2458879.7463433,2.323471506135145,0.05360858298308888,15.48472224507625,0.025078938450847753,17.829554791884725,1.47,bk303231,bk,G,g
644245142208,2458879.7514985,2.2002670184171342,0.04306866061065536,15.543877150240046,0.02127640015574052,18.067237196746987,1.56,bF158584,bF,G,g
644245142208,2458880.5106709,1.804075796227777,0.04676972790598092,15.759428672316261,0.028178783216130508,17.977728503181226,1.48,bo198116,bo,G,g
644245142208,2458880.5292122,1.701853569642977,0.04391847527739963,15.82276014746989,0.028050282338699026,18.046022475807614,1.52,bn198344,bn,G,g
644245142208,2458880.7092496,1.5607398772805618,0.060606627277104134,15.916739305169559,0.042208679190183125,17.696340320312483,1.45,bG158710,bG,G,g
644245142208,2458880.9064793,2.500303961953892,0.045185893926842746,15.405083599627345,0.01964365246856335,18.015133415224955,1.50,bs230294,bs,G,g
644245142208,2458880.915352,2.3115287787882206,0.035035266866539114,15.490317360227344,0.016474729694440273,18.291377036693806,1.52,br230107,br,G,g
644245142208,2458882.3733159,1.4856016698015064,0.09593340665074893,15.970309675095535,0.07019071405972235,17.19771594446216,1.48,bo198394,bo,B,g
644245142208,2458882.4292749,1.7539131752541888,0.05102131201226664,15.79004539606024,0.0316195514247066,17.88326155570869,1.53,bn198651,bn,G,g
644245142208,2458882.6283374,3.0307364717561436,0.08893071466516118,15.196195184066706,0.03189449864382546,17.28001115542282,1.59,bj304444,bj,G,g
644245142208,2458882.8751355,1.8036026513896306,0.055406467114326,15.759713459606077,0.0333911799974567,17.79373946369396,1.55,bs231151,bs,B,g
644245142208,2458882.8938809,1.5372899363874457,0.06298295528544667,15.933176161896183,0.04453274062718269,17.654583024594885,1.48,br230972,br,B,g
644245142208,2458883.3774985,1.8173441908558106,0.10220122459837946,15.751472654544186,0.06112671895939608,17.129000362328707,1.43,bo198717,bo,G,g
644245142208,2458883.3886261,2.1985429388229814,0.08928499750153111,15.544728242125947,0.04414237657769268,17.27569438442426,1.52,bn198938,bn,G,g
644245142208,2458884.4159347,3.3565421361485877,0.09835957967670972,15.08533536367059,0.031852001931903184,17.170598950978505,1.77,bn199265,bn,G,g
644245142208,2458884.735948,1.6651227393476353,0.06673748516981398,15.846449993056662,0.04356480338393429,17.591716018045997,1.47,bk304990,bk,G,g
644245142208,2458885.7315107,2.487330153937254,0.07276028786585642,15.410732035146072,0.03179604818211206,17.49790458989232,1.55,bj305593,bj,B,g
644245142208,2458885.746403,2.3055219468486405,0.07705279074024819,15.493142470445937,0.03632714645279918,17.435669679304418,1.50,bk305355,bk,B,g
644245142208,2458886.6636307,1.6052680526916243,0.09752428639033084,15.886196715656297,0.0660354879312412,17.17985865855773,1.52,bk305646,bk,B,g
644245142208,2458886.6898353,1.8251420775668576,0.15910867859394454,15.746823928244035,0.09475657702963017,16.648405939153715,1.59,bj305917,bj,B,g
644245142208,2458887.7347057,1.8161451773657975,0.11385202754424283,15.7521892177546,0.0681400393507817,17.01178868845963,1.53,bk306061,bk,G,g
644245142208,2458887.7583375,1.3181079466376473,0.1207897803278245,16.100188176475324,0.09960734993039136,16.947565132827606,1.59,bF161316,bF,G,g
644245142208,2458887.9079186,1.4659159322657773,0.16301393677917886,15.984792959820883,0.1208725942712338,16.62207877209562,1.53,bs231877,bs,G,g
644245142208,2458887.9264706,1.6226204825352115,0.14671204058401055,15.874523237711307,0.09827905603736005,16.736476217348436,1.49,br231698,br,B,g
644245142208,2458887.9276877,1.563752450769036,0.25618468154226737,15.91464561392241,0.17807269317792943,16.131257717129717,1.59,br231699,br,B,g
644245142208,2458888.4769496,2.05034721576055,0.13548247034570243,15.620497090228174,0.07182371531592716,16.822932844350127,1.58,bn199935,bn,B,g
644245142208,2458888.7356167,2.115499654114637,0.15808280784148415,15.586533225632401,0.08122390312091428,16.655429008489662,1.63,bG161452,bG,B,g
644245142208,2458888.7375837,2.339353670615497,0.1837509703732985,15.477325910442662,0.08537799056719826,16.4920665083556,1.62,bj306672,bj,B,g
644245142208,2458889.7490766,2.816264145185693,0.1470146621181927,15.275882157136344,0.05674132025357577,16.734238986145183,1.60,bG161809,bG,B,g
644245142208,2458889.7559276,3.615744777244992,0.13454954830960078,15.00457120338373,0.040447962464764786,16.83043500106412,1.62,bj307045,bj,B,g
644245142208,2458890.4509402,2.359436425039743,0.18339649548800757,15.468044922827765,0.08448797972229026,16.49416303017318,1.55,bo200188,bo,G,g
644245142208,2458890.4546307,2.8302089270582385,0.13189186500478553,15.27051938106925,0.050653759678547794,16.852095587938017,1.56,bn200403,bn,G,g
644245142208,2458890.7334884,1.4320602816754104,0.13009380945203608,16.01016237300912,0.09874326970114891,16.866999033850412,1.48,bG162116,bG,B,g
644245142208,2458890.7491409,1.7424080274426192,0.12438040541273922,15.797190964149557,0.07759152317403233,16.915760691330817,1.61,bF162320,bF,B,g
644245142208,2458891.4527277,1.7703786862297497,0.11044605235266808,15.77990019119487,0.06781038307727039,17.044765117444417,1.51,bo200468,bo,G,g
644245142208,2458891.6937833,2.4568775323953163,0.10602273117448177,15.424106850262438,0.046905919234135805,17.089143142495054,1.61,bj307719,bj,B,g
644245142208,2458891.7091377,2.715819533926664,0.12253246153495959,15.315313352981049,0.04904135069593691,16.932012716263756,1.40,bG162415,bG,B,g
644245142208,2458892.4764171,1.4469614191225473,0.09224383184347743,15.998923243492172,0.06929350934130452,17.24029727289837,1.48,bo200812,bo,B,g
644245142208,2458892.73517,2.4633508843277645,0.11856310495834396,15.421249927364066,0.05231611176143172,16.96776670096787,1.96,bk307619,bk,B,g
644245142208,2458892.7465524,2.733413318841461,0.13396036937917258,15.308302356698409,0.05327006206766783,16.835199770485005,1.54,bj307878,bj,B,g
644245142208,2458892.8984857,2.330168444176575,0.11688370444302365,15.48159733073411,0.054522884449355345,16.98325569289992,1.46,bs232768,bs,G,g
644245142208,2458892.9133752,2.3142162319980404,0.09626080663579525,15.48905578373751,0.04521241797284896,17.194016869917036,1.50,br232586,br,B,g
644245142208,2458893.5923415,1.6876154694645091,0.06660127742454801,15.83188187810142,0.04289643829570976,17.59393421369992,1.44,bo201134,bo,G,g
644245142208,2458893.5960397,1.8511498525095291,0.08397754046014723,15.731461680365172,0.04930985741593216,17.342232734336708,1.49,bn201349,bn,G,g
644245142208,2458893.7300716,1.7910376231054645,0.07574508727676915,15.767303850100358,0.04596866952600905,17.45425443559474,1.45,bk307979,bk,B,g
644245142208,2458893.7623742,1.6305718143840342,0.0811490361730949,15.869215794887449,0.054094810987831685,17.37943219651383,1.61,bF163231,bF,G,g
644245142208,2458893.8996925,1.5012476772179095,0.1263248648231067,15.95893475114196,0.091463679019141,16.89891850598346,1.55,bs233155,bs,B,g
644245142208,2458893.9223482,2.0653694838721215,0.08708138057640298,15.612571232358325,0.04582893050308522,17.302827347268487,1.47,br232979,br,B,g
644245142208,2458894.4813353,1.3926327549040798,0.08589377622441981,16.04047410822583,0.0670405029001096,17.317736370354044,1.44,bo201407,bo,G,g
644245142208,2458894.7184263,2.4080715389986973,0.07413550179929863,15.445892160283222,0.03346331945215282,17.47757503268067,1.46,bk308334,bk,B,g
644245142208,2458894.7485828,2.037681189257428,0.06282871980847653,15.627225031517755,0.03351460822643755,17.65724508477603,1.59,bj308608,bj,G,g
644245142208,2458894.9221397,1.627185837030634,0.1083681672338756,15.871472733504884,0.0723896947989231,17.065386290275864,1.51,br233396,br,B,g
644245142208,2458896.5490562,2.0744178605151076,0.036773648574064066,15.607825014766572,0.01926871046887166,18.238798807848845,1.41,bo201720,bo,G,g
644245142208,2458896.8813828,1.7171837267849295,0.05659943421496705,15.813023711898651,0.03582675702493923,17.77061038676417,1.61,bs234207,bs,B,g
644245142208,2458896.9174605,2.5288340118247197,0.18263540190688224,15.392764812379493,0.07850129359019892,16.49867819976923,1.56,br234042,br,B,g
644245142208,2458897.7126526,2.399561745689826,0.04453263856130052,15.449735798012092,0.02017245107420297,18.030944541778027,1.47,bk308818,bk,G,g
644245142208,2458897.7368064,2.5415749602517095,0.05057130288263034,15.387308314419741,0.021627852154978738,17.892880254874765,1.56,bF164036,bF,G,g
644245142208,2458900.3472612,1.6766884237714288,0.04315981645457287,15.838934707580881,0.027979464346058556,18.064941638707385,1.50,bn202498,bn,G,g
644245142208,2458901.35326,2.019377981347889,0.03423854898985368,15.637021580929025,0.01842934530491684,18.31635223333452,1.44,bo202546,bo,G,g
644245142208,2458901.5172279,1.5964437380768555,0.044372585067355086,15.892181577970668,0.030211569361966478,18.034853784760987,1.50,bn202890,bn,G,g
644245142208,2458902.7299761,1.6635093377864458,0.05031750972070928,15.847502514683796,0.032878051301698366,17.898342763522678,1.58,bj310530,bj,G,g
644245142208,2458903.339951,1.7836389593190982,0.05273870549190611,15.771798247523556,0.03213917232688742,17.847316947619543,1.49,bo202938,bo,G,g
644245142208,2458903.8896211,1.5730399660855352,0.07283833285535414,15.908216230171066,0.05033063535362694,17.49674061899213,1.61,bF165916,bF,G,g
644245142208,2458904.3532927,1.9547003568224424,0.036598566235437065,15.672365141676757,0.02035148257740018,18.24398043130552,1.44,bo203304,bo,G,g
644245142208,2458904.3868835,1.8465462537548811,0.029623897145927478,15.734165145592664,0.01743789961210982,18.473535133504672,1.52,bn203543,bn,G,g
644245142208,2458904.8774355,2.6031139771232388,0.06368619800251478,15.361332662101342,0.026592814940859483,17.64252730457636,1.38,bk311145,bk,G,g
644245142208,2458905.8028006,1.5509272927877094,0.056352554511163944,15.923587025687011,0.03949429281915008,17.77535659198834,1.55,bs235230,bs,G,g
644245142208,2458906.8123481,1.7960556030947643,0.04359572833554964,15.764266178225405,0.026383738428054023,18.05403076735237,1.50,bs235559,bs,G,g
644245142208,2458907.693743,1.95892008140935,0.05222724016050577,15.670023826464497,0.028979609655160183,17.857897918797384,1.45,bG166987,bG,G,g
644245142208,2458908.6814815,1.729548264958738,0.03938574998166151,15.805233907312939,0.02475247362187672,18.164292812192528,1.45,bk312451,bk,G,g
644245142208,2458908.8254854,1.5735071235742624,0.05782637576293967,15.90789383880802,0.03994564455563992,17.747325676484675,1.56,bj312799,bj,G,g
644245142208,2458909.6815742,2.3284637049939123,0.04985957137089155,15.482391940427958,0.023275083118742407,17.9082692597601,1.51,bk312814,bk,G,g
644245142208,2458909.7154165,2.199150577066412,0.03920914299459699,15.544428205371633,0.019379588707668698,18.169172236677703,1.54,bF167908,bF,G,g
644245142208,2458910.6384713,1.6289542547345102,0.05929633766882487,15.870293401374877,0.03956682071153646,17.720070934496004,1.48,bk313162,bk,G,g
644245142208,2458911.3140585,2.2504516852238643,0.06451919608008935,15.51939138843381,0.031162437930607117,17.628418243019226,1.53,bn204986,bn,G,g
644245142208,2458911.6238462,1.6331265561535901,0.05111401697319097,15.867516020040247,0.03401984609946507,17.881290579336902,1.46,bk313514,bk,G,g
644245142208,2458912.6033582,2.712563531763739,0.07107827717338759,15.316615825489798,0.028481912413443288,17.5232983798428,1.65,bk313866,bk,G,g
644245142208,2458912.7769332,2.07251625411353,0.053386165389824075,15.608820759094808,0.02799902800566137,17.83406879252683,1.45,bG168822,bG,G,g
644245142208,2458913.7914869,3.222308713343479,0.07128403463627171,15.129647758114775,0.024045693084253656,17.520159930072403,1.54,bG169190,bG,G,g
644245142208,2458914.424666,2.941455815447258,0.0908757589357176,15.228659799543397,0.033581330144220364,17.256520484368178,1.50,bn205603,bn,G,g
644245142208,2458914.7671344,2.0981295648354714,0.059986756565555736,15.595484863596829,0.031076725365157043,17.707502159872504,1.44,bk314718,bk,B,g
644245142208,2458914.8433381,1.478597785555497,0.07092073901019066,15.975440493696638,0.052135719765550884,17.525707480443458,1.55,bj315028,bj,G,g
644245142208,2458915.7404674,2.4217567220899707,0.09027815913394699,15.439739337569016,0.04051952574185986,17.263683874498536,1.40,bG169850,bG,G,g
644245142208,2458915.8022098,1.8268413193130404,0.10273017344208404,15.745813557594932,0.061123662368363085,17.12339555807797,1.52,bj315368,bj,G,g
644245142208,2458916.8303369,2.4484863812851594,0.1412144507929856,15.427821390348196,0.06268932897747197,16.777942758134866,1.53,bk315507,bk,B,g
644245142208,2458917.5447157,1.8043689456481,0.19661055903361913,15.759252262276746,0.11843870949996231,16.418623516322267,1.77,bF170628,bF,B,g
644245142208,2458919.7379016,3.4850671422855957,0.1432337799421914,15.044537748519078,0.04467313968000274,16.76252697865585,1.49,bk316546,bk,B,g
644245142208,2458920.7371834,1.5567571561572935,0.12241606185002427,15.919513445335925,0.08547314927522341,16.933044601330245,1.50,bs238193,bs,B,g
644245142208,2458921.7475564,1.8932777364152682,0.08577996889672644,15.707029802448087,0.04924744786964825,17.31917590036555,1.57,bF172226,bF,G,g
644245142208,2458922.3602923,1.8136258797278229,0.07222790325218376,15.753696361347025,0.043288194863698205,17.50587809233187,1.45,bo206218,bo,G,g
644245142208,2458923.5641953,1.9148748333199321,0.054778551552766806,15.694714643850967,0.03109441036335086,17.80611425016126,1.57,bj318081,bj,G,g
644245142208,2458923.575326,1.8926310201520766,0.048864784339788504,15.707400737572588,0.02806352398115161,17.930150645462263,1.57,bk317840,bk,G,g
644245142208,2458926.579192,1.7521934967802242,0.05551057802897113,15.791110461960455,0.03443545757073834,17.791701237334944,1.59,bn207423,bn,G,g
644245142208,2458927.5310826,3.733630168767701,0.07799225929757456,14.969737379504252,0.022705568322705094,17.42251185827912,1.50,bo207556,bo,G,g
644245142208,2458928.2726625,2.2151729963425897,0.03803982838139085,15.536546500824501,0.018665648061464268,18.20204423912148,1.51,bn207915,bn,G,g
644245142208,2458930.6848577,2.31034783782301,0.0427990590543583,15.490872195631173,0.020135806220100777,18.0740550587686,1.61,bs239322,bs,G,g
644245142208,2458932.5190915,2.169978368899888,0.05453114423593525,15.558927110603577,0.02731501093036083,17.81102908480541,1.45,bo209310,bo,G,g
644245142208,2458932.5339162,1.9447580210982862,0.037299208470684686,15.67790169378275,0.020847127232837957,18.223391572165863,1.51,bn209535,bn,G,g
644245142208,2458954.6726384,2.131901631487524,0.03645136331309521,15.578147717418107,0.018584838293784652,18.2483561715574,1.63,bs240633,bs,G,g
644245142208,2458955.7502886,2.8496595537356124,0.05060200855839489,15.263083176441345,0.01930131729018099,17.892221222084043,2.43,br240820,br,G,g
644245142208,2458957.7168799,1.8005208462736941,0.05444331868665901,15.761570237381893,0.032866889841380045,17.812779135168395,1.46,bs241507,bs,B,g
644245142208,2458958.7302927,3.286609321389526,0.06498223066375354,15.108195415659416,0.021491102990987977,17.62065407290056,1.49,bs241837,bs,G,g
644245142208,2458961.6769802,3.868548303596192,0.06941839149967696,14.931195562458122,0.019504673962341776,17.548954245511784,1.44,br242443,br,G,g
644245142208,2458962.7065483,1.6744472420565686,0.0419138946782289,15.840386951079623,0.02720813175100849,18.09674556704809,1.46,br242697,br,G,g
644245142208,2458963.6278788,2.373580863721957,0.03696159810522687,15.461555542394851,0.01692617712268649,18.233263760180435,1.46,bs243186,bs,G,g
644245142208,2458964.7034518,4.017760879926559,0.07251440444192411,14.890105407739123,0.019617893444574316,17.50157990024675,1.46,bs243557,bs,G,g
644245142208,2458965.7054804,1.5468650955210763,0.06279186052156337,15.926434522625751,0.04412280198426469,17.657882232977805,1.63,bs243912,bs,G,g
644245142208,2458968.6149264,1.5835043361705246,0.04960568867263316,15.901017479895332,0.03405057099399888,17.913811903207147,1.44,br244698,br,G,g
644245142208,2458973.6801669,3.3827182517516707,0.2111252911009435,15.076901055542976,0.06784011998262325,16.341289957973252,1.59,bs245293,bs,B,g
644245142208,2458974.6786806,1.5440390863220923,0.21727341315696397,15.92841989724546,0.15295386983630885,16.3101241445323,1.66,bs245633,bs,B,g
644245142208,2458976.2758823,2.027154626295148,0.1042834775838937,15.632848430143282,0.055916605768062407,17.107101848107263,1.52,bn210318,bn,B,g
644245142208,2458980.3116261,3.368497506564193,0.07169803552042904,15.081475046745966,0.023135729550919002,17.51387247033145,1.44,bo211703,bo,G,g
644245142208,2458985.3292227,1.7448830017410613,0.037582084041858095,15.795649842614047,0.023411364148246693,18.215188462958032,1.54,bo213232,bo,G,g
644245142208,2458986.3936042,2.3089696737802217,0.050271068969934045,15.491520050054683,0.023665302707162605,17.899345310903936,1.50,bo213662,bo,G,g
644245142208,2458988.6193959,2.156814696907604,0.08290421426871927,15.565533536725065,0.04178072252022635,17.356199092450964,1.80,br248981,br,B,g
644245142208,2458993.6256878,2.2852564978111785,0.06263395253083073,15.502728241100987,0.0297911342778778,17.66061606437931,1.50,bs250222,bs,G,g
644245142208,2458993.647908,2.0976935277071207,0.043337863848056046,15.595710526732825,0.022456270721003046,18.06047185931871,1.47,br250046,br,G,g
644245142208,2459001.2477402,4.231120862598747,0.10116584034148288,14.833927044294338,0.025989063774665002,17.14005587799815,1.49,bo217327,bo,G,g
644245142208,2459003.3576419,1.7001167009527214,0.17003504154149612,15.823868788189104,0.1087105945280946,16.57629453182193,1.51,bn218229,bn,B,g
644245142208,2459007.3308095,2.4959579675475045,0.1296148493448771,15.40697245362634,0.056445544212461826,16.871003712946965,1.44,bo219685,bo,B,g
644245142208,2459008.3405197,1.5142128148765983,0.1243296279958229,15.949598328970204,0.08924828707546836,16.91620402592364,1.50,bn220314,bn,G,g
644245142208,2459009.3388625,1.5682107110195425,0.10919451510528609,15.911554582780884,0.07568478489390551,17.057138551219406,1.67,bo220499,bo,G,g
644245142208,2459015.315109,1.8468528710750896,0.04200982188740055,15.733984875053213,0.024724681967236536,18.094263510875177,1.45,bo221302,bo,G,g
644245142208,2459015.3446563,1.6624496925935395,0.04894972794769898,15.84819434232121,0.032004713446156734,17.92826490537118,1.51,bn221527,bn,G,g
644245142208,2459016.3300521,2.611113052777908,0.04173838421400483,15.358001432829527,0.01737489262672877,18.10130153007644,1.53,bn221853,bn,G,g
644245142208,2459017.2530091,1.5397630269012743,0.05136682694200801,15.931430904652508,0.036261104189534994,17.875933763713896,1.44,bo222023,bo,G,g
644245142208,2459017.3357621,1.5908903119230433,0.05205238617906255,15.895965029496296,0.03556416190694152,17.861539003499846,1.52,bn222292,bn,G,g
644245142208,2459020.3352454,1.6987503361513083,0.06152640913966414,15.824741733083696,0.03936807560848733,17.679986688598454,1.61,bn223485,bn,G,g
644245142208,2459023.298969,1.6661967849305075,0.042956939434316534,15.845749891966515,0.028023295864198057,18.070057282724214,1.52,bn224232,bn,G,g
644245142208,2459025.1956066,3.142818389166468,0.08747265983775936,15.156767408253772,0.030252775156294567,17.29795977994358,1.95,bo224669,bo,G,g
644245142208,2459031.2007015,3.9982537985136464,0.11518354313742102,14.895389725993834,0.03131354579261157,16.99916452733436,1.66,bo225419,bo,G,g
644245142208,2459032.2817921,1.8659661556396097,0.10223431965461495,15.722806216350158,0.05955320259067393,17.12864883342801,1.54,bn226109,bn,G,g
644245142208,2459034.2561005,3.246383385960377,0.11673163870200308,15.121566104524826,0.039084174878779014,16.984669155745507,1.47,bo226579,bo,G,g
644245142208,2459035.2472964,1.5681798664836717,0.31212828419301053,15.911575937920489,0.21634627594319397,15.916807798939562,1.69,bn227058,bn,B,g
644245142208,2459038.2459637,1.721927109223041,0.045197823732731186,15.810028713739332,0.028530864640881996,18.014846801162612,1.53,bo227689,bo,G,g
644245142208,2459038.2756026,2.0575972942966385,0.07527226014813626,15.616664671894515,0.03976369637579126,17.461053220216364,1.52,bn227913,bn,G,g
644245142208,2459047.2230954,1.6413078373966796,0.05895784443287174,15.862090514036257,0.039044847074901724,17.726286619363133,1.59,bo228787,bo,G,g
644245142208,2459049.2163541,3.554055060129816,0.05736421483704245,15.023255243036907,0.01754401841745535,17.75603797736863,1.63,bn229801,bn,G,g
644245142208,2459050.2430487,1.6142149907142014,0.04718905006073548,15.880162181907522,0.03177547353558936,17.968037524279616,1.62,bn230195,bn,G,g
644245142208,2459051.2134053,2.054689078044062,0.05606462358810788,15.618200341309139,0.029658895303981615,17.780918334713444,1.70,bo230377,bo,G,g
644245142208,2459056.2168239,1.7729865392495305,0.07683568247928059,15.778302026302839,0.04710529060670825,17.438733228519602,2.01,bn232594,bn,G,g
644245142208,2459059.2165764,1.7478694620703052,0.07748432302325134,15.793793135660243,0.04818557224685742,17.42960600398944,1.52,bn233456,bn,G,g
644245142208,2459062.2063612,1.7454755012092045,0.13743719089125625,15.795281228255666,0.08558599124723655,16.807379936596757,1.53,bn234693,bn,G,g
644245142208,2459147.872565,1.0791367943666619,0.18678736474930208,16.317374370924792,0.1881408782951159,16.474271873961413,1.57,bj321116,bj,G,g
644245142208,2459148.847422,2.381570679964358,0.0733171985314035,15.457906934838306,0.03346220532936032,17.489625956177623,1.45,bG174479,bG,G,g
644245142208,2459149.8611187,3.031768654724634,0.08223759184622455,15.195825476031406,0.02948400652209177,17.36496465033488,1.62,bk321540,bk,G,g
644245142208,2459149.8648096,3.1264173004137334,0.09321231372778432,15.162448259114406,0.03240697660526674,17.228957390890365,1.61,bj321792,bj,G,g
644245142208,2459153.8570281,1.2782379627059823,0.14368444597530072,16.133536343223472,0.12218284089662167,16.759116217075743,1.51,bk321944,bk,G,g
644245142208,2459155.8519874,3.142644529717039,0.15611766803011576,15.156827472405379,0.053996917506708236,16.669010472719833,1.52,bk322344,bk,G,g
644245142208,2459156.8446413,2.0470618314769498,0.11177366444428467,15.622238220482226,0.059349996985063914,17.031791888206364,1.45,bG175842,bG,G,g
644245142208,2459156.8682721,0.9720843277832694,0.39936955684984315,15.649203220471202,99.999,15.649203220471202,1.53,bF176079,bF,B,g
644245142208,2459157.8595257,1.7969691098851008,0.12238718129593579,15.763714093285188,0.07402995641666468,16.93330077982633,1.51,bk323314,bk,G,g
644245142208,2459157.8648668,2.5787948959540126,0.1664974436655713,15.371523617361582,0.07017831566563387,16.59912168666305,1.52,bF176955,bF,G,g
644245142208,2459158.8488991,2.770651580857507,0.09652148629362178,15.293610834373805,0.03786642093133037,17.191080609428106,1.48,bk323616,bk,G,g
644245142208,2459158.8616967,3.7833788278437432,0.10553751397732689,14.955366049380096,0.03032069859395214,17.09412346194471,1.52,bF177230,bF,G,g
644245142208,2459159.8661513,1.6224515980580692,0.17820335877061194,15.874636248446887,0.11938679911522514,16.52535089807955,1.61,bF177498,bF,B,g
644245142208,2459162.8519194,1.7251170261858415,0.06261911445897783,15.808019218537474,0.039454862373715094,17.660873307292114,1.57,bj324417,bj,G,g
644245142208,2459164.8605685,3.2137294724903063,0.10379838011263813,15.132542333209516,0.03510697685513713,17.11216417163103,1.57,bj324899,bj,G,g
644245142208,2459165.566559,2.3496354198340725,0.2114809218887985,15.472564421323785,0.09783244044161805,16.339462624151942,1.56,bo256231,bo,G,g
644245142208,2459165.8425836,1.6209090493733687,0.05195498574268963,15.875669005061347,0.034840209332973986,17.863572536490622,1.53,bF177823,bF,G,g
644245142208,2459166.5794534,1.4485383512172345,0.05013534627563553,15.997740627313465,0.03762064121958422,17.902280564242034,1.48,bo256536,bo,G,g
644245142208,2459167.824925,2.212397992543853,0.0640150541496212,15.537907482949782,0.031450752003896125,17.636935318462903,1.47,bk325606,bk,G,g
644245142208,2459167.8347189,2.560368023337645,0.04958015093051622,15.37930963574352,0.021048328955648794,17.914371000189696,1.54,bF178478,bF,G,g
644245142208,2459170.8289445,2.437058617435242,0.05760724826691491,15.432900684299378,0.025693503535448806,17.751447784642853,1.64,bj326741,bj,G,g
644245142208,2459171.0151649,2.4575159284650496,0.13862562718222143,15.423824768766398,0.06131395845723236,16.798031801355062,1.49,bs293046,bs,B,g
644245142208,2459172.8242016,2.2413380890781265,0.04422529927322309,15.52379719340961,0.021447445927564857,18.038463660270732,1.53,bF179936,bF,G,g
644245142208,2459173.7979766,1.5816030492518502,0.06207710744700409,15.902321888270885,0.04266248526906911,17.670311930744035,1.45,bG180010,bG,G,g
644245142208,2459174.801388,1.665103892566791,0.048948220510644125,15.846462282089552,0.03195271343072399,17.928298341801927,1.43,bG180324,bG,G,g
644245142208,2459174.8082446,1.5400394017825219,0.05514983549914145,15.931236041363444,0.038924636148431,17.79878005802939,1.58,bj328065,bj,G,g
644245142208,2459175.8035384,2.2571598828649977,0.05714059079751924,15.516159815209502,0.027516587679449415,17.760278795442627,1.57,bj328382,bj,G,g
644245142208,2459175.8248718,2.2108475912946894,0.03577296127932039,15.538668610409314,0.01758766805888601,18.268753380301202,1.58,bF180862,bF,G,g
644245142208,2459177.8184074,1.6858239549993337,0.047267728831701696,15.83303507046939,0.030476471738969443,17.96622877299798,1.54,bF181481,bF,G,g
644245142208,2459178.7744594,2.1355152322871955,0.08254108771896554,15.576308938465521,0.04201261234342973,17.360965142261215,1.45,bG181538,bG,G,g
644245142208,2459179.7816282,1.0703088048155216,0.10200323790487265,16.326292876951175,0.10358980901621143,17.13110571679474,1.48,bk329427,bk,B,g
644245142208,2459180.0136255,2.2647066433445175,0.05556516834803025,15.512535737125198,0.026668761843798912,17.790634025229025,1.47,br295157,br,G,g
644245142208,2459180.7965287,1.7331228771944875,0.11680724597813485,15.802992234834273,0.07325758575632303,16.983966150247987,1.50,bG182179,bG,G,g
644245142208,2459181.8043549,2.6164224712495656,0.1253077630565794,15.35579594620333,0.05205737673313956,16.907695668430094,1.49,bG182495,bG,G,g
644245142208,2459182.7809843,1.5475536063217539,0.10860377127535395,15.925951368154411,0.07628012172953923,17.06302834537184,1.54,bF182982,bF,G,g
644245142208,2459184.5430697,1.3941042694007555,0.0956053025127692,16.039327479247618,0.07454163175597017,17.201435661395927,1.50,bn260012,bn,G,g
644245142208,2459185.7414474,1.402041234065177,0.1648482678230164,16.033163656209133,0.1278014479560569,16.609929641280164,1.48,bk331283,bk,B,g
644245142208,2459186.0131917,2.2378061933881037,0.08783037060329794,15.525509443596262,0.042661332521150314,17.293528823250586,1.58,br297077,br,B,g
644245142208,2459186.5898574,1.9036996872529353,0.11657022495577364,15.701069525889693,0.0665581693923138,16.98617152502317,1.61,bn260432,bn,B,g
644245142208,2459189.7584714,1.6805207974185077,0.0923508030906237,15.836455893570772,0.059732261487866166,17.23903892030392,1.44,bG184784,bG,G,g
644245142208,2459191.0027045,1.700615321945947,0.07211139743363425,15.823550403285482,0.04609034901703799,17.50763083205188,1.48,br298538,br,G,g
644245142208,2459192.024191,2.185592108050726,0.09096903800643721,15.5511428377538,0.04524146512663781,17.255406606217004,1.45,bs300251,bs,G,g
644245142208,2459192.9915854,2.31277760029467,0.05406237562836977,15.489730941143208,0.025408172304366882,17.820402797176023,1.44,br299375,br,G,g
644245142208,2459195.760514,1.6467635108304635,0.053451453825081444,15.858487534065993,0.03528096532956982,17.832741806260085,1.48,bF186771,bF,G,g
644245142208,2459195.7686458,1.4271175187705454,0.07960434229450698,16.013916278752607,0.06063022692785004,17.400298715241618,1.44,bG186549,bG,G,g
644245142208,2459196.7714606,2.327821263106878,0.053461931307046295,15.482691545123723,0.024963598288214147,17.83252900256808,1.47,bk334751,bk,G,g
644245142208,2459196.8167499,1.9445750425360635,0.04617753122756382,15.67800385343151,0.02581179313098275,17.991563834754675,1.54,bj335048,bj,G,g
644245142208,2459198.9568534,2.5054467796916193,0.043450483204782384,15.402852667379584,0.018850444749007152,18.057654085141934,1.70,bs302889,bs,B,g
644245142208,2459200.4835725,1.7874946971139214,0.0455756987793005,15.76945371710304,0.027714097894088227,18.005807271187308,1.52,bn263462,bn,G,g
644245142208,2459201.7046452,1.666466803219143,0.06765725835621428,15.845573955437185,0.044129590863266475,17.576854623706893,1.42,bG188265,bG,G,g
644245142208,2459202.547645,1.3991080435475187,0.049289119331008685,16.035437488831995,0.03829234629498328,17.92076296517792,1.50,bn264094,bn,G,g
644245142208,2459202.8269758,2.0200492272408175,0.04100833018813629,15.636660739682322,0.022065933514160113,18.12046039724825,1.49,bk336628,bk,G,g
644245142208,2459203.7662397,1.6673147867408857,0.055610571694394095,15.845021617855608,0.036253666111255446,17.78974721197847,1.60,bG188891,bG,G,g
644245142208,2459205.7902951,2.1442623417469986,0.044626015558574386,15.571870826209928,0.022621550407448985,18.02867033015605,1.50,bk337529,bk,G,g
644245142208,2459206.4770625,1.8988726106563116,0.04110700485230563,15.703826046596543,0.02353055532141901,18.1178510257613,1.63,bn264831,bn,G,g
644245142208,2459206.7272617,1.6988251662194243,0.04616276717620219,15.824693907383214,0.02953624766188392,17.991911025862045,1.68,bk337786,bk,G,g
644245142208,2459207.4869879,2.663514552644439,0.05005801832866167,15.336427937327011,0.020428230599924647,17.903956478982906,1.50,bn265118,bn,G,g
644245142208,2459208.5421493,1.45836647378762,0.05528318799936301,15.990398942737745,0.041203924266287634,17.796157912890692,1.43,bo265422,bo,B,g
644245142208,2459209.722337,1.4438154393936902,0.10278128758927522,16.001286418241868,0.07737747347044756,17.12285547645871,1.53,bF190764,bF,G,g
644245142208,2459211.6927388,2.5912763777508694,0.09400673946673614,15.36628128228109,0.03943278278926373,17.219743136796797,1.46,bG191094,bG,B,g
644245142208,2459213.7091601,2.544445535564556,0.20744359518036462,15.386082724440639,0.08861740820256146,16.36039053511039,1.60,bj340178,bj,B,g
644245142208,2459213.9222813,0.955597729359198,0.22640018825580013,16.26544865234218,99.999,16.26544865234218,1.73,bs308742,bs,B,g
644245142208,2459214.5966618,2.919877799386504,0.10607275210156933,15.23665393215661,0.039486744856186716,17.088631019071183,1.52,bn267208,bn,B,g
644245142208,2459216.9141385,1.4047710413043126,0.1538278336661201,16.031051757588738,0.11902592103062176,16.685053301485794,1.51,bs309528,bs,G,g
644245142208,2459217.7530212,2.6863972991013556,0.10047975313277976,15.327140016893829,0.04065561077170072,17.147444212985338,1.50,bk341158,bk,B,g
644245142208,2459217.791234,2.135416247121427,0.07325888321575987,15.576359265556343,0.03728978881472728,17.49048987684015,1.46,bG192849,bG,G,g
644245142208,2459218.8459795,3.008696841160714,0.0856835416372145,15.204119547119397,0.030955024485732733,17.320397088214662,1.54,bj341796,bj,G,g
644245142208,2459219.693799,1.479825883819232,0.08309374979419108,15.974539073904515,0.061033729874661706,17.353719716602214,1.56,bj341999,bj,G,g
644245142208,2459219.9426463,1.8362315442412054,0.1060367052235325,15.740247012845309,0.06276838487385679,17.08900004930136,1.44,bs310783,bs,G,g
644245142208,2459220.7018736,2.5410382238563267,0.07856328315732904,15.387537627223189,0.03360629218221674,17.41459155066229,1.48,bk342043,bk,G,g
644245142208,2459222.5579784,2.236288151647039,0.07160945058851527,15.52624621524869,0.03480605094563317,17.515214757222896,1.50,bn268757,bn,G,g
644245142208,2459223.0136723,3.468293292593417,0.06764149554538254,15.049776082243344,0.02119871606021669,17.57710760836481,1.38,br310816,br,G,g
644245142208,2459223.4324891,1.7251858233563668,0.04830647387022766,15.807975920553448,0.030435583288826167,17.9426272681188,1.60,bo268948,bo,B,g
644245142208,2459227.8915128,2.458788903703705,0.04353396220485464,15.423262510980342,0.019245053556421036,18.055570121736416,1.45,br311771,br,G,g
644245142208,2459228.6463182,1.7875185787459869,0.0672327738250866,15.769439211337293,0.04088298877153914,17.583688038121743,1.52,bG195839,bG,G,g
644245142208,2459229.9097735,1.6585416811575475,0.041913756712282674,15.85074964643718,0.027468969713927396,18.096749140919485,1.49,br312633,br,G,g
644245142208,2459229.9613281,1.6261466544744674,0.0521058212555202,15.87216634730913,0.03482881576419979,17.860424998110684,1.47,bs313962,bs,G,g
644245142208,2459231.8750147,1.5863152127455793,0.1543600482690864,15.899091899452982,0.1057688029554062,16.681303347179103,1.60,bj345846,bj,G,g
644245142208,2459232.6984681,2.2801314015046663,0.05299957940922731,15.505165933175826,0.02526531517011462,17.841959553524006,1.48,bG197089,bG,G,g
644245142208,2459233.8047571,3.333642906393184,0.06679143633125612,15.09276792935971,0.021777793649509755,17.590838654074275,1.47,bk346180,bk,G,g
644245142208,2459234.5230318,2.2209373922951885,0.04486829020277777,15.533724832128923,0.021959142488385437,18.022791811001902,1.58,bn271519,bn,G,g
644245142208,2459234.7710361,1.6126108001655912,0.05289561057453844,15.881241712080094,0.03565350602852465,17.844091525038042,1.57,bk346471,bk,G,g
644245142208,2459234.8160495,1.6792596659242849,0.054073351752973134,15.837270980271516,0.035000770597224756,17.82018238573201,1.50,bF197751,bF,G,g
644245142208,2459235.8187196,1.9016862525226996,0.052738205469690456,15.702218454918771,0.030143845391980117,17.847327241668122,1.49,bk346783,bk,G,g
644245142208,2459236.6788769,1.6607802069081212,0.09237866041399063,15.84928522153167,0.06046049139364929,17.238711460848318,1.44,bG198241,bG,G,g
644245142208,2459237.6484953,1.8751411786857872,0.08056076432502798,15.717480694368193,0.04669837619413267,17.3873316665428,1.66,bF198470,bF,G,g
644245142208,2459237.9281648,2.658020574534774,0.04334882373249378,15.338669776540147,0.01772683293619768,18.060197317893042,1.47,bs316373,bs,G,g
644245142208,2459240.8703944,2.1473497047175427,0.09174506909992589,15.57030868019285,0.04643999110926784,17.24618378118198,1.59,br316151,br,B,g
644245142208,2459241.6880553,2.548309157117701,0.07875992805727068,15.384435335214315,0.03359428239483464,17.411877334535003,1.50,bF199474,bF,B,g
644245142208,2459241.7198189,2.1625183107261683,0.11882892690151003,15.562666138629504,0.059727529901694325,16.965335173455507,1.54,bk348341,bk,G,g
644245142208,2459242.8018777,3.6045700986549205,0.13655653649546526,15.007931932941226,0.04117856328699003,16.814359378521395,1.41,bG199900,bG,B,g
644245142208,2459243.7374984,1.3532104832780754,0.16759127650907688,16.07165223829635,0.13461647928328493,16.592012089169707,1.46,bG200150,bG,G,g
644245142208,2459243.7905836,1.7182532112696367,0.1138863686476526,15.812347711678637,0.07204382353360093,17.011461248026315,1.47,bk349027,bk,B,g
644245142208,2459245.8165787,2.5685275322327885,0.17713658956051148,15.375855058983891,0.07496114752332561,16.53186991424175,1.57,bs318691,bs,G,g
644245142208,2459245.8354043,3.09084161365187,0.13457687947500258,15.174873745404788,0.047326662153944585,16.83021447693246,1.57,br317418,br,G,g
644245142208,2459247.8812098,1.9544720203545833,0.13154284311027653,15.672491978329827,0.07315599799729157,16.854972550746435,1.49,bG201137,bG,B,g
644245142208,2459247.8851205,1.8211068698408894,0.11012623190636472,15.749227040578697,0.0657305883402864,17.0479136624403,1.54,bF201101,bF,G,g
644245142208,2459247.9048687,1.5884382578555507,0.08447400889988517,15.897639775812403,0.05780493792383173,17.33583284876332,1.45,br318231,br,B,g
644245142208,2459247.916194,1.5258106243523044,0.11991860856756509,15.941314035781746,0.08542758293856284,16.955424159718007,1.58,bs319528,bs,B,g
644245142208,2459248.6844634,1.3324257157422181,0.0724956779355574,16.088458107383794,0.059139994822194585,17.501860322762628,1.57,bk350265,bk,B,g
644245142208,2459248.6900317,1.281793614800959,0.08143673355651233,16.130520362696235,0.06905806646737615,17.375589747181003,1.47,bG201323,bG,B,g
644245142208,2459248.7060713,1.6130197634213652,0.07752604224982405,15.880966400815005,0.05224203642076308,17.4290215775772,1.62,bj350556,bj,G,g
644245142208,2459249.8187707,1.6462713956028332,0.06922983631762443,15.858812041603088,0.04570924471224219,17.551907349452325,1.48,bs320206,bs,G,g
644245142208,2459249.8565363,1.397434124304264,0.07338475775202599,16.036737261790318,0.05708035867130675,17.48862594910425,1.46,br318948,br,G,g
644245142208,2459249.8760303,1.3874551389465266,0.07791144122250995,16.044518247701657,0.06103718006998278,17.423637516203385,1.53,bG201761,bG,B,g
644245142208,2459249.8799454,1.389840569607266,0.08049591224120778,16.042653160695465,0.06295366439666208,17.388206045185946,1.73,bF201725,bF,G,g
644245142208,2459250.7229029,2.298746431636866,0.07045835915237092,15.496337952062895,0.033316059543450204,17.532809298865338,1.42,bG201982,bG,G,g
644245142208,2459250.7346889,2.121780916245159,0.05255825782506545,15.583314274897921,0.026924806739849438,17.851038208908975,1.53,bF201952,bF,G,g
644245142208,2459251.8446709,2.8868612088972183,0.04975998287040356,15.249000860068303,0.01873555186370521,17.910440055993845,1.60,br319777,br,G,g
644245142208,2459252.8030503,1.6186668016755736,0.0499448891937063,15.877171973354866,0.033538664647005036,17.9064129765603,1.52,bF202645,bF,G,g
644245142208,2459252.8622514,1.4596629740294884,0.06610721282755877,15.989434142779501,0.0492275733476679,17.602018493729915,1.43,bG202719,bG,G,g
644245142208,2459254.6559321,1.5925606515287802,0.04498477112524449,15.894825669492679,0.030703063212436137,18.019976823428628,1.57,bk352277,bk,G,g
644245142208,2459254.8191873,2.887233587536559,0.06438931025778358,15.248860819079916,0.02424063678709748,17.630606179121987,1.44,br320995,br,B,g
644245142208,2459255.7691254,1.6087983686941345,0.04524693181186968,15.88381157923589,0.030570299285868976,18.01366777371353,1.60,bj352985,bj,G,g
644245142208,2459256.8031214,1.767114034551261,0.04617438229589598,15.781904182049027,0.02840198481392575,17.991637875648664,1.60,bF203962,bF,G,g
644245142208,2459257.8568675,2.5904527668663557,0.039667962858679434,15.366626427362402,0.016644716122543254,18.156540866618748,1.46,br322089,br,G,g
644245142208,2459258.6078747,1.8640752545444224,0.04734449123859902,15.723907019118148,0.027606934534836376,17.964466976423324,1.68,bk353624,bk,G,g
644245142208,2459259.4213934,1.4980910395637754,0.05648422784201549,15.961220106265486,0.04098275619227747,17.77282262098318,1.48,bo278243,bo,B,g
644245142208,2459259.7783782,1.9184330722263916,0.0418869668051905,15.692698990524542,0.02373255153067932,18.097443329986646,1.57,bF204932,bF,G,g
644245142208,2459261.7089415,1.6898728409047483,0.05416792444916966,15.830430556859138,0.034841780590765876,17.81828512380064,1.61,bj355039,bj,G,g
644245142208,2459262.6921766,2.2926641146374442,0.04734467023511007,15.499214538929383,0.022446200362751075,17.964462871560855,1.54,bj355366,bj,G,g
644245142208,2459263.4634787,1.801849375911444,0.046802350592290425,15.760769413089424,0.028233281254865312,17.976971447580322,1.42,bo279091,bo,G,g
644245142208,2459263.5478951,1.5236544896538298,0.08906159922909927,15.942849383003017,0.0635354581868362,17.27841438832411,1.51,bk355327,bk,G,g
644245142208,2459263.7325002,3.32451614599952,0.06142016055538222,15.095744506014023,0.020081431748277884,17.681863243001917,1.54,bj355744,bj,G,g
644245142208,2459264.5974866,1.8588742387842385,0.06191853188539325,15.72694060031289,0.03620618901758441,17.673088985215013,1.48,bk355714,bk,G,g
644245142208,2459265.7842501,1.8285549562237977,0.03244047066612478,15.744795578896117,0.019283741535256117,18.37492274495737,1.47,bk356232,bk,G,g
644245142208,2459265.8745408,1.79036721878602,0.046293156863837726,15.767710328720948,0.02810521117514661,17.988848617478393,1.73,bj356578,bj,G,g
644245142208,2459266.6852094,1.7845669384829888,0.04285294246990075,15.771233515203132,0.026101170143253995,18.072688991852075,1.49,bk356524,bk,G,g
644245142208,2459268.6457365,2.4374300849106807,0.1039855277858122,15.432735204097296,0.046371688071379494,17.110208360313376,1.55,bF206845,bF,G,g
644245142208,2459269.4899691,1.636097460189145,0.08230600062040619,15.865542696129696,0.05468075486302194,17.36406186358982,1.45,bo281103,bo,G,g
644245142208,2459269.7727984,3.374308849816951,0.12681676482819657,15.079603544882627,0.04085112410600576,16.89469893674393,1.54,br322581,br,G,g
644245142208,2459269.7740039,3.4057353963364925,0.13781014195898486,15.069538364636026,0.04398275706481635,16.804437661222465,1.49,br322582,br,G,g
644245142208,2459271.7451702,1.5587620775699689,0.15879739043354307,15.918116043553027,0.11073265230828455,16.650532208305556,1.75,bs324579,bs,B,g
644245142208,2459271.8236838,1.1506947800984335,0.14187147430403235,16.247665264766187,0.13401305620793905,16.77290290676138,1.49,br323354,br,B,g
644245142208,2459272.7112508,3.0043709699574297,0.15218636775628186,15.205681729998533,0.05505976678866132,16.696701231889605,1.58,bj358970,bj,G,g
644245142208,2459273.8149468,1.1871347636072263,0.1712994798368275,16.213815565062443,0.15684410269764837,16.56825050093936,1.59,bj359427,bj,G,g
644245142208,2459274.7196419,2.0667257988592884,0.08420193620158603,15.611858470314496,0.044284463738678795,17.339335416184845,1.47,bG210045,bG,G,g
644245142208,2459275.6968975,2.5226635785653038,0.08651886792922092,15.39541727969278,0.03727894934077462,17.30986354093084,1.65,bk359813,bk,B,g
644245142208,2459275.7323469,3.27728608769106,0.12085978295513858,15.111279736340462,0.040084791435347975,16.946936086468103,1.40,bG210409,bG,G,g
644245142208,2459275.753816,3.215068385514477,0.10594242354001729,15.13209008493589,0.03581721891655621,17.089965852346076,1.69,br324284,br,B,g
644245142208,2459276.8592008,1.456986527394834,0.10859913055829908,15.9914267825023,0.08101827367381943,17.06307474065,1.48,bs326054,bs,B,g
644245142208,2459276.8742682,1.5061707832892228,0.11031481883476167,15.955380075032704,0.0796107673228512,17.046055971187528,1.49,br324778,br,B,g
644245142208,2459277.7843442,1.7829859832651287,0.06710346241313342,15.772195799697935,0.04090808721202721,17.585778287617206,1.72,bF210004,bF,G,g
644245142208,2459277.7899143,1.8073464559873829,0.07089186074098851,15.757462092704518,0.04263508532930535,17.526149672221788,1.49,bk360582,bk,B,g
644245142208,2459279.8031845,1.5703275864360622,0.05897303175359514,15.910089971926165,0.04082022249687391,17.726006973784518,1.51,bj361512,bj,G,g
644245142208,2459279.8044132,1.5680950604164572,0.06526953266114957,15.91163465536059,0.045242884814687176,17.615864353695294,1.57,bj361513,bj,G,g
644245142208,2459280.5730981,3.098827567282542,0.06286043581514204,15.172072095253856,0.022049165106837597,17.65669714223847,1.42,bo284075,bo,G,g
644245142208,2459280.7621714,1.7958110590844985,0.059161163125432466,15.764414017948303,0.0358086736171701,17.722548852035075,1.62,bF210986,bF,G,g
644245142208,2459281.7368709,3.3945080106839542,0.06470818743162289,15.07312352752927,0.020720229888203694,17.625242524476267,1.44,bs327681,bs,G,g
644245142208,2459281.7604357,3.0910871718749475,0.06054378203814798,15.174787490301387,0.02128974534781567,17.69746674419726,1.64,bj362198,bj,G,g
644245142208,2459282.4403326,2.3113074176862165,0.034129255675248216,15.490421339582328,0.01605023059868429,18.319823569302383,1.45,bn284551,bn,G,g
644245142208,2459282.571707,1.7447794029266745,0.06507801731576109,15.795714307866291,0.04054207381435448,17.61905482860515,1.41,bG212646,bG,G,g
644245142208,2459283.5805608,2.686740410887326,0.051023170404133254,15.32700135345026,0.020642101338053477,17.883222009752167,2.00,bk362503,bk,G,g
644245142208,2459283.5845956,2.893784637001973,0.05309566880668162,15.246400105637377,0.01994366918241544,17.839992872301433,1.47,bF211890,bF,G,g
644245142208,2459285.2855625,2.1211375720068113,0.033711229969160886,15.583643530404,0.017274995150908287,18.33320411585062,2.39,bn284836,bn,B,g
644245142208,2459285.3297539,2.3720065365395824,0.04383331647464527,15.46227591858375,0.02008633133072139,18.048129783760736,1.97,bo284839,bo,B,g
644245142208,2459285.5648349,1.7185281664610184,0.06197112398489539,15.812173985873123,0.03919628359283817,17.67216717863572,1.44,bk363214,bk,G,g
644245142208,2459286.5289004,3.514474772173087,0.06284630327241596,15.035414546823507,0.019437100459511695,17.656941269378812,1.49,bk363554,bk,G,g
644245142208,2459286.5781494,2.9475612020932878,0.08789614302792903,15.226408543797028,0.032412994794501,17.292716065920395,2.47,bo285332,bo,B,g
644245142208,2459286.8416299,1.6347252858269667,0.08359834423197213,15.866453671494211,0.055585954568242446,17.347146421972603,1.66,bF213119,bF,G,g
644245142208,2459287.854983,2.0018053918241714,0.06772078019381349,15.646510985584062,0.03677157829105958,17.575835729288357,2.00,bF213474,bF,G,g
644245142208,2459288.8225736,1.60640216414578,0.06186313193238655,15.885429920914586,0.04185909121012214,17.674060853533508,2.28,bs329408,bs,G,g
644245142208,2459288.8414561,1.5522902779738412,0.05748925121211626,15.922633278536162,0.04025556136090289,17.753673981267664,2.46,br328135,br,G,g
644245142208,2459290.3170856,1.8370191526185307,0.03631195310527623,15.739781411657638,0.021485630233416285,18.252516589267913,1.56,bn285838,bn,G,g
644245142208,2459290.3208032,1.8781335018367313,0.030599602401709263,15.715749473210028,0.017709304136598922,18.438351152743586,1.42,bo285816,bo,G,g
644245142208,2459291.2935859,3.0031526139102844,0.04806562408828606,15.206122115548531,0.01739679939415318,17.948054147436157,1.43,bo286001,bo,B,g
644245142208,2459291.3366189,3.009812009877055,0.04994978525429247,15.203717195276585,0.018038749484503527,17.90630654785882,1.46,bn286059,bn,G,g
644245142208,2459291.8095491,1.4690996464378525,0.061555086933964887,15.98243748673715,0.04554333897726023,17.679480738945553,1.45,bG215722,bG,G,g
644245142208,2459292.308294,1.7520900033317088,0.04219462085131596,15.79117459294988,0.026176576676674737,18.0894978894583,1.43,bo286388,bo,B,g
644245142208,2459292.4937582,3.592424832141954,0.09679696497338086,15.01159639796142,0.02928776447067299,17.187986260422676,1.56,bF214509,bF,G,g
644245142208,2459292.5588404,3.073954152999698,0.07086510362965734,15.180822157645302,0.02505804664614428,17.52655954506269,1.54,bG215896,bG,G,g
644245142208,2459292.8227412,1.896563477524064,0.04542258705771009,15.705147164747066,0.02603254666756333,18.009460946525312,1.41,br328968,br,G,g
644245142208,2459293.3072035,1.9334889235024373,0.046280645232429744,15.684211401165841,0.026017759168001302,17.989142098592385,1.62,bn286799,bn,G,g
644245142208,2459293.3642765,1.7462228613981927,0.05593801974690923,15.794816448115284,0.034819264322533953,17.783372891650718,1.50,bo286819,bo,B,g
644245142208,2459293.5833478,1.4899433978497039,0.05366299153716103,15.967141197003995,0.03914869431384456,17.828453412654774,1.55,bF214743,bF,G,g
644245142208,2459293.7698735,2.8700882624133723,0.06663661146607136,15.255327490822093,0.02523654076015684,17.593358349741685,1.52,bs330596,bs,G,g
644245142208,2459293.8199415,2.3371751735109174,0.05325256842412219,15.478337461286603,0.02476631927465086,17.836789213769784,1.47,bk365935,bk,G,g
644245142208,2459294.2462667,1.6187041636630264,0.06612405175420297,15.877146912734448,0.04440216496101449,17.60174196862122,1.53,bn286942,bn,B,g
644245142208,2459294.7211271,1.3846310834914624,0.06251115106905418,16.046730430199972,0.049072207135921496,17.662746871450576,1.43,br329649,br,G,g
644245142208,2459296.357012,1.7033919913097697,0.0709131950534801,15.821779119708124,0.04525062946989161,17.525822978148426,1.60,bn287556,bn,B,g
644245142208,2459296.3830466,1.662972013914402,0.04532225902621835,15.847853270888297,0.029623664509265717,18.011861740073982,1.51,bo287552,bo,B,g
644245142208,2459296.7612616,2.8219022349041563,0.044235444069869165,15.273710713528342,0.017038862590292362,18.03821463290242,1.45,bk367045,bk,G,g
644245142208,2459297.6919551,1.6776658207872912,0.1486251795551609,15.83830198051677,0.09629397357354519,16.722409630688713,1.45,br330321,br,B,g
644245142208,2459298.2612426,2.4794612788113333,0.05798470510744395,15.414172296279924,0.025419575581302027,17.74435697940644,1.51,bn287944,bn,G,g
644245142208,2459298.6274856,2.0989347932502014,0.12061369257923604,15.595068255425446,0.06246113037033795,16.949149077544412,1.43,bG217958,bG,G,g
644245142208,2459299.2600569,1.613864990743203,0.07114472146328621,15.880397620709441,0.047916783265879594,17.5222839029005,1.54,bn288313,bn,B,g
644245142208,2459299.2676191,1.9229438762301132,0.07810431767036952,15.6901490999326,0.044148973101716095,17.420953004707144,1.67,bo288294,bo,G,g
644245142208,2459299.5365052,2.272632120469055,0.10414051940329702,15.508742770960042,0.0498084206956255,17.108591262944564,1.44,bk368041,bk,B,g
644245142208,2459300.43423,2.2443949800651883,0.11890400187812179,15.522317400617096,0.05758499793942349,16.96464943233158,1.56,bo288668,bo,G,g
644245142208,2459300.4379317,2.467759103971645,0.15113728264278714,15.419308715364242,0.06657037746598274,16.704211587444618,1.52,bn288696,bn,G,g
644245142208,2459300.5103432,2.079427319815734,0.1458546331030029,15.605206258539692,0.0762410126896023,16.742840038611824,1.52,bG218550,bG,G,g
644245142208,2459300.7778318,1.376377403999807,0.15190476667901118,16.053221786804706,0.11996264712366296,16.69871210651018,1.58,bk368623,bk,B,g
644245142208,2459301.4150219,1.564811237175213,0.1418340318991298,15.913910731789366,0.09852142054885611,16.773189489671783,1.55,bn288841,bn,G,g
644245142208,2459301.7424582,1.9172445414950512,0.1635852616416123,15.693371847326778,0.09274250788222231,16.61828017905829,1.70,bj368966,bj,G,g
644245142208,2459303.3380234,2.661694881091386,0.13031243814158028,15.337169948843139,0.053215699330510347,16.865175935198955,1.54,bo289264,bo,G,g
644245142208,2459304.7691725,1.5293142089229623,0.13885828030979222,15.938823813293336,0.09869320019363792,16.796211155356325,1.48,bG219992,bG,B,g
644245142208,2459305.2447168,2.0819013094055006,0.04997814973107769,15.603915276440652,0.026093492303995058,17.905690176866933,1.51,bn289349,bn,G,g
644245142208,2459305.2805732,1.8257566937966805,0.06811381836232631,15.746458368341752,0.04055127353005887,17.569552544225363,1.46,bo289350,bo,B,g
644245142208,2459305.7844385,2.5435441115136146,0.0897002282609954,15.386467437777762,0.03833243845405813,17.270656740945537,1.48,br332727,br,B,g
644245142208,2459306.2877024,3.461196159560613,0.08732303393931672,15.052000089374385,0.027422988141312696,17.299818570526774,1.50,bn289744,bn,B,g
644245142208,2459306.3101294,3.433129500508781,0.07674613253252838,15.060840158070013,0.024298445270452156,17.4399993631897,1.44,bo289735,bo,B,g
644245142208,2459306.52694,1.7195604516487635,0.038751414020709196,15.81152200184354,0.02449527270532195,18.181921725614618,1.46,bk370527,bk,G,g
644245142208,2459306.7273546,1.6691825012852761,0.07579440437632717,15.843806064334803,0.04935662941873929,17.45354775033653,1.59,bj370666,bj,G,g
644245142208,2459308.6722761,3.0211741475574447,0.05372107717991819,15.199626222916134,0.0193277422431184,17.82727883075967,1.52,bs334616,bs,G,g
644245142208,2459309.653572,1.6291592894421538,0.06001614226354261,15.870156749534727,0.040042086532446085,17.706970420770276,1.56,bj371741,bj,G,g
644245142208,2459310.5310594,2.7617236879831975,0.048026248990836976,15.297115059763184,0.018902124344444982,17.948943941128157,1.52,bk372066,bk,G,g
644245142208,2459310.6435639,2.119335467753514,0.03619628400064551,15.584566356669843,0.01856420918531015,18.255980643731636,1.54,bj372142,bj,G,g
644245142208,2459311.274007,1.9362288010750748,0.049647777059785916,15.682673932551314,0.02787117670960224,17.912891091261017,1.42,bo291520,bo,G,g
644245142208,2459311.7469794,2.728623726738991,0.07560811504412072,15.310206494235798,0.030118749220812133,17.45621958400722,1.43,bG222580,bG,G,g
644245142208,2459311.7785519,2.479393575721551,0.06032005110508875,15.41420194332462,0.026444076318634935,17.701486359416844,1.57,bj372643,bj,G,g
644245142208,2459312.67265,1.4363923129920717,0.053372990341082,16.006882941565653,0.040388770819242685,17.834336771931376,1.44,bk372987,bk,G,g
644245142208,2459312.6981755,1.6792531677635516,0.07811721042161142,15.837275181707522,0.05056415134885386,17.42077379602822,1.54,bF221260,bF,B,g
644245142208,2459313.6274929,2.1338189053551857,0.04692070043999834,15.577171725777422,0.023901166692182306,17.974229394662334,1.64,bj373354,bj,G,g
644245142208,2459313.7230247,1.7657515257586776,0.05615860456035409,15.782741646805894,0.03456996105520469,17.779099841881553,1.58,bs336367,bs,G,g
644245142208,2459314.5945053,1.7779968406248134,0.0417271984706805,15.775238159971812,0.025509410070532305,18.10159254263962,1.53,bj373727,bj,G,g
644245142208,2459314.7339144,2.8801025327858234,0.06784705740249891,15.251545749559106,0.025605616704597878,17.573813069940996,1.48,bk373852,bk,G,g
644245142208,2459315.715806,1.6656799760954,0.045556641089893275,15.846086709987082,0.02972845255501363,18.00626137175577,1.44,bs336999,bs,G,g
644245142208,2459317.5038251,1.5704109079183515,0.06652745429516203,15.910032364360214,0.046046833956777354,17.595138348247033,1.49,bn294126,bn,G,g
644245142208,2459317.7517245,2.842724696761211,0.0599917742716605,15.265728615921745,0.02293871452609421,17.707411345205117,1.55,bs337736,bs,G,g
644245142208,2459318.7679536,1.4491427288837628,0.05532995661115617,15.997287717068843,0.04150126553259841,17.79523978732298,1.54,br336673,br,G,g
644245142208,2459319.5320272,2.8494927356113866,0.06829948734112656,15.263146736938744,0.02605325932896196,17.56659700179016,1.50,bG225614,bG,G,g
644245142208,2459319.7588109,1.5926403094549852,0.05901054051548862,15.894771363660453,0.04027393472579595,17.725316629843032,1.58,bj375965,bj,G,g
644245142208,2459320.7650385,2.653582207544997,0.0699861842333595,15.34048425591674,0.028667639980321378,17.540109822242556,1.54,bj376375,bj,G,g
644245142208,2459321.2944224,3.1959393312319686,0.06048177025562343,15.138569306097608,0.020570182288265095,17.69857937606755,1.59,bn295386,bn,G,g
644245142208,2459321.3361675,2.7114552134149728,0.04575867789802513,15.317059533902668,0.01834354228730775,18.001456941619573,1.55,bo295377,bo,G,g
644245142208,2459324.7004197,1.0631540739090637,0.10738601941051942,16.333575103025545,0.10979023361373383,17.07527125086586,1.60,bj378008,bj,B,g
644245142208,2459324.7104795,1.8022682509217205,0.0760698316932604,15.760517041877904,0.045878075932537024,17.449609473025262,1.46,bG227707,bG,B,g
644245142208,2459326.4867029,1.6397651961964763,0.08194225160010754,15.863111461456983,0.05431732847441989,17.368870878250384,1.62,bj378459,bj,G,g
644245142208,2459327.5924933,1.9022757061506606,0.07962098446288371,15.701881968299304,0.045495270769318794,17.40007175380067,1.52,bk378888,bk,B,g
644245142208,2459329.5827571,1.3393939900814518,0.10794333417845144,16.082794757516034,0.08759910223010563,17.069651040132456,1.51,bk379702,bk,B,g
644245142208,2459329.5858068,1.7519700164982621,0.128744673606778,15.791248949010265,0.07987571779097387,16.87831743504329,1.54,bG228998,bG,G,g
644245142208,2459331.6359774,1.273446279038903,0.13834773591367594,16.137614050385853,0.11808741074865478,16.80021047087847,1.62,bF228469,bF,B,g
644245142208,2459332.656132,3.544897905871193,0.12247222605417864,15.02605629256439,0.03755312236807071,16.932546582323678,1.52,bG230257,bG,G,g
644245142208,2459336.4203469,1.937985045817481,0.0663153196731744,15.681689568390109,0.037194233962505416,17.598605942731425,1.76,bo299228,bo,G,g
644245142208,2459336.4604794,2.2198211406262933,0.0762151436718032,15.534270664498365,0.03731946955238852,17.447537429823427,1.69,bn298687,bn,G,g
644245142208,2459340.592887,2.3803038592447825,0.0527697498389177,15.458484620428845,0.024097101517178806,17.846678023044817,1.50,bk383266,bk,G,g
644245142208,2459341.6635115,3.3106952049837695,0.07507222024231007,15.100267622747838,0.02464746355115325,17.463942460922183,1.59,bG232751,bG,G,g
644245142208,2459342.6685987,1.702341908676976,0.06071015297772269,15.822448645162561,0.03876383256416536,17.69448729341328,1.49,br341192,br,B,g
644245142208,2459343.6776774,1.7180514125992135,0.07713550444389128,15.812475232458533,0.04880118196584153,17.43450480137147,1.52,bs342772,bs,G,g
644245142208,2459346.4636034,3.359357274688176,0.07933087015122253,15.084425136216042,0.025668364402864966,17.40403506661916,1.68,bG234047,bG,G,g
644245142208,2459347.5179302,1.7389961108128,0.09662385018659023,15.799319095473304,0.060394571018776017,17.18992976419325,1.57,bF233096,bF,B,g
644245142208,2459348.6826559,1.6020043708207172,0.055179330288182935,15.888406380644629,0.037439056980357106,17.798199548590233,1.54,bF233393,bF,G,g
644245142208,2459349.5772288,2.361716756209914,0.06759231537257365,15.466996095048717,0.03110868728033738,17.577897302837908,1.46,bG235079,bG,G,g
644245142208,2459350.6488123,3.3437911748979543,0.06903442478644545,15.089467754208503,0.02244082070957267,17.55497633508605,1.59,bj386368,bj,G,g
644245142208,2459350.6500541,3.377118325559518,0.08638510035059786,15.078699928616931,0.027803837223149365,17.311543506215102,1.59,bj386369,bj,G,g
644245142208,2459350.6521991,3.434214106366926,0.08310355911231285,15.060497202794936,0.026302948144494798,17.35359155168894,1.43,bG235431,bG,G,g
644245142208,2459350.6763494,3.0666645719907475,0.06497759629596662,15.183399932326061,0.023030827272701927,17.62073150761269,2.18,bF234084,bF,G,g
644245142208,2459352.5169156,2.5026169702152243,0.06263619766183176,15.404079659319587,0.02720465191267931,17.660577146568347,1.60,bj387124,bj,G,g
644245142208,2459352.5335871,2.53257214080024,0.0629563365386373,15.391161059358163,0.027020276928361304,17.65504199077054,1.58,bF234807,bF,G,g
644245142208,2459353.4493435,1.5629721504961955,0.10325782869239278,15.915187523033335,0.0718098337722694,17.117833140305926,1.62,bk387518,bk,B,g
644245142208,2459354.627336,1.5338541050216927,0.09221517436587574,15.9356054898686,0.06534773082533957,17.240634631988165,1.70,br343732,br,B,g
644245142208,2459355.6240201,1.9870640046989974,0.14060825357457668,15.65453598163413,0.0769150152545726,16.782613576149995,1.74,bs345341,bs,B,g
644245142208,2459356.5791839,2.373268670344575,0.08165487800867222,15.461698356971452,0.0373979159175657,17.3726852756567,1.54,bk387805,bk,B,g
644245142208,2459357.4899484,1.4357448056461808,0.09260780096491647,16.007372487956474,0.07011040738359578,17.236021682174727,1.68,bj388149,bj,G,g
644245142208,2459357.6454666,1.585113916051459,0.15039861363252147,15.899914425401299,0.10313249558468063,16.709531029023218,1.42,bG237528,bG,G,g
644245142208,2459359.5701004,2.300801839767434,0.16449246133530593,15.495367582348402,0.07771036624492847,16.61227561371352,1.44,bG238292,bG,G,g
644245142208,2459360.3432393,2.0411116619403153,0.13104163190958387,15.62539871211133,0.06978381392816997,16.8591173792453,1.61,bn304353,bn,B,g
644245142208,2459360.5870785,1.2000462022757832,0.12621871958863348,16.202070705064926,0.1143241486554857,16.89983118591619,1.51,bk389540,bk,B,g
644245142208,2459361.5307512,2.8383843314752792,0.09388757362363882,15.267387620396498,0.03595415509055976,17.221120322571508,1.58,bk389927,bk,G,g
644245142208,2459363.5952991,1.4552448307162247,0.09907305399579652,15.992725459107692,0.07399998948379251,17.16275173487129,1.59,bk390450,bk,G,g
644245142208,2459363.6336434,1.640838908342912,0.08577896207576355,15.86240075808934,0.0568233735695761,17.319188643997897,1.62,bF238260,bF,B,g
644245142208,2459364.6073972,1.7200667082960643,0.16692772031184094,15.811202396753057,0.10548612642572601,16.596319455501657,1.37,bG240017,bG,B,g
644245142208,2459366.5690525,1.6556745915421662,0.07069891780220103,15.852628162211717,0.04641410225026335,17.529108696332166,1.60,bF239449,bF,B,g
644245142208,2459366.5806988,1.628626938428516,0.06065170065945048,15.87051158728887,0.04047935105996213,17.695533154220538,1.46,bG240817,bG,G,g
644245142208,2459367.6040876,1.8164911250934557,0.05445103347598832,15.751982421399154,0.03258254617077537,17.81262529383623,1.47,bG241259,bG,G,g
644245142208,2459367.631901,1.9499495340284558,0.04767834585719542,15.675007193076675,0.02657724626757245,17.956837662268715,1.55,bF239921,bF,G,g
644245142208,2459368.5624898,2.892100659887185,0.06201953833210271,15.24703211089822,0.023309196184049367,17.67131928878205,1.45,bG241647,bG,G,g
644245142208,2459368.5637538,2.7659829063355774,0.049000998598454595,15.29544189263486,0.019256068024253475,17.92712828476991,1.55,bj392572,bj,G,g
644245142208,2459369.6037033,1.687619803684128,0.05698469737104994,15.831879089662229,0.036702513392872414,17.763244995926186,1.44,bG242102,bG,G,g
644245142208,2459369.6195876,1.4861370046388882,0.05422557323590561,15.96991850178955,0.03966043526931239,17.817130232000707,1.59,bF240758,bF,G,g
644245142208,2459370.5633349,2.2658873165459505,0.10048696799485572,15.511969851203329,0.0482040586988672,17.14736625543169,1.43,bG242485,bG,B,g
644245142208,2459371.2638377,1.846527841356219,0.04186603434158911,15.734175971808078,0.024644393681885396,18.09798604806836,1.54,bn306665,bn,G,g
644245142208,2459373.5695672,2.1299882635502896,99.99,15.57912259618467,99.99,99.99,1.68,bj394704,bj,G,g
644245142208,2459373.5785167,2.143072557295869,0.06770950357804673,15.572473434645254,0.03434194808165618,17.576016537150416,2.46,bG243690,bG,G,g
644245142208,2459374.5217156,1.5761420539261917,0.05637849248658316,15.906077230172402,0.03888035976291628,17.774856963886986,1.54,bk395127,bk,G,g
644245142208,2459374.6060317,3.480533958084258,0.06583397703650072,15.045950933923804,0.020559681805614575,17.60651538230855,2.02,bF242778,bF,G,g
644245142208,2459375.5467134,1.4001011654054103,0.05332798336329211,16.03466707953308,0.041400722133633765,17.835252709367648,1.52,bF243157,bF,G,g
644245142208,2459375.5524167,1.586103163513457,0.05467515189725091,15.899237043946265,0.03746888241503104,17.808165615796426,1.50,bk395585,bk,G,g
644245142208,2459376.5035308,2.4234869578811655,0.050965474315357535,15.4389639050644,0.022858490948529542,17.884450435510967,1.42,bG244898,bG,G,g
644245142208,2459376.5745568,1.9623756900166414,0.05470498016465419,15.668110234343764,0.030300994485452676,17.80757344919291,1.54,bj396024,bj,G,g
644245142208,2459377.5290898,1.6299105309682167,0.049104020912662166,15.869656207857037,0.032746543298255174,17.924847971324034,1.56,bF243983,bF,G,g
644245142208,2459377.5748598,3.1655323417305414,0.07002397297848317,15.148948734791123,0.024044301523527403,17.539523741767734,1.48,bG245378,bG,G,g
644245142208,2459378.5310106,1.7689637317020839,0.07713864670181367,15.780768300159309,0.04739857217422467,17.43446057279311,1.41,bG245768,bG,G,g
644245142208,2459380.5497735,2.257121381012344,0.06057330859536157,15.516178335480145,0.029170142720244385,17.696937371296443,1.63,bj397772,bj,B,g
644245142208,2459380.55402,2.4137626967665367,0.06862500814666696,15.443329194157577,0.030902955066520903,17.56143458890602,1.44,bG246607,bG,G,g
644245142208,2459382.4542462,2.879158184634709,0.10529906976447755,15.251901806711945,0.03975311645757455,17.096579275072454,1.80,bj398081,bj,B,g
644245142208,2459382.5265055,2.1223456184182483,0.1117011250072341,15.583025349677225,0.05720758450393163,17.03249674351499,1.45,bk398158,bk,B,g
644245142208,2459384.2275683,2.8416956311349297,0.06152890981981643,15.26612172331187,0.023534979985677686,17.679942560819153,1.54,bn309482,bn,B,g
644245142208,2459384.4658018,1.8127895130481675,0.07621612941025221,15.75419717192844,0.045699524587875275,17.447523387404164,1.49,bk398693,bk,G,g
644245142208,2459385.482623,2.71439545618201,0.08115696105740611,15.315882823178463,0.03249861323815933,17.379326170440006,1.55,bF246588,bF,G,g
644245142208,2459385.5304058,1.9977229153819718,0.09957905023475673,15.648727493970714,0.054180736101013184,17.157220662080913,1.61,bk399181,bk,G,g
644245142208,2459385.539219,2.1299882635502896,99.99,15.57912259618467,99.99,99.99,1.60,bj399168,bj,G,g
644245142208,2459387.5726825,1.1512986316305527,0.16103791304522935,16.247095651071884,0.1520380594771184,16.63532027713956,1.59,bF247489,bF,B,g
644245142208,2459388.5426479,2.553662731490871,0.11407233177172216,15.382156776342546,0.04855444042795534,17.009689813630786,1.55,bG249249,bG,G,g
644245142208,2459388.5583612,2.1996558664001515,0.1490203528145353,15.544178769106145,0.07363817533363144,16.71952664324028,1.50,bF247899,bF,B,g
644245142208,2459390.5215214,1.716374324919495,0.1459523625093776,15.813535598933932,0.0924296466041828,16.74211278833796,1.52,bk401041,bk,B,g
644245142208,2459390.5607086,1.4729778469088686,0.1720745687644817,15.979575084160011,0.12697921773671703,16.563348886834326,1.64,bF248440,bF,B,g
644245142208,2459392.5376279,2.5340150921589113,0.1151072899387178,15.390542629435956,0.049374851746447325,16.999883538686056,1.53,bG250236,bG,G,g
644245142208,2459392.5535893,3.142606856381406,0.10992175332864716,15.156840488051671,0.03801944440455716,17.0499314937655,2.00,bF248886,bF,B,g
644245142208,2459394.523724,2.331385433817521,0.0569429023661653,15.48103042545806,0.02654835969885469,17.76404161328882,1.53,bk402390,bk,G,g
644245142208,2459394.5430081,2.1664329471356174,0.04620350644175323,15.560702492756139,0.023181517212651482,17.99095327154979,1.60,bj402385,bj,G,g
644245142208,2459395.5260531,2.5259420023391286,0.06908605620753622,15.394007185824654,0.029728924609701193,17.554164607449582,1.47,bG251473,bG,G,g
644245142208,2459395.5578255,3.2943757961261424,0.07068046640657866,15.105632776003205,0.02332053131598848,17.52939209477079,1.62,bF250135,bF,G,g
644245142208,2459396.5218822,1.5780569592511502,0.062189770357217525,15.904758935234934,0.04283595473468469,17.668343228605085,1.50,bk403263,bk,G,g
644245142208,2459397.5151269,2.043926935395671,0.10114242037769344,15.62390220492891,0.05378735000267145,17.14030725579779,1.47,bG252293,bG,B,g
644245142208,2459397.5326793,2.1659218881355544,0.06932551424761997,15.56095864687223,0.03479064515075139,17.55040786193805,1.56,bF250942,bF,B,g
644245142208,2459398.5066856,1.710360589459634,0.13305907234553788,15.817346420127198,0.08456078054758906,16.842529383121082,1.49,bG252695,bG,G,g
644245142208,2459401.4961645,1.40593786483512,0.06570924766223744,16.03015030342394,0.05080103258575853,17.60857437452697,1.42,bG253901,bG,G,g
644245142208,2459401.533765,2.8759880859767524,0.05364062353500662,15.253097915749617,0.02027304141690392,17.828906067490358,1.57,bF252565,bF,G,g
644245142208,2459402.5101074,1.6361974199485652,0.06710408425233094,15.865476363519813,0.04457849714473702,17.58576822628538,1.66,bG254296,bG,G,g
644245142208,2459402.5265122,1.45201297400618,0.06531888689075357,15.995139380073628,0.04889680145402269,17.615043673321424,1.71,bj405831,bj,G,g
644245142208,2459403.5078993,2.1458526881631013,0.04660098228687246,15.571065860958822,0.023605181238944246,17.98165293359743,1.53,bk406272,bk,G,g
644245142208,2459403.5266502,2.2256211214977517,0.05009791573184206,15.531437536804471,0.024466992923583338,17.90309146668371,1.59,bF253368,bF,G,g
644245142208,2459404.496705,1.444220074592451,0.05251307486922595,16.000982178847472,0.03952266708506168,17.85197198928006,1.46,bk406695,bk,G,g
644245142208,2459405.2436981,2.6436418226411487,0.0561058386414111,15.344559087710184,0.023068407640032724,17.780120465529762,1.45,bo313034,bo,G,g
644245142208,2459405.5281411,1.5915602975430394,0.053780744011702915,15.89550788012035,0.036729573197915456,17.826073596365944,1.53,bF253961,bF,G,g
644245142208,2459408.4764656,1.5242971918899961,0.06872270116481186,15.942391498384143,0.04900526525933031,17.55989005838314,1.53,bG256515,bG,G,g
644245142208,2459408.4803943,1.4502509119883167,0.057005961838779165,15.99645775416919,0.042725711452041605,17.762839917072945,1.63,bF255158,bF,G,g
644245142208,2459409.5148469,2.2753920635343716,0.052195177480079374,15.507425024899034,0.02493367603523183,17.858564664786243,1.58,bF255590,bF,G,g
644245142208,2459410.4800027,1.562923866439437,0.050112081020138484,15.915221064615178,0.03485112387902095,17.902784515941164,1.51,bk409015,bk,G,g
644245142208,2459411.4654862,1.566998970071905,0.06164596295948422,15.91239384472313,0.042761024581034354,17.677879008943563,1.66,bF256387,bF,G,g
644245142208,2459412.4740035,2.5531840889166597,0.07878908698388065,15.382360299021709,0.033542552732787355,17.41147544179495,1.59,bG258160,bG,G,g
644245142208,2459412.5058464,2.0471284957366325,0.08487757255424305,15.622202863161476,0.04506714220888357,17.330658235144774,2.09,bF256824,bF,G,g
644245142208,2459413.4980412,2.0843640079124586,0.07257039835516371,15.602631709006427,0.037844094159135366,17.500741843872866,1.52,bF257233,bF,B,g
644245142208,2459415.2093211,1.809291830880829,0.17621860563714398,15.756294066493536,0.10586570910222921,16.537511210233983,2.00,bo315784,bo,B,g
644245142208,2459415.469962,2.77827915162334,0.09835339728533428,15.290625922378991,0.03847916670001609,17.170667197072426,1.59,bj411132,bj,G,g
644245142208,2459415.4964612,2.1417023228276895,0.10176130594097774,15.573167853028222,0.05164588653347405,17.133683931932296,1.58,bF258058,bF,B,g
644245142208,2459416.4592786,1.5020834280972315,0.11907393206928567,15.958330485425368,0.08616577788610968,16.9630988735119,1.49,bG259803,bG,G,g
644245142208,2459417.4592795,1.6631674679302098,0.12615174021297143,15.847725668601784,0.08244597095437159,16.900407496906734,1.68,bk411997,bk,G,g
644245142208,2459417.4834913,1.2790480758359002,0.13012636272026853,16.132848450534684,0.1105835670145164,16.86672738494793,1.55,bF258876,bF,B,g
644245142208,2459419.4599683,2.153391987456543,0.183691103622582,15.5672578903919,0.09272080709460395,16.492420302892967,1.55,bk412853,bk,G,g
644245142208,2459419.4752993,1.4334460949644474,0.17053903935565207,16.00911220764183,0.12931670168130724,16.573081080745677,1.58,bF259693,bF,B,g
644245142208,2459420.2036583,3.115832594883691,0.15884073123967465,15.16613033183426,0.05541150350063068,16.650235917152564,1.68,bo316379,bo,G,g
644245142208,2459420.4565462,1.483477727919904,0.15234700280812105,15.97186304614569,0.11162592140961188,16.69555582501753,2.25,bF260079,bF,B,g
644245142208,2459422.4732087,1.473244080376566,0.06388154554624444,15.97937886043843,0.04713167592196773,17.63920207422231,1.65,bF260912,bF,G,g
644245142208,2459423.4613569,1.578931723909194,0.1200531387172703,15.904157245599965,0.08264609552648029,16.95420681416695,2.04,bj414517,bj,G,g
644245142208,2459424.4619011,2.2635560235781202,0.12212672670314753,15.51308750262869,0.058645087943880195,16.935613818707044,2.31,bj414934,bj,G,g
644245142208,2459426.4627936,1.3946692763993556,0.09265490990021846,16.03888753778042,0.07221200057350063,17.23546951625328,2.00,bF262529,bF,G,g
644245142208,2459427.4629281,2.2895813517507833,0.11722918870593173,15.500675424342989,0.0556534193924416,16.9800512128761,1.63,bF262938,bF,G,g
644245142208,2459502.8783826,2.878626841597747,0.13142251440810837,15.252102195705763,0.04962454913397554,16.855966181533145,1.72,bk442209,bk,G,g
644245142208,2459507.6175282,3.9646898479103108,0.2863881571407429,14.904542575436672,0.07851597151213614,16.010252974304173,1.56,bo334937,bo,G,g
644245142208,2459507.8697235,1.3985745636525277,0.270663934586763,16.0358515589928,0.21035698527958405,16.071564634496912,1.49,bG290244,bG,G,g
644245142208,2459509.8669871,1.6393297626721712,0.18552121651899,15.863399812938603,0.12300972068462324,16.481656652841803,1.62,bG290889,bG,G,g
644245142208,2459512.8725365,1.2314974740200746,0.18503197530850024,16.173981808844566,0.16331475827986114,16.484523648541515,1.56,bj445675,bj,G,g
644245142208,2459513.8730607,1.3815789312115414,0.23103719918002139,16.04912636800651,0.18176839899610134,16.243435833811837,1.75,bj446021,bj,G,g
644245142208,2459514.8736159,2.2159952609785325,0.2999932828058235,15.536143554042281,0.14714817353884227,15.959861785251565,1.57,bj446358,bj,G,g
644245142208,2459515.8668603,1.856394898066258,0.1202918194652321,15.728389706841593,0.0704332778633468,16.95205037688123,1.54,bj446679,bj,G,g
644245142208,2459517.8380686,3.449603461833229,0.09689689048695133,15.05564268476969,0.03053183017014431,17.186866010560028,1.54,bG293392,bG,G,g
644245142208,2459517.8683871,2.818720451068897,0.16107831118592777,15.274935606049747,0.06211510644408696,16.635047942367876,1.59,bj447329,bj,G,g
644245142208,2459520.8519078,3.0234892630985963,0.06493196161507689,15.198794545546075,0.023343300738065544,17.621494303331023,1.51,bF292787,bF,G,g
644245142208,2459521.8478362,1.5808245206523752,0.06516290571321202,15.902856462856567,0.04480525473581218,17.617639506640533,1.52,bk448413,bk,G,g
644245142208,2459522.8612777,1.7905420063415292,0.08542466821766065,15.7676043371052,0.05185742635901994,17.323682359666527,1.63,bF293429,bF,G,g
644245142208,2459523.5827622,1.3184282559051792,0.08707770263993904,16.099924367186564,0.07178978177888021,17.30287320498322,1.47,bo337545,bo,B,g
644245142208,2459524.8545673,1.4907124752626202,0.10210918335699483,15.966580907426437,0.07445315218133483,17.12997860436603,1.42,bG295359,bG,G,g
644245142208,2459524.8612464,1.6413497863663287,0.11362419157292096,15.862062764864506,0.07524572585526758,17.01396359576632,1.56,bj449363,bj,G,g
644245142208,2459529.5909766,1.606705484449885,0.0633012610058641,15.885224931930214,0.042824101336900004,17.649109707550707,1.47,bn337867,bn,G,g
644245142208,2459529.8053205,3.342114047164433,0.0940461685697984,15.090012457813476,0.030586657076604108,17.21928784359458,1.45,bG296906,bG,G,g
644245142208,2459530.8215897,1.588164784059113,0.060782777592080506,15.897826717900326,0.04160036614353732,17.693189256034696,1.59,bk451370,bk,G,g
644245142208,2459532.8231152,2.931858454655806,0.10250964462860507,15.232208123667307,0.03800440181321911,17.12572879157411,1.45,bG297909,bG,G,g
644245142208,2459532.8470528,2.913254655538436,0.06295380278188296,15.239119499400617,0.023488522148915822,17.655085688465697,1.49,bF296575,bF,G,g
644245142208,2459534.8186114,2.1475665877478898,0.19062910797889196,15.570199026014556,0.09648387776802854,16.45216757229416,1.41,bG298538,bG,G,g
644245142208,2459535.5785659,1.7879257795141335,0.09997170510334742,15.769191906345693,0.06077707368870432,17.152947862849523,1.52,bn339024,bn,G,g
644245142208,2459535.8073751,3.2623780625438865,0.15300585713106082,15.116229902070788,0.050978369485236485,16.690870471146365,1.48,bG298856,bG,G,g
644245142208,2459535.8384305,2.8159322756004244,0.09840988906803078,15.27601010822238,0.037986450048168294,17.17004375581398,1.53,bF297527,bF,G,g
644245142208,2459537.5722529,2.4118549795650805,0.15507544460173234,15.444187644984348,0.06988822599186455,16.676283024036483,1.56,bn339327,bn,G,g
644245142208,2459537.8048505,1.7958022085843743,0.14005300392405165,15.764419368918857,0.08477076443981413,16.786909540902215,1.47,bG299455,bG,G,g
644245142208,2459538.8013648,3.1898241803026854,0.1556000261688213,15.140648757608467,0.05302187633768915,16.672616447208817,1.46,bG299767,bG,G,g
644245142208,2459539.8191016,1.4405931161593886,0.09706348918636366,16.003712284333293,0.07323635758800925,17.18500086382846,1.53,bF298746,bF,G,g
644245142208,2459542.0068203,1.9701066946124404,0.16325420502040183,15.663841255321547,0.09007137701401034,16.620479670362503,1.56,bs392228,bs,G,g
644245142208,2459542.8012335,1.556583756272779,0.09219825575807415,15.919634387139608,0.06438169162780924,17.24083384898731,1.54,bF299664,bF,G,g
644245142208,2459545.7963897,1.567257795022273,0.10135774364443229,15.912214525898278,0.07029568513424614,17.13799827638867,1.62,bj456128,bj,G,g
644245142208,2459545.8269706,1.4976391640755922,0.07881062277615507,15.961547650835879,0.05719917217959478,17.411178712955135,1.47,bk456179,bk,G,g
644245142208,2459548.8508487,1.6051485965645829,0.09034238747139955,15.88627751379326,0.06117704458122439,17.26291170283154,1.70,bj457086,bj,G,g
644245142208,2459548.9910039,2.994534096652111,0.07418100186838834,15.209242466147293,0.026926233319611678,17.47690887520449,1.51,bs393805,bs,G,g
644245142208,2459550.7895769,3.248552868979852,0.06252904227359389,15.120840774435354,0.02092203914745837,17.66243616929747,1.48,bF302111,bF,G,g
644245142208,2459551.7710474,1.7131771981173651,0.056368461140374714,15.81555990870302,0.035763998332606566,17.77505016459777,1.52,bF302394,bF,G,g
644245142208,2459551.7771527,1.4557159837139166,0.06577133476391965,15.992373995859197,0.04911025369298939,17.60754897263246,1.55,bj457957,bj,G,g
644245142208,2459553.7639825,3.2968042603962484,0.07118553484493448,15.10483271541414,0.02346987423023099,17.521661230413876,1.60,bj458562,bj,G,g
644245142208,2459553.8320035,2.8007356989198646,0.07210417244573476,15.281885304629338,0.027983397546123386,17.507739619625298,1.41,bG304363,bG,G,g
644245142208,2459554.7877649,1.8085147438559017,0.050822160051685626,15.756760488073994,0.030545218668922892,17.887507812539432,1.55,bk458905,bk,G,g
644245142208,2459556.7514156,3.43339155748863,0.0709182766780073,15.060757285026016,0.022451585277982203,17.52574517730968,1.49,bk459470,bk,G,g
644245142208,2459556.7706759,3.30800468372398,0.06547394633036227,15.101150332812185,0.02151367358031325,17.612469316268367,1.69,bj459458,bj,G,g
644245142208,2459557.8565057,1.7968182028009547,0.1457904234335282,15.763805275801378,0.0881935920457376,16.743318118129434,1.60,bk459826,bk,G,g
644245142208,2459558.7701637,1.8767943872253312,0.048069170959418414,15.71652388237074,0.02783954343884125,17.94797403146146,1.46,bF304414,bF,G,g
644245142208,2459559.5303519,1.5649318444850728,0.06305761445214503,15.913827052254323,0.04379800022321321,17.653296769384347,1.43,bo342483,bo,G,g
644245142208,2459559.7843558,3.1489589996207448,0.06198729837536459,15.154648107205945,0.021396753099105697,17.67188383973728,1.49,bF304724,bF,G,g
644245142208,2459560.7875407,1.6202673419897708,0.05915222211314728,15.87609892609261,0.039682274606787055,17.722712951485768,1.57,bj460690,bj,G,g
644245142208,2459560.8350982,1.55985713019135,0.0529442644049751,15.917353566157228,0.036893195132947254,17.84309331469555,1.44,bk460747,bk,G,g
644245142208,2459562.7542831,3.292434599922239,0.11968349868751664,15.106272729769417,0.03951202537053442,16.957554920534076,1.57,bj461232,bj,G,g
644245142208,2459562.7580513,3.2825153689285598,0.08166175507457121,15.109548701886252,0.02704108504568605,17.372593837579725,1.55,bk461262,bk,G,g
644245142208,2459563.495533,2.4001320197577174,0.13402206677739767,15.449477795216367,0.060695061080579635,16.834699833988143,1.50,bo343160,bo,G,g
644245142208,2459569.9473536,3.2757332400697177,0.1827073989536836,15.111794303086016,0.060626120721134436,16.498250273990067,1.48,bs399837,bs,G,g
644245142208,2459572.931866,2.93298819034218,0.10716130384106308,15.231789836531798,0.03971365396957934,17.077545638772943,1.56,bs401050,bs,G,g
644245142208,2459572.9956385,2.7344049345547763,0.21604375803035575,15.307908549500342,0.08587980836509189,16.316286303629123,1.49,br399605,br,B,g
644245142208,2459577.7074537,2.8684670382948876,0.05756566355834687,15.255940962916046,0.02181352359906504,17.752231823613528,1.51,bF308004,bF,G,g
644245142208,2459578.6833044,1.6068608055478548,0.07053402630256166,15.885119978290339,0.04771254587166883,17.5316439228474,1.58,bk465528,bk,G,g
644245142208,2459579.9552482,2.11200243419666,0.06916222828596502,15.588329586257569,0.03559481460637377,17.55296816885342,1.71,br402020,br,G,g
644245142208,2459580.4930619,1.599372135373523,0.039994222804846796,15.890191808858376,0.027180654425659027,18.147647457196086,1.71,bn344048,bn,G,g
644245142208,2459581.5041343,2.1594434503201843,0.057250368949009124,15.564211033293178,0.028816990735214727,17.758194886881697,1.40,bo344899,bo,G,g
644245142208,2459581.8229107,1.5391935965720345,0.061629144862889465,15.93183250247099,0.04352162137830742,17.678175257177354,1.57,bj466488,bj,G,g
644245142208,2459583.4809909,1.5560177789833025,0.06174261781491806,15.920029235008226,0.04313031766707851,17.676178013653463,1.47,bo345332,bo,G,g
644245142208,2459583.7202766,3.192037067191814,0.07025717608560665,15.1398958075158,0.023924062953444285,17.535913886966885,1.55,bj467042,bj,G,g
644245142208,2459583.867342,1.8678371320775882,0.13327936228916315,15.721718110271475,0.07755969166985191,16.840733346268898,1.48,bG310729,bG,G,g
644245142208,2459584.9269625,3.241922213747303,0.0664915376510957,15.12305914669932,0.02229338205088559,17.59572467056377,2.16,bs404478,bs,G,g
644245142208,2459584.9307303,3.3344702431545454,0.06298551629105795,15.092498506972955,0.02053175248698676,17.654538877413,1.67,br403003,br,G,g
644245142208,2459586.5242837,1.5670749947221014,0.06751694706858176,15.912341170334383,0.0468311894397402,17.579108620305632,1.63,bo346182,bo,G,g
644245142208,2459587.7778633,1.58675318757927,0.044560278732659137,15.898792173713263,0.030524649931769954,18.030270864529058,1.48,bF310875,bF,G,g
644245142208,2459587.8964587,3.0621639376778695,0.05925502636576756,15.184994528255288,0.021033373348044,17.720827622191262,1.52,bs405762,bs,G,g
644245142208,2459591.0094083,2.5026948989533455,0.056601331993609026,15.404045851215482,0.024582775541399274,17.77057398264696,1.59,br404847,br,B,g
644245142208,2459592.6552438,2.1185679747542876,0.1514666167295744,15.584959614778045,0.0777117509760653,16.701848299440698,1.41,bG312685,bG,G,g
644245142208,2459593.4624558,2.1826564043916123,0.09096918285902418,15.552602187065057,0.04530238767171293,17.255404877369735,1.52,bn346474,bn,G,g
644245142208,2459593.9124124,3.4304630872286817,0.11244270059506778,15.061683745897723,0.03562793816053146,17.025312442097025,1.51,bs407524,bs,G,g
644245142208,2459594.9816717,1.4329332048681862,0.10288230680814948,16.00950075590727,0.0780417356348241,17.12178887804152,2.27,br406241,br,G,g
644245142208,2459596.4095596,2.520854036790462,0.1954788409758136,15.396196372878572,0.0842877048649717,16.42489122303012,1.60,bo347400,bo,G,g
644245142208,2459597.7846452,1.52017182739913,0.14665749862189076,15.945333923022755,0.10486335933599536,16.736879927861768,1.42,bk470505,bk,G,g
644245142208,2459597.7999489,1.4470134900864284,0.11804074257516624,15.998884172434211,0.08866894182537528,16.972560779160528,1.53,bF311706,bF,G,g
644245142208,2459601.493074,2.2883560339609637,0.09474440768645886,15.50125663452846,0.045003072207628426,17.211256648815212,1.64,bn347789,bn,G,g
644245142208,2459601.7955708,2.3758511687372583,0.11547962021350781,15.460517543525993,0.052832150418640735,16.99637724415673,1.53,bk471742,bk,G,g
644245142208,2459602.477157,2.134541191731887,0.0875585160713032,15.576804272020457,0.044586771361523475,17.296894629942102,1.52,bn348085,bn,G,g
644245142208,2459602.6758586,1.6984984512411927,0.11978586909684573,15.82490273428435,0.07665713885806603,16.956626640917328,1.47,bG314902,bG,G,g
644245142208,2459602.9247283,2.9158768228853864,0.11045223951317991,15.238142687597318,0.041173475208991166,17.04470429647457,2.19,br408946,br,G,g
644245142208,2459604.4119719,1.6297297381369291,0.058726376007027334,15.86977664649841,0.039167854586684564,17.730557607832637,1.63,bn348573,bn,G,g
644245142208,2459604.5019273,1.4668976895025891,0.09550842400668842,15.984066060976582,0.07077078728667047,17.20253641446521,1.45,bo349222,bo,G,g
644245142208,2459605.353156,2.5212474473888866,0.05191363646504562,15.396026943472103,0.022380931225657687,17.864436982541726,1.46,bo349432,bo,G,g
644245142208,2459605.4495724,2.1201644731117115,0.05277663254064424,15.584141740014408,0.0270572899711353,17.846536420873463,1.51,bn348911,bn,G,g
644245142208,2459606.6860755,1.8007472208858195,0.05845773666880976,15.761433739288462,0.03528591763535502,17.735535619950692,1.44,bk473286,bk,G,g
644245142208,2459606.6975057,1.8437209021807281,0.057775298342012324,15.7358276740574,0.03406114084512258,17.74828511948902,1.51,bj473262,bj,G,g
644245142208,2459607.7414856,3.0076510695236314,0.07429162130538149,15.204496996082318,0.026848780135006835,17.475291020715908,1.47,bG316480,bG,G,g
644245142208,2459607.7453704,2.7872665951366074,0.052700949945704845,15.287119347557203,0.02055190606642484,17.848094502611033,1.48,bF314490,bF,G,g
644245142208,2459608.3912803,2.385425518030735,0.053905115055075524,15.456150970289311,0.024562710477157558,17.82356566810454,1.47,bo350215,bo,G,g
644245142208,2459608.4491213,2.0937015197945485,0.03138160228407356,15.597778701544222,0.016291929361853138,18.41095282630353,1.64,bn349678,bn,G,g
644245142208,2459608.7690697,1.335005574813471,0.06433778239391916,16.086357924124993,0.052383580628174144,17.631475392730206,1.53,bk473999,bk,G,g
644245142208,2459609.4356149,2.5178729244968685,0.0528243587376439,15.397481102910632,0.02280408223859943,17.84555502736761,1.46,bo350521,bo,G,g
644245142208,2459609.4963561,3.2391736160477906,0.05092952912310259,15.123980056462718,0.017090218182563323,17.885216459298594,1.54,bn349990,bn,G,g
644245142208,2459609.8209728,1.7175323660106954,0.04291683162641474,15.812803297622253,0.027160320790380485,18.071071480697842,1.40,bk474371,bk,G,g
644245142208,2459610.8781656,2.0107570478159835,0.05826881126118183,15.641666623272952,0.03149841721709797,17.73905021603555,1.59,bF315541,bF,G,g
644245142208,2459610.9373501,1.7116119261557219,0.04440089253530011,15.8165523625422,0.028196718528760635,18.034161360746864,1.48,br411903,br,G,g
644245142208,2459610.9448499,1.6933092756137547,0.06546174930009126,15.828224903877121,0.042020720225722334,17.612671595063777,1.49,bs413387,bs,G,g
644245142208,2459612.8010691,1.5607301245680518,0.13441271708644487,15.916746089712134,0.09361053339200638,16.831539710868075,1.50,bk475218,bk,B,g
644245142208,2459613.7062982,3.2788431412934664,0.06880926014890801,15.110764020605881,0.02281068988417517,17.558523390818866,1.47,bk475391,bk,G,g
644245142208,2459613.8021731,2.3078630286992325,0.04488732574306374,15.492040547430562,0.021141016972463674,18.022331281031548,1.51,bF316235,bF,G,g
644245142208,2459614.7588593,1.5110599894020522,0.056997586215470526,15.951861356621428,0.04100029019020621,17.762999451010884,1.66,bj475702,bj,G,g
644245142208,2459616.3689369,1.8215808591054936,0.05150043423579695,15.748944486955414,0.030730852591679965,17.87311338420739,1.53,bn350664,bn,G,g
644245142208,2459617.7000079,1.6616866488818385,0.06725784169556377,15.848692796122773,0.043995268132102326,17.583283294716217,1.40,bG319140,bG,G,g
644245142208,2459617.8544217,3.150961962105648,0.058794395821610786,15.15395772109694,0.02028172753228209,17.729300781785092,1.58,bF317242,bF,G,g
644245142208,2459618.6118632,2.2326061135134805,0.07434192526993975,15.52803534820925,0.03619377373451601,17.474556101326478,1.41,bG319392,bG,G,g
644245142208,2459618.6639917,1.9492362653267705,0.04993756455233336,15.675404415318257,0.027846784115125246,17.906572216307453,1.51,bF317438,bF,G,g
644245142208,2459619.4731735,1.9151263680128894,0.059220933316375,15.69457203276082,0.03361166175081284,17.72145249257302,1.56,bo352279,bo,G,g
644245142208,2459619.9455808,1.658104507872671,0.048578420925858845,15.851035872244116,0.03184517694176954,17.93653212727907,1.44,br412947,br,G,g
644245142208,2459620.8914361,2.8591542561763763,0.04689828708730794,15.259471655014414,0.01782918808868869,17.97474815935145,1.45,br413314,br,G,g
644245142208,2459621.3254464,1.3898125201777265,0.09093819427529676,16.042675072984654,0.07112172462662349,17.255774795601116,1.49,bo352815,bo,G,g
644245142208,2459622.3133356,1.9438625356843873,0.10106684680195803,15.678401748204463,0.05651390787482843,17.141118820690576,1.45,bo353148,bo,G,g
644245142208,2459622.3400344,1.764947270380137,0.08761030802296464,15.783236284976905,0.05395549049837902,17.296252593335836,1.48,bn352588,bn,G,g
644245142208,2459622.5725414,1.226825423581849,0.11946060612702543,16.178108703992045,0.10584104504581685,16.95957882652131,1.46,bG320682,bG,G,g
644245142208,2459623.7841798,1.852402441644766,0.0963372233859013,15.730727260371797,0.05652895444931933,17.19315529893851,1.49,bs415877,bs,G,g
644245142208,2459624.7671454,1.636279613737876,0.11764379268362114,15.865421823321693,0.0781490441034566,16.976218068560293,1.46,bk478869,bk,G,g
644245142208,2459625.800903,2.329101023492287,0.10898170061155879,15.482094806705808,0.05086012544545494,17.05925665995329,1.54,bk479246,bk,G,g
644245142208,2459626.8112774,2.4022895620153912,0.17650681355695183,15.4485022365903,0.07986349154602551,16.535736924482837,1.50,bk479603,bk,G,g
644245142208,2459627.6295137,2.3123925907507332,0.14528458452949836,15.489911699379002,0.06829204837195448,16.747091771996892,1.48,bF320389,bF,G,g
644245142208,2459627.6475007,1.9481144626548255,0.1370116632798457,15.676029445957873,0.07644608353936401,16.810746765038814,1.53,bk479816,bk,G,g
644245142208,2459627.7146971,2.066078589882947,0.13327666326639429,15.612198529101367,0.07011637361831652,16.840755333592064,1.45,bG322446,bG,G,g
644245142208,2459628.5363331,1.4524687767980096,0.17264331007527225,15.994798609058458,0.1291978008881115,16.55976622616906,1.63,bG322641,bG,G,g
644245142208,2459628.5714614,1.792113032260032,0.13167251752468637,15.766652127188651,0.07986231843689925,16.853902763499928,1.54,bF320668,bF,G,g
644245142208,2459629.577419,1.6769810552808542,0.12885029837976467,15.838745231171696,0.08351595369004469,16.877427039973124,1.48,bk480454,bk,G,g
644245142208,2459629.8702384,3.339831047210157,0.12765632517430978,15.0907543782475,0.041546076202080395,16.887534765701886,1.51,br416557,br,G,g
644245142208,2459630.5246553,2.609397589516089,0.0962911048656004,15.358714980130143,0.04011050092160957,17.19367518662701,1.46,bo355021,bo,G,g
644245142208,2459631.553061,1.5625143813112121,0.06840083027190716,15.915505564129372,0.047582748322629674,17.564987178036656,1.58,bj481124,bj,G,g
644245142208,2459631.6171839,2.643945837712502,0.08968520996027635,15.344434236760629,0.03687062060023403,17.270838538454015,1.49,bF321721,bF,G,g
644245142208,2459631.8002728,2.326466146692194,0.09466811838109042,15.483323778961093,0.04423022824613343,17.2121312484742,1.56,bs418684,bs,G,g
644245142208,2459632.4451666,2.1228694130776478,0.08419077526073426,15.582757423165027,0.043107556063591616,17.33947933972494,1.48,bn355073,bn,G,g
644245142208,2459632.72351,1.5532813851321112,0.08489627289041013,15.92194027829157,0.05940878347790646,17.330419050692697,1.47,bG324143,bG,G,g
644245142208,2459632.7353488,1.501999167824644,0.07662720232353883,15.958391392158571,0.05545305156781445,17.441683187300868,1.44,bk481674,bk,G,g
644245142208,2459633.452782,2.7989737699497335,0.06460914137695296,15.282568550839464,0.02509038431785866,17.626905687634874,1.48,bn355428,bn,G,g
644245142208,2459633.7845815,1.8024700767631556,0.07206106232774959,15.760395463220362,0.04345550179743126,17.50838896088093,1.47,bk482060,bk,G,g
644245142208,2459633.8302836,1.5343352472238436,0.07951103807832713,15.93526496752606,0.05632735189122426,17.401572052576284,1.43,bG324562,bG,G,g
644245142208,2459634.3528448,1.624399950320653,0.06041717496158245,15.873333203442519,0.04042775446809319,17.69973957570279,1.52,bo356296,bo,G,g
644245142208,2459634.4370783,1.5358848656876625,0.0644268741674361,15.93416896987721,0.045595351979854794,17.629972959033378,1.54,bn355782,bn,G,g
644245142208,2459634.7551935,2.269907484699135,0.058529339655761604,15.510045230074134,0.028027066248626054,17.734206550664535,1.65,bj482355,bj,G,g
644245142208,2459635.3595125,2.3915425408498727,0.04831255095708873,15.453370345973505,0.0219580632364583,17.942490688118227,1.53,bn356071,bn,G,g
644245142208,2459636.341903,1.4963870200731693,0.051285493613302584,15.962455791294676,0.037253131045512526,17.877654261752905,1.56,bn356268,bn,G,g
644245142208,2459636.751352,1.151580346907721,0.19449700248134016,16.246830010992458,0.18358231440254452,16.43035833013934,1.53,bs420208,bs,B,g
644245142208,2459637.3332393,1.6121496244065392,0.06984839714519053,15.88155225621724,0.04709374964990486,17.542249500097856,1.58,bo356982,bo,G,g
644245142208,2459637.6177731,2.8790393520119206,0.06556607583812703,15.251946619652127,0.024753907475176293,17.610942632177007,1.50,bk483390,bk,G,g
644245142208,2459638.6561482,1.7486983589963876,0.04996366645342293,15.793278366054405,0.031056432815957623,17.906004860342254,1.42,bG325350,bG,G,g
644245142208,2459639.4146483,2.790295940701676,0.04873620918461454,15.285939954064439,0.018985133313399676,17.93301124711637,1.56,bn356982,bn,G,g
644245142208,2459640.5193777,1.6522332250060838,0.06304292557580135,15.85488724426435,0.041474120037671786,17.653549714295163,1.63,bk484436,bk,G,g
644245142208,2459642.7863315,1.5930251873503845,0.07778502410772135,15.89450901604869,0.053074452255303065,17.42540063482394,1.52,bs421387,bs,B,g
644245142208,2459644.3484783,2.376945447252449,0.06253934772782944,15.460017586166561,0.028598700890107458,17.66225724311484,1.45,bo358563,bo,G,g
644245142208,2459644.7224736,1.6133729030239174,0.04242974356994401,15.880728725805792,0.02858563349032885,18.083464593803562,1.53,bF326055,bF,G,g
644245142208,2459647.310252,2.5752976209554213,0.053607391900793576,15.372997055664936,0.022626085531184382,17.8295789151774,1.53,bn358651,bn,G,g
644245142208,2459647.4783667,1.6927198565280843,0.059377554696777184,15.82860290041677,0.038128471213755795,17.718584840466395,1.49,bo359355,bo,G,g
644245142208,2459647.8307414,3.248881217219267,0.05276627657782898,15.120731038940733,0.017653661251195895,17.846749487651586,1.49,bF327171,bF,G,g
644245142208,2459649.7243362,2.4241035676587113,0.07956808622972955,15.43868769544654,0.03567795180188543,17.400793330084362,1.47,br422382,br,G,g
644245142208,2459651.7249274,1.9076376828504917,0.06974066232869983,15.698825890388154,0.039737665296753245,17.54392544253122,1.47,br423045,br,G,g
644245142208,2459651.7327869,1.6385601557169358,0.0824582542007399,15.863909647112958,0.05469957075546073,17.3620552721516,1.48,bs424529,bs,G,g
644245142208,2459652.7218348,2.455867618052497,0.0920374218912712,15.424553240436392,0.040735369949665805,17.242729499153736,1.45,br423420,br,G,g
644245142208,2459652.7821439,1.5256037769470665,0.13167985633110785,15.941461234219936,0.09381877574214706,16.853842251360113,1.49,bs424946,bs,G,g
644245142208,2459653.6465654,1.6628867683333617,0.07645071113892864,15.84790892822056,0.04997249400651551,17.444186787585522,1.57,bk488897,bk,G,g
644245142208,2459653.6771156,1.7713117997431251,0.08819537093814425,15.779328082958944,0.05412064304111783,17.289026133555325,1.64,bj488872,bj,G,g
644245142208,2459653.7422513,1.8522530874572884,0.11005870018704064,15.730814803868077,0.06458567824910916,17.04857966291764,1.44,br423803,br,G,g
644245142208,2459654.2552612,1.4568142492407903,0.14572215475621328,15.991555170572516,0.10872604146801196,16.743826650395363,1.70,bn359776,bn,G,g
644245142208,2459654.6885741,2.1324340168256404,0.10950666228876735,15.577876617726549,0.05581836521528001,17.054039256259127,1.55,bs425616,bs,G,g
644245142208,2459655.6944781,2.6626171911189167,0.18848973050183662,15.336793793056124,0.07694690116671456,16.464421377712043,1.60,bG331070,bG,B,g
644245142208,2459656.5247748,1.8367031624966852,0.20037648168787378,15.739968187841058,0.11858232076963003,16.398023744509064,2.06,bk489914,bk,G,g
644245142208,2459658.8407359,1.925213329584641,0.10502001562327862,15.688868472439541,0.05929326851248015,17.09946041504528,1.64,bF331014,bF,G,g
644245142208,2459659.4875843,1.6681501716210336,0.13189751750279938,15.84447776106828,0.08594362143760197,16.85204905746978,1.47,bo361821,bo,G,g
644245142208,2459659.840626,2.374656223384852,0.18277945883117397,15.461063756952093,0.08366403644452713,16.497822143581274,1.59,br425658,br,G,g
644245142208,2459660.7760934,1.4563086833050731,0.07839893404981257,15.99193202473111,0.058515226640991146,17.416865216830306,1.54,bj491566,bj,G,g
644245142208,2459661.5827456,3.308363434556436,0.1399650770624657,15.101032591851979,0.04598526018625413,16.787591392444057,1.71,bo362117,bo,G,g
644245142208,2459663.2981642,1.757484728374843,0.05742960883712381,15.78783672249262,0.03551865166086667,17.754800965848844,1.45,bo362227,bo,G,g
644245142208,2459664.7118724,2.433897087758885,0.04301232463130117,15.43431009465817,0.019208916847097603,18.06865832409529,1.41,br426879,br,G,g
644245142208,2459665.7846715,3.1306675865857967,0.0671372873273123,15.160973230288459,0.023309824596191145,17.585231137295192,1.42,bG334132,bG,G,g
644245142208,2459665.807224,3.23280648766604,0.05818244325238313,15.126116349814646,0.019562502854772727,17.740660724941982,1.50,bF332895,bF,G,g
644245142208,2459666.7775792,1.5314603443970793,0.05953423867095516,15.937301233092906,0.04225452472662279,17.715723600935725,1.47,bs429115,bs,G,g
644245142208,2459666.7850677,1.6306853196070008,0.03931258462710288,15.869140218675582,0.026204363118415296,18.166311617232303,1.47,br427651,br,G,g
644245142208,2459667.6713415,2.609940193867829,0.03654017659164849,15.358489233027306,0.015217813551862249,18.245714006733866,1.49,bk494172,bk,G,g
644245142208,2459667.6863885,2.512798611627659,0.0402437465808917,15.39967141369728,0.017408161005382963,18.140894597595818,1.58,bj494135,bj,G,g
644245142208,2459667.7463848,2.173075235481092,0.03026805195136305,15.557378715835895,0.015139860752032,18.450179434670012,1.57,bF333588,bF,G,g
644245142208,2459668.7511786,2.71633897960844,0.039446350273475594,15.315105707720543,0.015784652803068438,18.16262354437931,1.53,bF333960,bF,G,g
644245142208,2459669.7100855,1.7294557397548687,0.05442546936252989,15.805291992220374,0.03420620575158524,17.81313515378417,2.00,bs429707,bs,G,g
644245142208,2459670.7601479,2.1140581180755094,0.03982180519359788,15.587273316210684,0.020474636194964042,18.152338252735536,1.48,bk495417,bk,G,g
644245142208,2459671.7485784,2.3708363027650283,0.03547306742982779,15.462811700706794,0.016263325284826578,18.27789375033785,1.55,bk495794,bk,G,g
644245142208,2459671.7904721,3.2029063307353196,0.06313246794614394,15.136205027604891,0.021424993640633112,17.652008694181053,1.44,bG336383,bG,G,g
644245142208,2459672.7351906,1.7147876269771345,0.03866970520139536,15.814539769269807,0.02451165823751697,18.18421345834093,1.42,bk496176,bk,G,g
644245142208,2459673.2536417,1.6936108108579686,0.04410629553133092,15.828031579131242,0.028307345034746675,18.041389153680704,1.78,bn362982,bn,G,g
644245142208,2459673.7273047,2.335747316851227,0.05071919970905665,15.479000975702721,0.02360253804142974,17.889709630797952,1.42,bG337102,bG,G,g
644245142208,2459673.7649528,1.9808983746179458,0.04102560752895327,15.657910133176852,0.02251152923001734,18.120003058852795,1.58,bk496598,bk,G,g
644245142208,2459674.7652097,2.924410374182333,0.04746800593161462,15.234969832606032,0.01764309793072267,17.96163814153569,1.44,bk496999,bk,G,g
644245142208,2459674.7810052,3.13661350412044,0.056781054398462,15.15891310252929,0.01967680662872729,17.767131979150836,1.46,br430009,br,G,g
644245142208,2459675.7774305,1.8363029408441784,0.05091413157981962,15.740204797924216,0.030137427838528526,17.885544759955085,1.42,bG337910,bG,G,g
644245142208,2459676.7359485,2.0972711022520576,0.025981714140556535,15.595929190131628,0.013465590404938315,18.615971110917297,1.47,bk497791,bk,G,g
644245142208,2459676.7813284,1.9459716244428267,0.041780396596327825,15.677224364205957,0.02333717202799848,18.100209216037825,1.39,br430550,br,G,g
644245142208,2459677.6915873,1.7687531000350907,0.03331335183213988,15.780897587175692,0.020472142230713985,18.346094782568624,1.58,bF337381,bF,G,g
644245142208,2459677.7400146,2.309246584577057,0.04278429019075141,15.49138984736986,0.02013845708873666,18.07442978329672,1.59,bj498152,bj,G,g
644245142208,2459678.6321853,1.7375480352675754,0.07592239297580862,15.800223573064578,0.04749471008344693,17.451715891351324,1.58,bs432622,bs,G,g
644245142208,2459678.772653,1.843479892451809,0.07556889295423763,15.735969609907023,0.04455709084408257,17.456782961263215,1.48,br431264,br,G,g
644245142208,2459678.7738818,1.7375690423021368,0.09074254660995494,15.800210446543963,0.05676505533629134,17.258113203455636,1.45,br431265,br,G,g
644245142208,2459679.7411398,2.168629743619616,0.038876462434428355,15.559602097282546,0.019485587389720973,18.17842376293011,1.45,bG339457,bG,G,g
644245142208,2459679.7424383,2.2098084321680185,0.04654881271569614,15.53917905623506,0.022896344689435178,17.982869090823186,1.48,bG339458,bG,G,g
644245142208,2459680.7057423,1.5705497975774807,0.058456559921775224,15.909936344355112,0.04045700374697811,17.735557475906663,1.42,bk499384,bk,G,g
644245142208,2459680.7388207,2.6361892108523683,0.09136145321554183,15.347624176635055,0.03767025788565787,17.250733114089478,1.51,br431952,br,G,g
644245142208,2459681.6742784,1.5124914020362556,0.06274626391708234,15.950833335969019,0.04509279238719431,17.658670931816467,1.46,bk499729,bk,G,g
644245142208,2459681.6755304,1.5274664888654188,0.07293011528308899,15.940136394734665,0.051897612822276874,17.495373361273554,1.44,bk499831,bk,G,g
644245142208,2459681.6919707,1.5012674095969498,0.06452792758894761,15.958920480333846,0.04671989232481069,17.628271318158998,1.46,bk499789,bk,G,g
644245142208,2459681.7415397,1.8021188571000084,0.06108619802636036,15.760607044575302,0.03684442958432216,17.68778287217392,1.49,bG340231,bG,G,g
644245142208,2459682.3162035,1.7481366681495885,0.12081660955467394,15.793627166091447,0.07512135869151947,16.947324001265894,1.54,bo364876,bo,G,g
644245142208,2459682.3427359,1.8593263178555415,0.10031414219890428,15.72667658087119,0.05864334304240029,17.14923520197221,1.61,bn364325,bn,G,g
644245142208,2459683.7385808,2.6532020206698994,0.13190032844837046,15.34063982382296,0.05403656453958623,16.8520259189535,1.51,bG341022,bG,G,g
644245142208,2459685.2931457,2.2217343861229946,0.4038067400268856,15.533335280477909,0.19755753538134344,15.637206702510705,2.00,bn364956,bn,G,g
644245142208,2459686.2388161,2.4937000105943286,0.282031297128697,15.407955104457693,0.1229320914489316,16.026897349366294,1.97,bo365606,bo,G,g
644245142208,2459686.2732893,2.2272121710042962,0.19018959595118473,15.530661644237714,0.09281909661657985,16.45467372195466,2.03,bn365061,bn,G,g
644245142208,2459687.7023498,2.055779745580184,0.10452114422512852,15.617624165057755,0.05526367288100535,17.104630222850574,1.53,bF341318,bF,G,g
644245142208,2459687.7434652,1.4346327303060797,0.13021366376080623,16.008213785315068,0.0986570207513373,16.865999214906164,1.59,br433311,br,G,g
644245142208,2459687.7689917,1.140438168855169,0.21616482321743136,16.257386262022898,0.20602762235031122,16.315678056287982,1.80,br433312,br,G,g
644245142208,2459690.450525,2.7266651568713973,0.11568128268131282,15.310986101091284,0.04611513237579814,16.99448287278821,1.59,bn366260,bn,B,g
644245142208,2459690.6718464,1.5052989406296278,0.07938149588665776,15.956008732302143,0.05732033174973214,17.403342414911027,1.42,bk502941,bk,G,g
644245142208,2459690.7343314,1.6631747636516374,0.0952905689002995,15.847720905875438,0.06227650129743509,17.20501581203,1.57,bG343557,bG,G,g
644245142208,2459690.7584305,1.510381451213079,0.07365608457484561,15.95234901359241,0.05300711381889362,17.48461903939741,1.52,bF342322,bF,G,g
644245142208,2459691.7214354,2.2374397539746607,0.05078022826945624,15.525687246802429,0.024669223023697253,17.888403989439084,1.49,bG343956,bG,G,g
644245142208,2459691.7294566,2.0876746296837854,0.05187430520920431,15.60090858849673,0.027008573824730184,17.86525987910949,1.54,bF342709,bF,G,g
644245142208,2459692.7064316,2.2673071177990747,0.07506189518654145,15.511289743744092,0.03598498671247966,17.464091797891328,1.43,bG344325,bG,G,g
644245142208,2459692.7321099,2.6494824617797903,0.057291903834833235,15.342162999651519,0.023504140681984604,17.7574074757333,1.55,bF343090,bF,G,g
644245142208,2459693.7278542,1.7194058763027678,0.04837931251004151,15.81161960561957,0.0305839417991993,17.9409913800266,1.59,bF343461,bF,G,g
644245142208,2459694.735873,2.1545324587391463,0.04403825670952175,15.566683019125518,0.022217196191348782,18.04306531459958,2.03,bj504560,bj,G,g
644245142208,2459695.5624861,1.7569913081766961,0.03515215269332481,15.788141589659865,0.0217467561992837,18.28776079628834,1.64,bk504875,bk,G,g
644245142208,2459695.6118886,1.6256634157042846,0.043716767613041545,15.872489041329302,0.029230051686783654,18.051020503849372,1.58,bj504865,bj,G,g
644245142208,2459696.7165646,1.9440577031300397,0.04427681428959341,15.678292743724484,0.02475593804464693,18.037199696678744,1.47,bG345657,bG,G,g
644245142208,2459696.7390336,1.7447334133733279,0.049091220758565986,15.79574292648771,0.03058348178275016,17.92513103169582,1.48,bF344420,bF,G,g
644245142208,2459697.7100515,2.1850073476190013,0.04971865643516875,15.551433367957753,0.024733105782551876,17.91134215135507,1.51,bk505605,bk,G,g
644245142208,2459698.6764832,1.6739527064531448,0.04367898455182779,15.840707662596373,0.028362304943578085,18.05195927808098,1.46,br436480,br,G,g
644245142208,2459698.6954548,1.8606857051466132,0.06389249582934647,15.725883069422961,0.03732407081959397,17.639015978224762,1.47,bs437964,bs,G,g
644245142208,2459700.6509307,2.549982602982468,0.0544643537490734,15.383722578505665,0.023215995450565595,17.81235972432973,1.68,br437139,br,G,g
644245142208,2459700.6698856,2.235822841078152,0.049699338552278365,15.526472150845434,0.024161583455096156,17.91176408955891,1.52,bs438623,bs,G,g
644245142208,2459701.6390302,1.2701683060175126,0.08292811163902014,16.140412442861415,0.07096638402525281,17.355886171068818,1.52,bj507140,bj,B,g
644245142208,2459701.6427859,1.6226026500848123,0.08645506219852289,15.874535169918262,0.05791491446728176,17.310664542503517,2.20,bk507192,bk,B,g
644245142208,2459702.6850698,1.6564149969314732,0.037237739705530924,15.85214273757009,0.024435786987399215,18.225182331797203,1.45,bk507487,bk,G,g
644245142208,2459702.7102359,1.7366863969168016,0.04207529878334169,15.800762115866041,0.026334069580938105,18.092572589810892,1.58,bF346631,bF,G,g
644245142208,2459703.698767,2.312800656254544,0.03868221533983158,15.489720117549275,0.018179641261014866,18.183862265759025,1.65,bj507861,bj,G,g
644245142208,2459704.6603837,1.7437945058323683,0.04125470022071994,15.796327359783566,0.02571522350100521,18.113957022340376,1.53,bj508246,bj,G,g
644245142208,2459705.4627694,2.4873815979316376,0.05965193939812191,15.410709579731565,0.02606719637111266,17.71357919150128,1.48,bG348897,bG,G,g
644245142208,2459705.6857675,1.6865573934985685,0.05113738362914445,15.83256281026934,0.03295714267100723,17.880794350930348,1.57,bj508680,bj,G,g
644245142208,2459706.6816722,2.344430054412117,0.05417448103229455,15.474972421827937,0.02511710910678088,17.818153712288126,1.48,bG349438,bG,G,g
644245142208,2459706.7096188,2.1143415714671754,0.036992877012742384,15.587127750212789,0.01901757477103937,18.2323453399143,1.54,bF348206,bF,G,g
644245142208,2459706.7109077,1.9990822991779684,0.06900565885130874,15.647988937958521,0.037520291663919215,17.555428844485796,1.55,bF348207,bF,G,g
644245142208,2459706.712206,2.1854888413706623,0.06164178000823496,15.551194138736147,0.030657642136273026,17.677952683446907,1.60,bF348208,bF,G,g
644245142208,2459707.6511654,1.5564490991794644,0.10704736104667134,15.919728316171724,0.07475723252754217,17.078700697825994,1.44,bs440759,bs,G,g
644245142208,2459708.6596713,1.545504367679811,0.09842675950804584,15.92739003042973,0.06922375012212457,17.169857643647447,1.47,bs441084,bs,G,g
644245142208,2459708.6609232,1.2099945417147666,0.15441385135815847,16.19310709423595,0.13871231397684472,16.680924973473324,1.48,bs441085,bs,G,g
644245142208,2459708.6621867,1.7227794125413027,0.12993329295728204,15.809491439180174,0.08197906194074209,16.868339498673794,1.48,bs441086,bs,G,g
644245142208,2459708.6893701,1.762248369924098,0.06521900610532032,15.784897828485608,0.040227146886551185,17.616705171045627,1.45,br439637,br,G,g
644245142208,2459709.2880455,1.5508047270986776,0.08793316756113424,15.923672831943168,0.06163221473832462,17.292258817050744,1.48,bo371089,bo,G,g
644245142208,2459709.6495208,2.402878026434215,0.06191600132485556,15.448236307414609,0.028008080601548958,17.673133359286176,1.49,bF348986,bF,B,g
644245142208,2459710.5553637,1.5552866668199514,0.07561340400386873,15.920539500058739,0.05284458766752573,17.456143636944628,1.43,bG350577,bG,G,g
644245142208,2459710.58819,1.7822583085022743,0.07114652739952744,15.772639002340803,0.04339055769137933,17.52225634294335,1.46,bk510387,bk,B,g
644245142208,2459710.589442,1.7651876312640495,0.11164872418665357,15.783088433112006,0.06875037347255408,17.03300619959309,1.48,bk510388,bk,B,g
644245142208,2459710.5906824,1.6557074805890764,0.13584627438525443,15.85260659488533,0.08918181238420253,16.82002128070965,1.42,bk510389,bk,B,g
644245142208,2459710.6374846,1.3064834206027118,0.11876136141846301,16.109805865130838,0.09880602714794862,16.96595269274582,1.49,bj510377,bj,B,g
644245142208,2459711.6223746,1.8846093926299141,0.08310151045314189,15.712012244155819,0.04792915131732711,17.353618317460153,1.45,bk510805,bk,G,g
644245142208,2459711.6440274,1.5309039806659896,0.08802191676133081,15.937695741510838,0.06249640584126343,17.291163557674306,1.57,bF349773,bF,G,g
644245142208,2459711.6788389,1.6565388490023567,0.12333508434916572,15.852061558849401,0.08092769715199158,16.924924023524213,1.56,bj510801,bj,G,g
644245142208,2459712.284234,1.7253476305992423,0.1976237178865262,15.807874092830719,0.12450151215757435,16.41304294794494,1.44,bo372355,bo,G,g
644245142208,2459713.6538627,2.08392146391309,0.1224978234592408,15.602862252738312,0.06389387048101514,16.932319680875274,1.51,br440985,br,G,g
644245142208,2459713.6659854,1.7858905567490493,0.18955881468163768,15.770428520134294,0.11537223772906598,16.45828065050167,1.52,bs442463,bs,G,g
644245142208,2459714.6444378,1.789116662866636,0.11364839641197783,15.768468970993343,0.06904572978894753,17.01373233100688,1.44,bk512041,bk,G,g
644245142208,2459714.6597868,1.4642172799950157,0.14400037152961132,15.98605180257148,0.10689816675807953,16.756731579935796,1.70,bj512004,bj,G,g
644245142208,2459716.3957028,1.2527278843211325,0.19503458716481395,16.155423761181737,0.16922599004681327,16.42736152299946,1.60,bo373927,bo,G,g
644245142208,2459716.3995047,1.7488778494477106,0.16255367957722638,15.793166929293651,0.10102980159818296,16.62514859977787,1.66,bn373355,bn,G,g
644245142208,2459717.6054125,1.5525061947019072,0.08289754653225166,15.922482267923186,0.058039078457078244,17.35628641845831,1.47,bG353328,bG,G,g
644245142208,2459717.635273,1.956035749386367,0.09402471585686643,15.67162365257026,0.05224893161454297,17.219535537301052,1.46,bk513311,bk,G,g
644245142208,2459717.669505,1.7744918819759832,0.11487507314795244,15.777380580135894,0.07036617705141833,17.002076109102205,1.57,bj513289,bj,G,g
644245142208,2459717.6707454,1.8716312022392843,0.19508663030084528,15.719514930362902,0.11329725901978427,16.427071843203517,1.59,bj513290,bj,G,g
644245142208,2459717.6719858,1.7785284896142628,0.1754735086629827,15.77491355631697,0.10724150653051608,16.54211171128804,1.58,bj513291,bj,G,g
644245142208,2459719.6239433,1.7657733784839897,0.08184544163945925,15.78272820995032,0.0503815708451832,17.37015437018337,1.45,bG353864,bG,G,g
644245142208,2459719.6636517,1.9333249454037529,0.06607270340515246,15.684303485742277,0.037147483171882066,17.602585419950344,1.51,bF352640,bF,G,g
644245142208,2459721.6257766,2.595973745720336,0.059207077625613266,15.36431488245682,0.024790512332557427,17.721706547758966,1.72,bs444665,bs,G,g
644245142208,2459721.6383042,2.3407984259013843,0.05183610909574892,15.476655580445527,0.02407024723690542,17.866059623386143,1.44,br443205,br,G,g
644245142208,2459721.6396203,2.3500007901472917,0.05846356995704785,15.472395601542729,0.027041420120110717,17.735427283627384,1.50,br443206,br,G,g
644245142208,2459722.6563775,1.8835893610064178,0.04972463415352693,15.712600050353467,0.028694425920620947,17.911211620170658,1.54,bF353653,bF,G,g
644245142208,2459723.4599338,2.2176766312027087,0.03664539133864244,15.53532007199043,0.017961115947557265,18.24259220165623,1.52,bG355172,bG,G,g
644245142208,2459724.5519509,2.832581705683134,0.04278665286896349,15.26960950748332,0.01641867250854534,18.07436982730736,1.49,bk515706,bk,G,g
644245142208,2459724.5897048,2.4693472994824384,0.04967154722348196,15.41861018416606,0.02186440611685245,17.912371391232913,1.59,bj515687,bj,G,g
644245142208,2459725.608252,1.4278989806055586,0.07264012793437961,16.01332191341126,0.055295690991216985,17.49969911045056,1.44,bG356075,bG,G,g
644245142208,2459725.6462316,1.7326621241990403,0.038347982393123564,15.803280917606779,0.02405696354504873,18.19328431319275,1.57,bF354848,bF,G,g
644245142208,2459726.596581,1.901840348167462,0.04242293532448905,15.702130480132121,0.024245929090053374,18.08363882421546,1.61,bj516552,bj,G,g
644245142208,2459726.6216271,1.6719889991326582,0.049400736853857125,15.841982083112804,0.0321153148315411,17.918307044336636,1.46,bG356494,bG,G,g
644245142208,2459726.6229151,1.6775233770401108,0.06470189902753525,15.838394169853602,0.041923797950867266,17.625348042495464,1.47,bG356495,bG,G,g
644245142208,2459726.6375294,1.6033877145674476,0.0430284268122529,15.887469243194552,0.029169506987503948,18.068251941753303,1.63,bF355252,bF,G,g
644245142208,2459727.538519,3.008370692857207,0.05417726416379078,15.204237249312229,0.019574825254292962,17.818097935676068,1.50,bj516935,bj,G,g
644245142208,2459727.542264,2.945605988319999,0.049929484975233286,15.227128987114178,0.01842445307896011,17.9067478956619,1.41,bk516987,bk,G,g
644245142208,2459727.581767,2.810029461063568,0.04263796764252901,15.278288439325344,0.016492929218331957,18.07814937225602,1.63,bF355624,bF,G,g
644245142208,2459731.6245873,1.482018198020966,0.13053920439718666,15.972931781103167,0.09574136117332084,16.86328820780452,2.24,br445165,br,B,g
644245142208,2459733.3883858,1.5540758469964684,0.056689322713292155,15.921385095244506,0.039649820924298265,17.76888744054868,1.51,bn377193,bn,G,g
644245142208,2459734.3492483,2.1119084397137042,0.0932473571817541,15.588377907927345,0.04799252709903741,17.22854928175902,1.57,bo378150,bo,B,g
644245142208,2459736.5575692,2.668553523728603,0.046260503522815084,15.334375827379752,0.018842850838832855,17.989614722587092,1.52,bG357727,bG,G,g
644245142208,2459737.607978,1.7021358660307073,0.07144481910857921,15.822580065001876,0.045623509629484325,17.517713759000326,1.42,bG357921,bG,G,g
644245142208,2459737.6092647,1.7279842155502825,0.12435855854148928,15.80621619464889,0.07822545195975827,16.915951412870868,1.46,bG357922,bG,G,g
644245142208,2459738.2082588,1.1203153563907757,0.09272717818147587,16.276714899842222,0.08996610685720623,17.234623001962674,1.54,bn378922,bn,G,g
644245142208,2459738.2107399,1.1259327428012087,0.17092648727691376,16.271284500129553,0.16500955431971515,16.57061719269085,1.47,bn378924,bn,G,g
644245142208,2459739.3155913,1.7913099218058828,0.12624693403536574,15.767138793776585,0.07660591091962987,16.89958851174644,1.46,bo379816,bo,G,g
644245142208,2459739.5095241,2.9437020026385623,0.0950445510093924,15.227831013995052,0.03509502472832715,17.207822552899007,1.47,bG358665,bG,B,g
644245142208,2459740.324503,1.9615610266266672,0.10762407807974457,15.668561061976199,0.05963754987838286,17.072867000789522,1.51,bo380025,bo,G,g
644245142208,2459740.3586704,2.033153308512974,0.12700557787524633,15.629640303415982,0.06789922854844327,16.893083624264012,1.51,bn379477,bn,G,g
644245142208,2459740.5563303,1.87638023681621,0.08817968294742005,15.716763497171687,0.051081054673235295,17.28921927900508,1.48,bk519303,bk,G,g
644245142208,2459741.4853198,2.0621247217304783,0.06498506417205009,15.614278300270845,0.03425396076827497,17.620606731105095,1.57,bF358237,bF,G,g
644245142208,2459741.5450058,1.7810461001398301,0.10186886273777275,15.773377720343337,0.06216965675749617,17.13253696711892,1.62,bj519681,bj,G,g
644245142208,2459741.5875163,1.7877934006638891,0.109940293211447,15.76927229773175,0.06684235363197931,17.04974838419882,1.46,bG359568,bG,G,g
644245142208,2459742.5372657,2.852241592137089,0.10088478136767252,15.262099850812064,0.03844603183479116,17.14307646855887,1.54,bj520110,bj,G,g
644245142208,2459743.6024884,2.0504245938627013,0.1530523772499869,15.620456116376971,0.08113503911214338,16.690540412536055,1.69,bj520589,bj,B,g
644245142208,2459746.5672494,1.7908005392700483,0.11436517396729909,15.767447581052112,0.06941586680237219,17.00690612408595,1.40,bG361633,bG,G,g
644245142208,2459746.568536,1.67254830484588,0.13860111893187013,15.841618948596523,0.0900741639011851,16.798223770529496,1.38,bG361634,bG,G,g
644245142208,2459747.5665273,2.0166190886591373,0.09883023537843107,15.638505937875681,0.053269439674413666,17.165416037189775,1.46,bG362019,bG,G,g
644245142208,2459747.582685,1.5944523613141812,0.07863675593412298,15.893536752230125,0.05360758137706488,17.413576639214444,1.53,bF360777,bF,G,g
644245142208,2459748.6114891,2.4105915343472146,0.21732752700730373,15.444756554662536,0.09799485705818485,16.30985376607074,1.61,bF361191,bF,B,g
644245142208,2459749.5342526,1.7949844621929631,0.05087459250910478,15.764913888343271,0.030807213813446088,17.886388252259778,1.39,bG362761,bG,G,g
644245142208,2459749.5759253,1.5290669124021636,0.048915641898421715,15.938999395587285,0.03477230168627257,17.929021219056647,1.50,bF361537,bF,G,g
644245142208,2459750.5765618,1.4851874348720928,0.12350549929288647,15.970612456509636,0.09038933724793595,16.923424872121345,1.58,bj523497,bj,B,g
644245142208,2459751.555291,2.6675162781688586,0.12075307719926413,15.3347979264577,0.04920432758217652,16.947895094278095,1.43,bG363529,bG,B,g
644245142208,2459751.5760405,2.662458906519775,0.06096299361916581,15.336858338732785,0.024888317839132482,17.689974898669313,1.55,bF362288,bF,G,g
644245142208,2459755.5310788,1.7075205389958998,0.11336393844475946,15.819150781487712,0.07216409373033053,17.01645329747401,1.52,bG363993,bG,B,g
644245142208,2459755.5323772,1.6824587991925395,0.18921285111407782,15.83520452771295,0.12224141394369187,16.46026403684867,1.48,bG363994,bG,B,g
644245142208,2459757.2862269,1.6682815198179726,0.051354462392669255,15.84439227483262,0.03345962126596554,17.876195143589953,1.49,bn381533,bn,G,g
644245142208,2459758.5764285,1.5597096875992196,0.058950235272702815,15.917456198201911,0.04108222395306774,17.726426754639956,1.56,bj525406,bj,G,g
644245142208,2459759.2895559,2.9363379039048487,0.06335924796257236,15.23055054410639,0.02345395865163222,17.648115576969467,1.48,bo382896,bo,G,g
644245142208,2459760.2988187,1.8152397509474092,0.04748667380498499,15.752730638883435,0.028434783758502304,17.96121123500931,1.55,bn382749,bn,G,g
644245142208,2459760.538226,2.563918346083485,0.047108681697657626,15.377805147398165,0.019971419479883252,17.9698882339629,1.49,bk526244,bk,G,g
644245142208,2459761.5116074,1.6186078921535985,0.047743558614606975,15.877211488197979,0.03206160840976357,17.95535364529905,1.65,bj526618,bj,G,g
644245142208,2459761.5471381,1.4820162765792644,0.06081425204166412,15.972933188764813,0.044603051205314215,17.692627187202852,1.45,bG366171,bG,G,g
644245142208,2459762.5476483,1.743682813680626,0.0441366939452401,15.796396904730738,0.027513414111432415,18.04064111329699,2.03,bF365319,bF,G,g
644245142208,2459763.4964795,3.08265147157677,0.07056099158653874,15.17775455821764,0.024880117227828537,17.53122892328356,1.45,bG366944,bG,G,g
644245142208,2459763.5412603,2.4962057485499067,0.044093969436655174,15.406864674787071,0.01920043156553928,18.04169261960214,1.57,bj527498,bj,G,g
644245142208,2459764.5109609,1.727402496635708,0.04866745515824062,15.806581764899121,0.030623672180469404,17.93454401795325,1.45,bk527938,bk,G,g
644245142208,2459764.5227621,1.7511620123258442,0.0546719775714191,15.791749803326878,0.03393521682137304,17.808228653216776,1.56,bj527915,bj,G,g
644245142208,2459766.4579615,2.8521019717292138,0.08679608092258276,15.262153000111397,0.03307860909440018,17.30639032131552,1.58,bk528750,bk,G,g
644245142208,2459766.4592018,3.051983282976705,0.15509633890971342,15.188610246102364,0.05523718888504219,16.67613674569726,1.56,bk528751,bk,G,g
644245142208,2459766.4660559,3.2208038114242026,0.07106938228402584,15.13015494358509,0.023984487442417223,17.523434259722453,2.09,bF366911,bF,G,g
644245142208,2459766.4673541,3.4489564677755373,0.09249424917428475,15.055846340280963,0.029150042426657873,17.23735378309502,1.66,bF366912,bF,G,g
644245142208,2459767.2521864,1.750049628907371,0.09344942828408198,15.792439710202213,0.05804147713776201,17.226198989579558,1.46,bo384825,bo,G,g
644245142208,2459767.2797412,1.7712440716338098,0.0953208194464346,15.779369598103962,0.05849537509489017,17.20467119344542,1.54,bn384272,bn,G,g
644245142208,2459769.4777587,2.8202816021684693,0.08637209488188755,15.274334436446612,0.03328841763742802,17.311706978517908,1.60,bj529675,bj,G,g
644245142208,2459769.4944332,3.016965225559467,0.09025396511073581,15.201139861291786,0.03251682689572205,17.263974884502503,1.51,bG369098,bG,G,g
644245142208,2459772.5479039,2.21469223036919,0.14990863933861012,15.53678216714782,0.07357418378940112,16.713073955789667,1.70,bj530172,bj,G,g
644245142208,2459773.2409606,2.0685227063015614,0.22925834272916817,15.610914890944583,0.12046947806443133,16.251827739842035,1.59,bo385943,bo,G,g
644245142208,2459773.5001574,1.699131041447227,0.11718549393414049,15.82449843705366,0.07496510497297712,16.98045597417951,1.67,bF368694,bF,B,g
644245142208,2459778.2475845,2.0722142012368474,0.10152181374953888,15.608979008104281,0.05325211915253831,17.13624219120833,1.64,bn386826,bn,G,g
644245142208,2459781.2171545,1.6822985140243545,0.061510123936429247,15.83530796899808,0.039742548547906556,17.68027410623637,2.03,bo387699,bo,G,g
644245142208,2459782.2367342,1.9370802481318528,0.05401492102488829,15.682196590361922,0.030309467424413084,17.821356247826415,1.51,bn387463,bn,G,g
644245142208,2459783.4632973,1.886462988070583,0.0521272359773502,15.710944900102024,0.030035065338740414,17.859978868259944,1.57,bk531491,bk,G,g
644245142208,2459783.4833745,1.8234704802465007,0.03878518101776463,15.747818779754692,0.02311954370020457,18.180976054643935,1.64,bF369596,bF,G,g
644245142208,2459785.4564664,1.6269710375607613,0.12320330194030672,15.871616067443924,0.08231039732863736,16.926084742941818,2.20,bk532331,bk,G,g
644245142208,2459785.4589354,0.8320334655852679,0.19605635325238902,16.421688310743633,99.999,16.421688310743633,2.08,bk532333,bk,G,g
644245142208,2459785.4831062,1.566258091420103,0.060031658743274506,15.912907303258319,0.04166095188223881,17.706689752507007,1.65,bj532320,bj,G,g
644245142208,2459787.4674361,2.896302100919068,0.05673125345662349,15.24545597405009,0.02129073687152485,17.768084663314802,1.62,bF371145,bF,G,g
644245142208,2459788.4651948,1.6294211165760557,0.0864141359035639,15.869982271594116,0.05764526286992308,17.311178632480004,1.70,bj533567,bj,G,g
644245142208,2459789.4704246,1.8449172032560988,0.08450069019601472,15.735123420944063,0.04978466032942412,17.33548997081066,1.75,bj533988,bj,G,g
644245142208,2459792.2100861,2.969631552896491,0.09435768596752994,15.218309199721652,0.034537180896594015,17.215697407229175,1.68,bn389792,bn,G,g
644245142208,2459867.8788158,2.257260304896368,0.17925079941020935,15.51611151140494,0.08631606422318441,16.518987858491215,1.49,bG401223,bG,G,g
644245142208,2459869.8716164,1.6745156185563252,0.09869182118430309,15.84034261565732,0.06406253694490814,17.166937703468786,1.48,bk561678,bk,G,g
644245142208,2459871.869099,2.157382964600233,0.09307748833320277,15.565247509584047,0.04689532856750807,17.230528972760734,1.51,bG402559,bG,G,g
644245142208,2459878.614135,2.6945527686228092,0.2081122479300803,15.323848889789936,0.08395046769004542,16.356896510721846,1.48,bo409871,bo,G,g
644245142208,2459878.8729925,1.9162277582602738,0.191739148135398,15.693947804740816,0.10876166292867585,16.445863627585602,1.67,bj564668,bj,B,g
644245142208,2459879.8674121,1.9393954022073525,0.10584361323879535,15.680899718086714,0.059321273817293685,17.09097896851611,1.49,bk565045,bk,G,g
644245142208,2459880.8666265,2.238533484874281,0.08042106090871445,15.52515663448808,0.03904976058234675,17.3892161164784,1.55,bk565389,bk,G,g
644245142208,2459881.8633576,1.6402893640076748,0.07830123668716432,15.862764450171415,0.05188721072323815,17.418219058079895,1.47,bk565730,bk,G,g
644245142208,2459882.8574659,2.3615192069584148,0.05030792395930844,15.467086916839698,0.023155655851368858,17.89854962192525,1.46,bG406167,bG,G,g
644245142208,2459883.8542461,2.2821212734549747,0.059920086015205334,15.504218823793597,0.028539468535251834,17.708709541139633,1.47,bG406494,bG,G,g
644245142208,2459884.8507727,1.5939677957700253,0.07700978179143568,15.893866765423493,0.05251441389094747,17.436275879412598,1.70,bG406819,bG,G,g
644245142208,2459885.8476076,2.214663915525844,0.05782814320171017,15.536796048375493,0.028382038896515232,17.747292491922927,1.50,bG407113,bG,G,g
644245142208,2459886.8443607,2.0270898933227155,0.0671757672656493,15.632883101427403,0.03602067109739325,17.584609022587443,1.43,bG407406,bG,G,g
644245142208,2459886.8704932,2.893692951983312,0.46109358264912365,15.24643450602776,0.1732003654530849,15.493167916712729,1.82,bj567281,bj,B,g
644245142208,2459887.8608719,1.9222593303144078,0.060384037621282485,15.69053567835378,0.034144624747722604,17.700335238779775,1.46,bG407743,bG,G,g
644245142208,2459887.8673287,1.8988806658744604,0.12883430903529675,15.70382144079867,0.0737472843587995,16.87756177995915,1.62,bj567615,bj,G,g
644245142208,2459888.8613997,1.7330332856972088,0.08671421348092065,15.803048361983588,0.05438705687216318,17.30741488821289,1.47,bG408067,bG,G,g
644245142208,2459888.8692224,2.8484454405855777,0.16891914645115344,15.263545858903296,0.064458937940529,16.583443415773758,1.62,bF406815,bF,B,g
644245142208,2459889.8618709,2.724949803414335,0.1260400007764432,15.311669356026682,0.0502761557927784,16.901369618498826,1.48,bG408389,bG,G,g
644245142208,2459891.8647666,1.931914247610143,0.27152634044560137,15.685096008874751,0.1527693721066568,16.06811069554999,1.52,bG409033,bG,B,g
644245142208,2459898.8051642,1.9597097469193607,0.06301210362357994,15.669586240633206,0.034949776154259454,17.6540806651078,1.48,bk570707,bk,G,g
644245142208,2459898.8064044,1.8925894700387147,0.08171153959301701,15.707424573680687,0.04692876731484624,17.371932127770954,1.53,bk570708,bk,G,g
644245142208,2459898.8076449,1.8802770529287647,0.12876477661161034,15.714511007509804,0.07443675041944717,16.878147914583387,1.52,bk570709,bk,G,g
644245142208,2459898.8568161,2.5521348536883424,0.08488419061173641,15.382806575817945,0.0361522528657263,17.33057358163393,1.50,bF409468,bF,B,g
644245142208,2459899.8601276,1.6996818589049374,0.12370250405196108,15.824146524501355,0.07910847717193913,16.9216943840965,1.52,bk571088,bk,G,g
644245142208,2459900.8248702,2.357449904759031,0.07293693225762189,15.468959440145746,0.03362925084135388,17.49527187932561,1.59,bj571360,bj,G,g
644245142208,2459901.8077929,1.783058042075224,0.05915981610484722,15.77215192090202,0.03606396787017124,17.72257357307825,1.47,bG411561,bG,G,g
644245142208,2459901.8381204,2.6115841811064415,0.11911079408882724,15.357805548955024,0.04957460509257872,16.96276281141286,1.55,bj571689,bj,G,g
644245142208,2459902.8064678,1.6018195463613198,0.056854273053530247,15.888531650080466,0.03857995304443132,17.765732834053004,1.49,bk572035,bk,G,g
644245142208,2459902.8432924,1.8586570408955354,0.06189516306298326,15.727067469244924,0.03619675371794309,17.67349883287952,1.56,bj572023,bj,G,g
644245142208,2459905.8290455,1.778533758862562,0.05269126069772325,15.774910339609896,0.03220243032703257,17.848294137238597,1.54,bj572978,bj,G,g
644245142208,2459906.5371467,1.633090842707306,0.047402036318302525,15.867539763335252,0.03154996107533041,17.963148114703888,1.43,bo415243,bo,G,g
644245142208,2459907.790548,1.8615983290089606,0.051276149681993635,15.725350671153812,0.029939297021278396,17.87785209486515,1.48,bk573619,bk,G,g
644245142208,2459907.7940843,1.725165349058739,0.03979888119882492,15.807988806016457,0.025075656371481347,18.152963452363878,1.48,bF410686,bF,G,g
644245142208,2459907.8255455,2.238905269289271,0.04529347231687976,15.524976326136448,0.021989333716951626,18.012551571147085,1.53,bG411978,bG,G,g
644245142208,2459908.8067752,1.7427090477710494,0.0631515350239632,15.797003407368706,0.03938865924861599,17.651680832909985,1.55,bj573923,bj,G,g
644245142208,2459908.8619244,1.1424764228229987,0.38696173704206677,15.68347055169227,99.999,15.68347055169227,1.56,bF411050,bF,G,g
644245142208,2459911.780864,1.611871088649969,0.08789662084879514,15.881739858210462,0.05927260929436321,17.292710163659095,1.46,bG413210,bG,G,g
644245142208,2459913.5310349,1.827211809189669,0.07663020693263241,15.745593388779767,0.04558513838884555,17.44164061561849,1.46,bo416586,bo,G,g
644245142208,2459913.5421165,1.8238787826411422,0.06736074584820581,15.747575694345397,0.040144225979148,17.581623393391393,1.49,bn416021,bn,G,g
644245142208,2459913.5433568,1.774111219832159,0.08391366289208944,15.777613516117214,0.05141194200451791,17.343058914509033,1.50,bn416022,bn,G,g
644245142208,2459914.7606019,1.7518558096896706,0.04804713710805441,15.791319727909167,0.029811328501827584,17.948471823169363,1.54,bk575625,bk,G,g
644245142208,2459916.0177039,1.7835886770036362,0.05793319418269957,15.771828855791895,0.035305709244495484,17.745321925803147,1.58,br485946,br,G,g
644245142208,2459917.7607389,1.9865057289810704,0.12577932596891742,15.654841067591496,0.06882268531487812,16.903617453730146,1.44,bG414765,bG,G,g
644245142208,2459917.9985452,2.2095955385272195,0.03982305546993003,15.539283661442136,0.01958997884629661,18.1523041646533,1.46,br486461,br,G,g
644245142208,2459918.7552144,2.216720264367133,0.12307647467123208,15.535788393676093,0.060349868662724585,16.9272029912353,1.48,bG415058,bG,G,g
644245142208,2459923.4914033,2.7975648425159134,0.19352657948889454,15.2831152185793,0.07519217231660058,16.435789059726357,1.48,bo418717,bo,G,g
644245142208,2459927.0036054,2.299864027439485,0.09981328297580874,15.49581022123643,0.047173527474812134,17.15466976074795,1.58,br488040,br,G,g
644245142208,2459930.8452567,2.0096306487276228,0.05648352598909617,15.642275008531065,0.030550458107086224,17.7728361120388,1.46,bk580142,bk,G,g
644245142208,2459931.8561299,2.795025016807618,0.06775197330018436,15.284101373825516,0.026348046545731404,17.575335739664602,1.48,bF417062,bF,G,g
644245142208,2459933.7253823,2.466556051438639,0.06472805591318427,15.419838149612382,0.028524217997517094,17.624909203153326,1.58,bj580841,bj,G,g
644245142208,2459934.7604216,1.8020789409024807,0.04560396163886153,15.760631093455657,0.02750685466402335,18.00513418223923,1.54,bj581136,bj,G,g
644245142208,2459934.7629191,1.8094985876844913,0.07303257922714099,15.756170001089579,0.04387029579943065,17.493849015174206,1.56,bj581138,bj,G,g
644245142208,2459934.8240741,3.2065668153353837,0.06910363539924388,15.134964887893323,0.02342463185668406,17.553888373169467,1.53,bG419061,bG,G,g
644245142208,2459934.8476133,2.958556009724678,0.0565640817542439,15.222366133505606,0.02078131945343239,17.77128875818899,1.44,bF417812,bF,G,g
644245142208,2459936.7610798,2.1847485455392266,0.03717393927669365,15.551561975044772,0.01849478550656899,18.227044148474086,1.55,bj581760,bj,G,g
644245142208,2459936.820677,2.0020696138459297,0.036116002250012026,15.646367686697292,0.019607971627612287,18.25839143292323,1.48,bk581827,bk,G,g
644245142208,2459936.8219289,2.061210515438356,0.05679973612905091,15.61475974882118,0.02995271135874428,17.766774816089075,1.49,bk581828,bk,G,g
644245142208,2459936.8325046,1.9644797463365247,0.03538608646794235,15.666946733227416,0.019579299576329562,18.28055927544455,1.52,bF418377,bF,G,g
644245142208,2459942.7218111,2.345726885454274,0.04548544640977185,15.47437200846529,0.02107692200907802,18.007959457985415,1.48,bk583548,bk,G,g
644245142208,2459942.7294136,2.4292005328501642,0.059988169897706216,15.436407202997406,0.026841971922755475,17.707476579429485,1.51,bj583517,bj,G,g
644245142208,2459943.6794619,1.6331332320842673,0.04032678539999879,15.867511581752964,0.02684010191584987,18.13865660109733,1.47,bk583808,bk,G,g
644245142208,2459943.7063583,1.5736283511139508,0.05233476538348321,15.90781019377273,0.036149332532675695,17.855664907522296,1.47,bk583829,bk,G,g
644245142208,2459943.7075059,1.6416787000565254,0.04325123801791683,15.861845213597828,0.02863667247144488,18.062644253520755,1.46,bF419467,bF,B,g
644245142208,2459943.7100907,1.548426555582432,0.061593788874512126,15.925339095082371,0.043237291607021854,17.678798311287906,1.49,bF419469,bF,B,g
644245142208,2459944.7254588,1.6935159382805884,0.044514996055399075,15.828092401533091,0.028571248834382643,18.03137476337196,1.45,bk584144,bk,G,g
644245142208,2459945.4537607,1.7383949475450926,0.06778763947359273,15.799694494570083,0.0423851995906766,17.574764333920466,1.73,bn421557,bn,G,g
644245142208,2459945.4550011,1.6770666999260868,0.08119825576429529,15.838689783247945,0.0526269907217957,17.378773861001736,1.68,bn421558,bn,G,g
644245142208,2459946.4318261,1.7842820836637232,0.14062645487604283,15.7714068356149,0.08566741977406767,16.782473040068144,1.49,bo422394,bo,G,g
644245142208,2459947.4479331,2.8094974421636745,0.10995625106054435,15.27849401968572,0.04254058480444812,17.0495908008716,1.80,bn422130,bn,G,g
644245142208,2459947.4597445,2.7858428266291972,0.1501501224796502,15.287674096058383,0.058584301062907095,16.711326384453425,1.50,bo422712,bo,G,g
644245142208,2459948.6797745,2.2645331420915666,0.09665657410970371,15.512618919557974,0.04639432810440884,17.189562116527377,1.58,bj585268,bj,G,g
644245142208,2459948.6886314,2.290832411520502,0.1234667158622723,15.50008232468419,0.05858261448952262,16.92376587060235,1.49,bG421666,bG,G,g
644245142208,2459948.7177173,2.481133390093136,0.0835795979079847,15.413440338945383,0.036615278079429645,17.34738991776498,1.46,bk585335,bk,G,g
644245142208,2459949.7358248,2.1252274216164904,0.11191319706410272,15.581552094941916,0.05723847630620985,17.030437355037012,1.48,bG421991,bG,G,g
644245142208,2459949.7373548,1.4954506587849101,0.11357041604497828,15.96313540128273,0.08254776155371014,17.014477569573355,1.56,bj585616,bj,G,g
644245142208,2459953.4060348,3.1389999123946977,0.11301221238639336,15.158087363333575,0.03913327961702478,17.019827168984925,1.57,bo423791,bo,G,g
644245142208,2459953.4085269,3.893708310462209,0.2522311076348643,14.924157087078704,0.07041211759302411,16.14814399386453,1.54,bo423793,bo,G,g
644245142208,2459954.6947133,2.1137027829838937,0.12341538982305254,15.587455824249206,0.06346548054488996,16.924217313121243,1.54,bj586949,bj,G,g
644245142208,2459955.4412899,1.7299628641557638,0.16835338598820898,15.804973670913036,0.10577846186660828,16.587085972667154,1.48,bo424374,bo,G,g
644245142208,2459956.7340413,1.478797824653969,0.08771683664944001,15.97529361467162,0.06447425474455569,17.294933208353473,1.41,bk587521,bk,G,g
644245142208,2459958.5222441,1.6789015283320574,0.06331482080004693,15.837502561145184,0.04099136026144821,17.648877156372063,2.43,bn424284,bn,G,g
644245142208,2459961.6753645,1.526240248384751,0.04773621261151001,15.941008366978052,0.03399673654008255,17.955520713599192,1.41,bk588926,bk,G,g
644245142208,2459963.7052647,2.2302236589773234,0.045336488031994464,15.529194575660751,0.022095896589009092,18.011520924711824,1.45,bk589876,bk,G,g
644245142208,2459964.7243771,1.975731312951695,0.03469759272676743,15.660745914918117,0.019089020078678166,18.301892248798357,1.48,bk589264,bk,G,g
644245142208,2459965.5856816,2.0524562402103292,0.03502811476846038,15.619380856205215,0.018550474814460868,18.291598701468466,1.44,bo426010,bo,G,g
644245142208,2459965.7582958,1.7106850346946612,0.03978275106586162,15.817140481956308,0.025277663536397793,18.153403580797722,1.45,bk589601,bk,G,g
644245142208,2459966.5839817,2.9866894218882423,0.05189719100600998,15.212090462803152,0.018887129612646637,17.864780981927208,1.49,bo426560,bo,G,g
644245142208,2459966.7313447,2.326661686327075,0.05279971257345967,15.483232526595458,0.024666668241858737,17.84606171552906,1.47,bG426247,bG,G,g
644245142208,2459967.600954,1.9270392947269133,0.031103228277676486,15.687839195906868,0.01754393743608244,18.42062694189609,1.48,bk590714,bk,G,g
644245142208,2459967.7220077,2.0440987712678793,0.032203631950095256,15.623810929364012,0.01712439157239501,18.382878475142434,1.44,bk590804,bk,G,g
644245142208,2459970.5999648,1.7092348051956798,0.05493125114607638,15.818061302817819,0.034932521558196455,17.803091884248836,1.46,bk591796,bk,G,g
644245142208,2459970.6024579,1.8914225488864327,0.09929357871361234,15.708094216682325,0.05706170893073083,17.160337702172917,1.51,bk591798,bk,G,g
644245142208,2459971.8066516,1.894889732638375,0.044805807450984045,15.706105765809632,0.02570174073022392,18.024304840930256,1.50,bG427960,bG,G,g
644245142208,2459972.3761008,1.849179391159991,0.05235005421975102,15.732618010674509,0.03077161313800965,17.855347771890873,2.17,bn427635,bn,G,g
644245142208,2459974.5872578,2.2400333382293813,0.09309436860331638,15.524429417405178,0.045173225488932156,17.23033208456549,1.67,bG428836,bG,G,g
644245142208,2459975.8584341,1.7280140429365844,0.042950802698684544,15.806197453509121,0.02701694196184209,18.070212399734636,1.46,bk593856,bk,G,g
644245142208,2459976.8343296,2.8227145090110155,0.060133156907506646,15.273398233354008,0.023155769690742647,17.704855600684212,1.48,bG429696,bG,G,g
644245142208,2459977.8651162,1.6364724610676458,0.050946189607537294,15.865293869035282,0.03383881755977922,17.884861342465534,1.54,bj594537,bj,G,g
644245142208,2459979.7758212,3.10252196975821,0.11239508709123111,15.170778458450012,0.039377182213724084,17.025772291006373,1.59,bG430678,bG,B,g
644245142208,2459979.8304516,2.9687343889882154,0.15283644060461082,15.21863726416017,0.05595871644522404,16.692073324228666,1.71,br497064,br,G,g
644245142208,2459982.6500376,1.7438439166059607,0.13612959389723106,15.796296595662234,0.08485102851193375,16.8177592391184,1.54,bk596218,bk,G,g
644245142208,2459983.5740276,1.7840473026695758,0.16516780097711667,15.771549709323185,0.10063086230098606,16.60782714473385,1.60,bk596545,bk,G,g
644245142208,2459984.6720924,2.1899455956426443,0.10672331736786522,15.548982307562841,0.05297099894419733,17.08199232066302,1.59,bk597021,bk,G,g
644245142208,2459985.7519012,2.8725817992880227,0.12284824567012292,15.254384611149828,0.04648456028247723,16.929218214107372,1.61,bj597450,bj,G,g
644245142208,2459986.6664887,2.190787340364601,0.11358585049754477,15.548565065633518,0.05635548403116337,17.014330025820918,1.59,bj597773,bj,G,g
644245142208,2459986.8673198,1.615848626544058,0.10069655517935,15.87906393869793,0.06773702410661692,17.14510407736671,1.55,bk597952,bk,G,g
644245142208,2459988.4520497,1.770662770885005,0.06802401973514348,15.779725981996911,0.041757896027299186,17.57098488127688,1.48,bo432645,bo,G,g
644245142208,2459989.6152193,1.8172720123624369,0.04045233820634274,15.75151577700834,0.024195570357032424,18.13528153756257,1.46,bk598918,bk,G,g
644245142208,2459989.6177233,1.7649705900638384,0.06790817480445903,15.783221939586515,0.0418212257465649,17.572835466655242,1.50,bk598920,bk,G,g
644245142208,2459989.8309671,1.6583683683716683,0.06111202481043039,15.850863108643713,0.04005510186473458,17.68732392810282,1.56,bj599034,bj,G,g
644245142208,2459990.3140453,1.6790683774282416,0.036473529538323946,15.837394666131415,0.023611391492732905,18.247696131533925,1.50,bo433313,bo,G,g
644245142208,2459990.880673,1.6481193604914401,0.0724871451519243,15.85759396958694,0.047806231183183966,17.50198812206921,1.73,bG434843,bG,G,g
644245142208,2459994.5629139,1.7854042194102098,0.06030886261944102,15.770724230285857,0.03671611774532799,17.701687766253794,1.66,bG435770,bG,G,g
644245142208,2459994.8883258,2.2592548560769163,0.05001616032398329,15.515152561199944,0.02406341697585476,17.904864740322655,1.47,bF434726,bF,G,g
644245142208,2459996.6628723,2.226637988091352,0.03618166376631649,15.530941586830265,0.017662455957594397,18.25641927783052,1.53,bF435373,bF,G,g
644245142208,2459996.6641756,2.233441849740848,0.0365185554612003,15.527628998300901,0.01777260600165149,18.246356636140128,1.58,bF435374,bF,G,g
644245142208,2459996.8357204,2.037388462077013,0.07648845447221903,15.627381016335505,0.040806957521281155,17.44365089732995,1.53,bk601551,bk,B,g
644245142208,2459996.8369607,1.9815199814876605,0.15244112410720606,15.657569482075196,0.08362109672251297,16.694885254898292,1.54,bk601552,bk,B,g
644245142208,2459997.2938515,2.161413634085952,0.03425692713440301,15.563220905662952,0.01722751711022139,18.315769601647833,1.64,bo434105,bo,G,g
644245142208,2459997.6023704,1.8368487770413489,0.04947146125699998,15.739882113662297,0.02927477107825647,17.91675376526292,1.61,bG437009,bG,G,g
644245142208,2459997.8580292,2.304146279223721,0.06437015981523621,15.493790505019005,0.030365938850086177,17.630929143001108,1.61,bj601953,bj,G,g
644245142208,2459998.3872227,2.563958082234415,0.05395710093283132,15.377788320558318,0.022874407799197173,17.822519093018556,1.46,bo434568,bo,G,g
644245142208,2459998.6241598,1.7711633774792888,0.04151655005178747,15.779419063088637,0.02547855574064743,18.10708746825511,1.49,bk602230,bk,G,g
644245142208,2459998.6485378,1.6998306768057265,0.059199397710946934,15.82405146558852,0.037855047742673814,17.721847390755784,1.55,bG437454,bG,G,g
644245142208,2459998.8420864,1.7320052365978367,0.04163847618240947,15.803692620425755,0.026131106468622295,18.10390354263606,1.52,bF436330,bF,G,g
644245142208,2459998.8433846,1.70190793659579,0.04610384129997869,15.822725463389403,0.02944511268833674,17.993297832356138,1.55,bF436331,bF,G,g
644245142208,2459998.8446828,1.7133925989927843,0.05598292740987817,15.815423405702564,0.03551492406935024,17.782501600272084,1.58,bF436332,bF,G,g
644245142208,2459999.2806312,1.735702423224002,0.031448201728712426,15.801377447815737,0.019693944946218633,18.4086510697891,1.57,bo434885,bo,G,g
644245142208,2459999.5852259,2.5908431507758465,0.04024498194384707,15.366462818121844,0.016884289416763225,18.140861269245093,1.44,bk602627,bk,G,g
644245142208,2459999.8575821,1.8425049308914472,0.034063540023479805,15.736543975315321,0.020095244447530143,18.32191616233072,2.02,bF436756,bF,G,g
644245142208,2459999.8588803,1.8105623332551852,0.043706087491733124,15.755531919500779,0.02623859779156504,18.051285784465513,2.01,bF436757,bF,G,g
644245142208,2460000.3588518,1.8620107882474504,0.029259282392939897,15.725110140036854,0.01708022747190787,18.486981435182223,1.58,bo435341,bo,G,g
644245142208,2460000.90383,1.2143249459452967,0.4280693369053337,15.573855311593325,99.999,15.573855311593325,1.60,bG438471,bG,G,g
644245142208,2460001.4278763,2.3947487060437664,0.0384851632890221,15.451915754110807,0.017468095554921837,18.189407277514416,2.05,bo435693,bo,G,g
644245142208,2460001.5877,1.7967519092567876,0.03641406376630826,15.763845334739317,0.022028920013885216,18.24946774047364,1.46,bk603483,bk,G,g
644245142208,2460002.3586816,1.7014555865762282,0.03230115986488535,15.823014079514605,0.020635247050747735,18.379595318472358,1.53,bo435915,bo,G,g
644245142208,2460002.8637818,1.740289525040553,0.04965493921573967,15.798511856938454,0.031013667117171576,17.91273447496031,1.58,bG439275,bG,G,g
644245142208,2460003.3658977,1.8116625795350354,0.03798409889871476,15.754872337456217,0.02278959917080061,18.203636041334725,1.47,bo436310,bo,G,g
644245142208,2460004.3692479,2.6315060082492483,0.07120891375390809,15.349554707445431,0.029413192661591092,17.521304709097514,1.52,bo436673,bo,G,g
644245142208,2460004.8524787,1.7836314276578076,0.05543656172691879,15.771802832203976,0.033783399068604364,17.793149894614068,1.57,bG440103,bG,G,g
644245142208,2460005.3244333,1.8283750231987732,0.07467515351381737,15.744902422505895,0.04439387111168726,17.469700301241883,1.40,bo436979,bo,G,g
644245142208,2460005.5941918,2.599613687831287,0.04598139971910771,15.362793584767116,0.01922584980119615,17.996185142726247,1.51,bn436580,bn,G,g
644245142208,2460005.6278068,2.404667435370107,0.0681941740930289,15.447428067046642,0.03082509505669869,17.568272426535728,1.58,bk605249,bk,G,g
644245142208,2460005.6290472,2.272224667733878,0.11191237667062089,15.508937446483655,0.05353514967636306,17.030445314189226,1.57,bk605250,bk,G,g
644245142208,2460006.2742634,2.221435747298961,0.1092838748083832,15.53348123166778,0.05347299402574548,17.056250398662556,1.67,bo437290,bo,G,g
644245142208,2460006.6787684,2.2176614678417943,0.05820390233435951,15.535327495735615,0.028527848885144955,17.740260353190994,1.59,bG440686,bG,G,g
644245142208,2460007.4875527,2.279992862233509,0.07158346450191173,15.505231903791461,0.0341264724455377,17.515608827492887,1.47,bo437687,bo,G,g
644245142208,2460007.8345571,1.8521381722477068,0.07712909005709505,15.730882165868909,0.04526442395581266,17.434595092108662,1.51,br505111,br,G,g
644245142208,2460009.5883367,1.9104340194720848,0.13437268096539612,15.697235514570034,0.07645239795262293,16.83186315601619,1.61,bk606829,bk,G,g
644245142208,2460011.7895977,1.3818189378527241,0.20450009522581214,16.048937771276893,0.16086240108084324,16.37590682500878,1.55,bG442569,bG,G,g
644245142208,2460012.5105996,2.145579222390494,0.10192476707385656,15.571204235140994,0.05163537619190593,17.131941292334897,2.17,bo438194,bo,G,g
644245142208,2460012.6427175,1.7971496499131536,0.16714098772180538,15.763605015729254,0.10109062796351748,16.594933200673346,1.58,bj608087,bj,G,g
644245142208,2460012.6452095,2.5529035876693484,0.2923794196761148,15.38247958814453,0.12448715986544223,15.98777361203113,1.62,bj608089,bj,G,g
644245142208,2460013.5053119,1.988132428625235,0.05617661388842227,15.653952349309975,0.030713012853708525,17.77875171633474,1.63,bk608435,bk,G,g
644245142208,2460013.5114369,1.8685258907709992,0.11188342839917233,15.721317822476271,0.06508468669001592,17.030726196903203,1.74,bo438574,bo,G,g
644245142208,2460013.6415825,1.7592558689374678,0.11937617325590155,15.786743100974668,0.07375658785730316,16.960346479050425,1.59,bj608503,bj,G,g
644245142208,2460015.4341817,1.6850394329432317,0.07111699951240978,15.833540450793118,0.0458749421024004,17.52270704871805,1.69,bn438627,bn,G,g
644245142208,2460016.39994,2.6629584603493286,0.08134510979480881,15.336654642517749,0.03320314564405719,17.376811987250964,1.48,bo439450,bo,G,g
644245142208,2460016.7489749,1.8014300568952022,0.05800547075490546,15.76102211058226,0.0349996518001147,17.743968222076994,2.04,bF443130,bF,G,g
644245142208,2460016.8209664,1.9853216700632104,0.07561176444104532,15.655488414791972,0.04139717090620401,17.456167179754804,1.40,bG444452,bG,G,g
644245142208,2460016.8220676,1.5177644311757739,0.07660167725226562,15.947054694996588,0.0548587718589535,17.442044914076437,1.62,bj609755,bj,G,g
644245142208,2460017.3777267,1.6044258416897481,0.042014727479510385,15.886766501453858,0.028463878389573483,18.09413673414134,2.02,bn439256,bn,G,g
644245142208,2460018.8306567,2.1803444794345346,0.04147941171855678,15.553752835864064,0.0206785292464798,18.108059140486002,2.03,bF443999,bF,G,g
644245142208,2460019.6783615,1.6572900096127985,0.04044551811592892,15.851569341345657,0.026526751163785924,18.135464603454206,1.51,bk610938,bk,G,g
644245142208,2460021.5444242,1.7038529108319633,0.04333492662357713,15.821485370928595,0.027645098243594353,18.060545447602696,1.54,bF445000,bF,G,g
644245142208,2460022.3486762,2.7433507355733404,0.0775878492367942,15.304362283742538,0.03074146431299115,17.428156328354596,1.58,bn440565,bn,B,g
644245142208,2460023.3952294,1.6853478681841445,0.03850464857866013,15.833341732201516,0.024833376942495433,18.188857701294946,1.67,bo441484,bo,G,g
644245142208,2460024.7928467,2.3039937797403574,0.03972577678298316,15.493862366641366,0.018741453442761707,18.154959616456352,1.49,bk613172,bk,G,g
644245142208,2460025.2546118,2.3137487044731233,0.054304568978224145,15.489275150811036,0.025511286207096764,17.81554968394551,1.62,bn441242,bn,G,g
644245142208,2460025.6157809,1.8129970879159694,0.031022129166346626,15.754072855980361,0.018598874670204123,18.42346160699851,1.47,bk613469,bk,G,g
644245142208,2460025.6619166,1.8842629298199798,0.05789963623226738,15.712211862070795,0.03340000284089809,17.745951023488672,1.48,bG447975,bG,G,g
644245142208,2460026.5116157,2.9927744847480415,0.05075960612608622,15.209880640839511,0.01843556378899826,17.888845002724512,1.60,bo442298,bo,G,g
644245142208,2460026.5323325,2.7902452821410364,0.06027882747165564,15.285959666071275,0.02348197309479122,17.70222862159343,1.65,bk613842,bk,G,g
644245142208,2460027.8000756,2.48634480788484,0.0483923013587662,15.411162230486752,0.02115568500276676,17.940699921346944,1.67,bk614500,bk,G,g
644245142208,2460027.8233624,2.3630530927672897,0.03518623870778971,15.466381923748463,0.016184956553013115,18.286708499750407,2.00,bF447677,bF,G,g
644245142208,2460028.4327161,2.153917461258658,0.04711485979243861,15.566992979806196,0.023776121900367472,17.96974585380857,1.54,bn441920,bn,G,g
644245142208,2460028.8274603,1.9188120678950524,0.04574632884730122,15.692484519306145,0.025914090972309123,18.00174999250331,1.98,bF448114,bF,G,g
644245142208,2460030.708377,3.064870966858887,0.07888365910266985,15.184035134412685,0.027976090558934484,17.410172992409215,1.48,br512683,br,G,g
644245142208,2460031.2491133,1.9530789423835822,0.022177540203370393,15.673266128311578,0.012342574300025819,18.78785717342691,1.71,bo442811,bo,G,g
644245142208,2460031.2738458,2.2043177365563125,0.03313782758465306,15.541880134483264,0.016340374716431145,18.35183052646943,1.52,bn442247,bn,G,g
644245142208,2460031.8085118,1.8161896733893999,0.04624707329880014,15.752162617264405,0.027678033120663265,17.989929976343692,2.07,bF449402,bF,G,g
644245142208,2460032.3094448,2.067154556282686,0.0255793409112134,15.611633249737547,0.013450194781386133,18.632917236291885,1.55,bn442646,bn,G,g
644245142208,2460032.3714648,2.1683940458261652,0.027803311419339657,15.55972010707009,0.013937038211005132,18.542399301008395,2.15,bo443270,bo,G,g
644245142208,2460032.789845,1.8370736516995185,0.052560809739638274,15.739749201461265,0.031099087878994916,17.850985493334,1.68,bG451092,bG,G,g
644245142208,2460033.527955,1.6977857310530249,0.05076716287049145,15.825358424139486,0.032502157229256326,17.888683377744478,1.54,bF450067,bF,G,g
644245142208,2460034.7842391,1.7890044140787371,0.050657102723219154,15.768537091982198,0.030778050486681887,17.891039743507623,2.34,bk617636,bk,G,g
644245142208,2460034.7867313,1.9450303639410291,0.08010992271683175,15.677749658527521,0.044768454296335095,17.393424829525397,2.32,bk617638,bk,G,g
644245142208,2460034.8147217,2.0626819696791054,0.07780774659520083,15.613984941419488,0.04100178255624952,17.42508351690924,1.63,br513990,br,G,g
644245142208,2460035.2401647,2.2615590922225293,0.04738907449134401,15.514045772531858,0.02277626251495685,17.963445043915417,1.58,bo444280,bo,G,g
644245142208,2460035.2520695,2.0588113230613896,0.03359396935768261,15.616024251982768,0.017736051708779538,18.336987307085813,1.56,bn443707,bn,G,g
644245142208,2460036.278813,2.0159639730125307,0.054705931801053855,15.638858705702756,0.029496047620391663,17.807554562117126,1.49,bo444740,bo,G,g
644245142208,2460036.3968762,1.5439830331706936,0.0462520945949229,15.928459313372363,0.032561248915284315,17.989812098461655,1.56,bn444247,bn,G,g
644245142208,2460036.8052087,2.3776483440194056,0.05832759558514951,15.45969656590399,0.026664818024125486,17.737955426308524,1.99,bF451601,bF,B,g
644245142208,2460036.8077587,2.259789501807381,0.09566655529321584,15.514895655454826,0.046015518748587204,17.20074027040209,2.01,bF451603,bF,B,g
644245142208,2460037.2931842,2.3906615679919234,0.07893037831875903,15.453770372453485,0.03588709109879405,17.409530150407623,2.11,bn444539,bn,G,g
644245142208,2460037.3007776,2.4150947948382364,0.06788207995282322,15.442730167516622,0.030551541774525008,17.57325275912705,1.49,bo445127,bo,G,g
644245142208,2460039.4404559,1.6693036495002727,0.11109837893968252,15.843727265144222,0.0723410073291842,17.03837130618468,1.77,bo445732,bo,G,g
644245142208,2460039.4444604,1.6130109513588273,0.15836973045172506,15.880972332299345,0.10672029921158083,16.653460167582605,1.57,bn445152,bn,G,g
644245142208,2460039.672523,2.665685489323857,0.12315206979785029,15.3355433525252,0.05021633120957543,16.926536323050033,1.62,bj619803,bj,G,g
644245142208,2460039.7522232,2.5653309041177046,0.15420194176664254,15.37720713963405,0.06533691462534193,16.682416005085635,1.48,bG453295,bG,G,g
644245142208,2460040.3479699,3.1843187874113563,0.1584248399571181,15.142524274332889,0.05407778695953228,16.6530824187736,1.57,bo446089,bo,G,g
644245142208,2460040.3517165,2.353537733585699,0.15496267125767677,15.470762708243475,0.07156787152633741,16.677072876004416,1.64,bn445509,bn,G,g
644245142208,2460041.7501116,2.0194258226240076,0.15072248464095786,15.636995858953862,0.0811264201030859,16.707195499449632,1.44,bk620824,bk,G,g
644245142208,2460042.7651709,2.162266037170036,0.13023775411345256,15.562792805076509,0.06546963869235593,16.86579836540923,1.47,bG454311,bG,G,g
644245142208,2460042.7929788,1.8628539212282993,0.16506917505603885,15.724618621504092,0.0963162029618267,16.608475659250377,1.61,bF453943,bF,G,g
644245142208,2460043.5483216,1.8677875581097592,0.09589218586696521,15.72174692700557,0.05580433190025226,17.19818256518199,1.54,bj621559,bj,G,g
644245142208,2460044.7584528,2.0222082766147427,0.08432413094751558,15.635500913375456,0.04532503656192299,17.337760926431642,1.48,bG455211,bG,G,g
644245142208,2460044.7750904,1.5435985065006306,0.11162546340619907,15.928729748030804,0.07860335762865106,17.0332324243247,1.61,bj622204,bj,G,g
644245142208,2460045.7486033,2.641481637504812,0.06946553615426758,15.345446632290663,0.028584721728488242,17.548217131272857,1.44,bk622686,bk,G,g
644245142208,2460045.7523494,2.077748535597932,0.06682972584980494,15.606083160055395,0.03496140419012693,17.59021641255189,1.58,bj622652,bj,G,g
644245142208,2460045.7702752,2.39401769858429,0.06184052945271306,15.452247230405035,0.02807747279235939,17.674457613508064,1.45,br518047,br,G,g
644245142208,2460046.7425387,1.8100295623309735,0.07068015885534372,15.75585145216401,0.04244475406602532,17.529396819134597,1.44,bG456112,bG,G,g
644245142208,2460046.7666838,1.6777161398492941,0.08276196581759707,15.838269415981314,0.053619713347616074,17.358063617018736,1.60,bj623135,bj,G,g
644245142208,2460047.7474342,1.5916695498860838,0.06809125039995759,15.89543335253043,0.04649974531516491,17.56991233779631,1.47,bG456577,bG,G,g
644245142208,2460047.7711322,1.8131968881268894,0.06362712999667296,15.75395320969317,0.03814253397537667,17.643534776112844,1.55,bF456206,bF,G,g
644245142208,2460048.628472,2.37251768314309,0.046594375560697725,15.462041977159988,0.02134696856082746,17.98180687177591,1.41,bG456952,bG,G,g
644245142208,2460048.7626304,2.356536092439474,0.049420814540871286,15.4693803829032,0.022795439818301788,17.917865863810903,1.47,br519333,br,G,g
644245142208,2460049.7423318,1.6971904153809236,0.051234747234312566,15.825739196054931,0.03281301976566528,17.8787291165323,1.45,bG457502,bG,G,g
644245142208,2460049.7659795,1.850168555864699,0.04559453694923797,15.732037382967494,0.02678635907823427,18.005358587836643,1.54,bF457131,bF,G,g
644245142208,2460050.6788022,1.7738939131364588,0.05032296097704366,15.777746513527596,0.03083548019537829,17.89822514431187,1.55,bj624979,bj,G,g
644245142208,2460052.4690761,1.8958312821443761,0.03987604340024433,15.705566409626853,0.022862543646828264,18.15086046143332,1.47,bo449950,bo,G,g
644245142208,2460052.7014221,1.70812915117944,0.05516386434507902,15.818763861077683,0.03510315485969796,17.798503906906745,1.60,bj625963,bj,G,g
644245142208,2460052.7325604,1.723450216869853,0.04620672807161945,15.809068764760108,0.029141952540347762,17.990877569108306,1.57,bF458414,bF,G,g
644245142208,2460053.6177336,2.0886274706712826,0.03812164443175723,15.600413157873849,0.019839138676654988,18.199711545729343,1.42,bG459145,bG,G,g
644245142208,2460053.7063439,1.7050346488078367,0.04849184785185188,15.820732599982712,0.030913465782414416,17.9384687768199,1.56,bj626450,bj,G,g
644245142208,2460053.7088366,1.5131909461170614,0.10317775689118307,15.950331287001882,0.07411472824303428,17.118675406504046,1.59,bj626452,bj,G,g
644245142208,2460055.6906324,1.6754553705121031,0.047228409730606574,15.839733462472429,0.030639567529847124,17.967132305665256,1.43,br521953,br,G,g
644245142208,2460056.6766736,1.9395202731618575,0.028007830410442816,15.680829813542443,0.01569630095939389,18.534441941245674,1.45,bk627510,bk,G,g
644245142208,2460057.645473,2.6582663245152367,0.04649536731239893,15.338569398341468,0.019011805651220678,17.984116403996396,1.44,bk627955,bk,G,g
644245142208,2460058.7405531,1.5908229474221656,0.04624334199875919,15.896011004775376,0.03159654080550886,17.990017579097653,1.65,bF460663,bF,G,g
644245142208,2460059.7229931,1.8143284002805036,0.058957282223159324,15.753275875337941,0.03532106007190861,17.726296972766583,1.53,br523267,br,G,g
644245142208,2460060.6973215,2.3375842303378596,0.06320033803983705,15.478147450306539,0.029387612526197458,17.650842108440205,1.47,br523660,br,G,g
644245142208,2460061.6564982,1.6925833262903964,0.0371611193797163,15.828690476515085,0.023864420993344276,18.22741864273505,1.46,bk629766,bk,G,g
644245142208,2460061.6901079,1.7388638541296366,0.03907387098229187,15.799401672616003,0.024424913309302215,18.17292451600295,1.60,bF461985,bF,G,g
644245142208,2460061.7224707,1.7830088043038292,0.04950840579228435,15.772181903083148,0.030181278088440025,17.915943256568884,1.62,bj629780,bj,G,g
644245142208,2460062.6211626,1.9342461326726275,0.03768935403484673,15.683786279274496,0.02117966709423185,18.21209387630223,1.48,bk630211,bk,G,g
644245142208,2460062.6697436,1.9941026823253314,0.03474986353777303,15.650696828091494,0.0189416478583147,18.300257852789336,1.54,bF462363,bF,G,g
644245142208,2460062.7044019,1.8715521635138606,0.04403295181807785,15.719560781820014,0.025573374380451864,18.043196111322054,1.61,bj630240,bj,G,g
644245142208,2460063.6559445,2.736796176286883,0.08081376752470723,15.306959486274337,0.03209630750670948,17.38392722650223,1.57,bj630674,bj,G,g
644245142208,2460063.6597234,2.790965351128969,0.055910780787164875,15.28567951001703,0.02177475538617945,17.783901718517306,1.46,bk630714,bk,G,g
644245142208,2460063.7015612,2.659414327093771,0.061354462845035734,15.33810061201762,0.02507681215664191,17.683025215851448,1.59,bF462851,bF,G,g
644245142208,2460064.6909877,1.602702166498533,0.07321424764628362,15.887933562285706,0.04965408147991331,17.491151601690508,1.58,bk631123,bk,G,g
644245142208,2460064.691289,1.8054029176942192,0.08038046711623884,15.758630272323709,0.04839366996482907,17.389764297228385,1.64,bF463216,bF,B,g
644245142208,2460065.6701403,1.9692843220226837,0.0485795902021225,15.664294563817048,0.026813752490232427,17.936505994064564,1.58,bF463658,bF,G,g
644245142208,2460065.6707315,1.952565989198152,0.04287798015447885,15.673551321593472,0.023869359819716714,18.072054814111524,1.55,bk631588,bk,G,g
644245142208,2460066.6594051,2.820583429706591,0.0736799977415302,15.274218246789816,0.02839375471875747,17.484266601750637,1.56,bF464116,bF,G,g
644245142208,2460066.6620714,2.5070279279023753,0.08893247431450507,15.402167692386355,0.03855790032280533,17.279989672450302,1.42,bk632058,bk,G,g
644245142208,2460067.6618385,1.3823102665438727,0.13138657720986724,16.04855178834007,0.10331363401091714,16.85626311431603,1.58,bj632488,bj,G,g
644245142208,2460067.6923512,1.720443692802784,0.1408431730269321,15.810964463608553,0.08898309552616408,16.78080110984321,1.47,bk632549,bk,G,g
644245142208,2460068.5681366,1.9451005137859956,0.13236130291244466,15.677710500859646,0.07396583385119568,16.848238027611202,1.53,bj632882,bj,G,g
644245142208,2460068.6798583,2.1750970993082444,0.1593775993439737,15.556368999225134,0.07964541954524859,16.646572409208268,1.51,bk633006,bk,G,g
644245142208,2460069.5992089,2.4490125432779073,0.13234481243403243,15.427588098565558,0.05873920792621659,16.84837330449701,1.63,bj633374,bj,G,g
644245142208,2460071.5827736,2.2234556094333238,0.0966537250310889,15.532494463972984,0.0472500536224774,17.189594120490085,1.55,bF466306,bF,B,g
644245142208,2460071.6669789,1.9995231943526695,0.11464180921381974,15.647749506558553,0.06232018840335396,17.004283033343647,1.39,bG466719,bG,G,g
644245142208,2460072.6856054,3.177167475045322,0.12366270132553643,15.144965352313008,0.042306860043552656,16.922043788625196,1.48,bk634889,bk,G,g
644245142208,2460073.6555396,1.9426433078955445,0.07745085862213784,15.679082956389344,0.04333565279404073,17.430075019638934,1.58,bF467278,bF,G,g
644245142208,2460073.6697512,1.7417383591211961,0.10094864276296853,15.797608330740987,0.06299843201896614,17.14238940068028,1.51,bk635353,bk,G,g
644245142208,2460075.6895498,2.717476922226295,0.06464676261167249,15.31465096080253,0.025857890330311065,17.626273658667596,2.03,bF468233,bF,G,g
644245142208,2460076.6912734,2.903158702411909,0.21338806132602042,15.242888678846818,0.07989351210007621,16.32971531698805,1.52,bj636778,bj,G,g
644245142208,2460077.6605429,1.8357264583131832,0.05272512041120147,15.740545703670012,0.031219201112946564,17.847596660856205,1.46,bk637245,bk,G,g
644245142208,2460077.6808683,1.9377656737755795,0.04073738497153776,15.681812476278512,0.022850939549948303,18.127657743503086,1.60,bF469137,bF,G,g
644245142208,2460078.6625589,2.4711637450942496,0.08856647888247564,15.417811812970939,0.03895650865706037,17.284467164259052,1.46,bG469953,bG,G,g
644245142208,2460078.6828223,2.4642403076346295,0.049758550396060315,15.420857979632006,0.021948095199042634,17.910471312267543,1.53,bj637712,bj,G,g
644245142208,2460079.6581108,1.77451750861839,0.07827340794918759,15.777364900395208,0.04794530954803521,17.41860500394926,1.47,bG470338,bG,G,g
644245142208,2460080.3576276,1.8805469693358543,0.0589312658895834,15.71435515974123,0.034062283387501745,17.72677618599279,1.59,bo456058,bo,G,g
644245142208,2460080.4703846,2.912227613729586,0.07512206654004891,15.23950233345132,0.028038474660177806,17.463221795266055,1.40,bG470666,bG,G,g
644245142208,2460080.6779469,1.7683366731014938,0.09514701558410463,15.78115323791092,0.05848471656235416,17.206652684947173,1.57,bj638596,bj,G,g
644245142208,2460081.360693,1.6265700931367966,0.056907479018317726,15.871883665031849,0.03802845983440261,17.764717244095237,1.48,bo456507,bo,G,g
644245142208,2460082.6702434,1.8361500824802628,0.07606314645771158,15.740295181032696,0.04502754643810384,17.44970489483801,1.56,bj639311,bj,G,g
644245142208,2460084.3522601,1.704046695814215,0.05510586945488332,15.821361893481676,0.0351502598709425,17.799645963854054,1.52,bo457092,bo,G,g
644245142208,2460087.658934,3.19909858678363,0.08319167491921417,15.137496562368629,0.028266004049207944,17.352440941074327,1.53,bj641089,bj,G,g
644245142208,2460088.2806038,2.504960354782475,0.047066438939427135,15.403063480242587,0.020423146682770326,17.970862259687863,1.56,bo457821,bo,G,g
644245142208,2460088.2818439,2.493640621842694,0.0681484881185848,15.407980962133179,0.029705340440123063,17.56900004792078,1.50,bo457822,bo,G,g
644245142208,2460088.6535508,1.9258027093186565,0.05008722646542845,15.68853613888699,0.028270101188965446,17.90332315220787,1.59,bj641525,bj,G,g
644245142208,2460089.6295843,2.024586863673869,0.06361353597098719,15.634224585667166,0.03415271976480114,17.643766769961655,1.48,bG474093,bG,G,g
644245142208,2460089.6511563,1.943685498203768,0.045552835344967756,15.67850063624431,0.025474260886176884,18.006352076591664,1.56,bF473749,bF,G,g
644245142208,2460091.6190349,1.657378193999419,0.06923995113967735,15.851511570868862,0.04540956115427051,17.551748729601325,1.47,bk642636,bk,G,g
644245142208,2460091.6429664,1.8315696731112694,0.05587517760766042,15.743007012470922,0.033159474955058985,17.7845933199108,1.63,bF474366,bF,G,g
644245142208,2460092.6213997,2.046159331529113,0.07793568993272455,15.622717000809512,0.041400835772308645,17.423299650467698,1.56,bG475187,bG,G,g
644245142208,2460092.6428794,1.7645472610615414,0.09893136433527915,15.78348238514645,0.060941463026663166,17.164305615555556,1.60,bF474843,bF,G,g
644245142208,2460095.6141534,2.6192654334369614,0.2664797766802682,15.354616843348012,0.11058517685018564,16.08847997212038,1.47,bG476118,bG,G,g
644245142208,2460095.6344067,1.9722172960154398,0.21387296826472257,15.662678714352598,0.1178727202873219,16.327250869220208,1.53,bF475773,bF,G,g
644245142208,2460096.6293092,2.214085612694416,0.10915443099047063,15.537079597635149,0.053586961570754404,17.057537186302905,1.63,bj644502,bj,G,g
644245142208,2460097.6030311,0.9018213895525236,0.4241207629293801,15.583916776526499,99.999,15.583916776526499,2.03,bk645012,bk,B,g
644245142208,2460098.6046797,1.9493453932994278,0.16254999745320173,15.675343632089241,0.09063800619826695,16.6251731938729,1.54,bG477440,bG,G,g
644245142208,2460098.6246324,1.8961311934667584,0.10936978602046654,15.705394665004535,0.06269619032995641,17.05539720537231,1.58,bF477095,bF,G,g
644245142208,2460100.59605,1.6746874950306923,0.22489319604130792,15.840231178694676,0.1459670098792828,16.27269982041217,1.48,bG478261,bG,G,g
644245142208,2460100.6170439,1.4788561604231851,0.13655051143480706,15.975250785282517,0.10036437141283877,16.81440728374056,1.62,bj646336,bj,G,g
644245142208,2460101.5906745,1.8813710539125814,0.07942770321498584,15.71387947767186,0.045889118915029566,17.402710600494853,1.47,bk646848,bk,G,g
644245142208,2460101.6155754,2.301306976998525,0.10104315767065801,15.495129236927117,0.0477248451879644,17.141373337013967,1.67,bF478395,bF,G,g
644245142208,2460102.32101,1.3828449167808148,0.1463632579059302,16.04813192826866,0.11504579855143185,16.739060441688814,1.45,bo460678,bo,G,g
644245142208,2460102.6161006,2.6509015349985257,0.3624438739026024,15.341581630751254,0.14861386864112544,15.754538702392605,1.46,bG479162,bG,B,g
644245142208,2460103.5804343,1.7758412229906826,0.0768356859986733,15.776555289426854,0.047029570502878294,17.438733178788386,1.43,bG479576,bG,G,g
644245142208,2460103.6096917,1.3526947286979005,0.1573426161497224,16.072066128202593,0.12643250479438556,16.660524694076535,1.59,bj647700,bj,G,g
644245142208,2460107.6053525,2.0101529482146203,0.03455338345052569,15.641992864255247,0.01868416307478501,18.306414162199303,1.57,bF480132,bF,G,g
644245142208,2460108.5771762,2.671841755657474,0.05397990516598809,15.333038790430532,0.02196006175844511,17.82206031835316,1.56,bG480802,bG,G,g
644245142208,2460108.597016,2.683711523443328,0.05164826012712399,15.328226044834516,0.02091857216815428,17.87000137133921,1.55,bF480471,bF,G,g
644245142208,2460109.5236425,1.5923051014365197,0.07754139958654652,15.894999906028477,0.05293214843646395,17.428806522548946,1.59,bF480895,bF,G,g
644245142208,2460109.5677599,1.8110270673493731,0.0708081011645809,15.75525326911908,0.04249816512430822,17.52743324088292,1.49,bk649669,bk,G,g
644245142208,2460110.5707073,1.7150972038555168,0.05163532064805136,15.814343775035303,0.03272429597828131,17.870273415760366,1.51,bk650133,bk,G,g
644245142208,2460110.5941781,2.1244389619104527,0.05659355819029283,15.581954977983267,0.028955756445006624,17.770723111281807,1.59,bj650143,bj,G,g
644245142208,2460111.5425787,2.342959253199167,0.048539700779278105,15.475653782847692,0.02251876307847053,17.937397874401967,1.45,bG482143,bG,G,g
644245142208,2460111.54884,2.514822911487951,0.05494146029719525,15.398797101358426,0.02374679279050063,17.802890115404217,1.60,bj650601,bj,G,g
644245142208,2460112.552618,1.811504939782503,0.07921881592471103,15.75496681566393,0.04753363169087177,17.40556974453479,1.46,bk651105,bk,G,g
644245142208,2460112.5941003,1.4712275482030717,0.1455591974321871,15.980866001499578,0.10754048151237514,16.74504148054947,1.47,bF482318,bF,B,g
644245142208,2460113.5300072,2.140713587778594,0.06427052998313842,15.573669208095644,0.03263363773632847,17.6326109085075,1.44,bk651580,bk,G,g
644245142208,2460113.5753914,1.9915560787973297,0.04836567007348073,15.652084272522384,0.026397137933670448,17.94129758892752,1.54,bj651608,bj,G,g
644245142208,2460114.5603947,2.5536676590232217,0.05692714449915442,15.382154681314473,0.024230768932951063,17.764342111748313,1.62,bG483507,bG,G,g
644245142208,2460114.5682189,2.6611447490726183,0.08737474217803125,15.337394377266238,0.035688605769672276,17.299175843301,1.71,bF483167,bF,G,g
644245142208,2460119.5100869,2.2847318317321093,0.07140472957327407,15.502977541063647,0.03397065485530015,17.518323164650635,1.61,bF484080,bF,G,g
644245142208,2460120.4596068,1.7073619620457166,0.06912685646000347,15.819251618184802,0.044008177016253335,17.553523591907712,1.53,bG484838,bG,G,g
644245142208,2460121.571013,1.7437202736660307,0.06831664291461306,15.796373579831744,0.04258551195441585,17.56632431909434,1.67,bF485048,bF,B,g
644245142208,2460124.49021,1.9969562952312414,0.10415530021888104,15.649144221932723,0.05669241891620878,17.108437173758603,1.54,bj655118,bj,G,g
644245142208,2460124.5185846,1.6211910681331279,0.08594497860166513,15.875480116398094,0.057623346709765266,17.317089341964593,1.47,bG486454,bG,G,g
644245142208,2460126.3114371,1.9064148420303002,0.16323066319280347,15.699522096110528,0.09306716984864996,16.62063624861211,1.65,bn462436,bn,G,g
644245142208,2460126.4982858,1.8431544403439364,0.09222170375382308,15.736161305152851,0.05438555779536677,17.240557758068324,1.42,bk656111,bk,G,g
644245142208,2460126.5427459,2.6792195742751317,0.10723548148996659,15.330044853576787,0.04350532038752017,17.0767943461443,1.58,bF487040,bF,G,g
644245142208,2460128.2685517,1.72511244437482,0.23547016313706834,15.808022102193853,0.14836472273525803,16.222800899721076,1.57,bo463934,bo,G,g
644245142208,2460129.5218649,1.9676971140211257,0.17674573911229227,15.66517000065267,0.09763440340932796,16.53426822927726,1.50,bG488826,bG,G,g
644245142208,2460130.5387339,1.7992851490836927,0.18184048005143924,15.762315633790324,0.10985067920376217,16.503414188346884,1.52,bj658110,bj,G,g
644245142208,2460131.4970575,2.3236631037089057,0.09420456297714627,15.48463271703794,0.0440667426969746,17.217460763488607,1.43,bG489767,bG,G,g
644245142208,2460131.5377971,2.2546934022182463,0.0827312913935493,15.517346887321146,0.03988361195524284,17.358466102699317,1.57,bj658598,bj,G,g
644245142208,2460132.5058033,2.379624528664722,0.16847649755484737,15.45879453005381,0.0769561019274607,16.586292297891806,1.42,bG490253,bG,B,g
644245142208,2460134.5231624,2.10829304192933,0.21044862931625027,15.590238183673168,0.10849939053872125,16.344775357773152,1.54,bj660028,bj,B,g
644245142208,2460136.5182108,2.0880814776889918,0.19043256329610975,15.600697019813536,0.09913019144027699,16.453287578387446,1.60,bG491684,bG,B,g
644245142208,2460136.5343719,1.5866459679271676,0.05952848929211492,15.898865541261744,0.040780918348076296,17.715828458415032,1.67,bF491343,bF,G,g
644245142208,2460137.2366808,1.7762030138580132,0.04514519617222444,15.776334115692308,0.02762683376941642,18.0161117501168,1.44,bo466292,bo,G,g
644245142208,2460138.5176856,2.290431674307232,0.12250154603241017,15.500272270032895,0.05813482928860057,16.932286687055957,1.64,bF491843,bF,B,g
644245142208,2460139.4764266,1.9119231557609706,0.05732212796707064,15.696389539591591,0.03258847545521439,17.75683485063893,1.42,bG492623,bG,G,g
644245142208,2460140.4849313,2.1913190814778103,0.0425780767092214,15.548301571082986,0.021119935728842337,18.079675511279017,1.50,bG493106,bG,G,g
644245142208,2460141.2634009,1.8469508333361992,0.06705383139053837,15.73392728608416,0.039462122121512136,17.58658161629269,1.62,bn467012,bn,G,g
644245142208,2460142.4762831,1.778301155662957,0.04502512596106246,15.775052345478361,0.027520847157779374,18.01900327028306,1.44,bk663094,bk,G,g
644245142208,2460142.5069911,1.740362473067549,0.047860872964699284,15.798466346893765,0.02989186954451686,17.952689072139453,1.61,bF493576,bF,G,g
644245142208,2460148.4556771,1.6134181098292286,0.18550845636397106,15.88069830383856,0.12497667235427255,16.48173133237986,1.77,bG495546,bG,B,g
644245142208,2460148.4782572,1.6311090930325927,0.08158378256114059,15.868858100249241,0.054366703552677045,17.373631018607416,1.72,bj664806,bj,G,g
644245142208,2460149.2030992,1.7342853839221775,0.09234102933006341,15.802264212291341,0.057874375800494364,17.23915383308125,1.77,bo469711,bo,G,g
644245142208,2460150.4790729,2.2218215597364517,0.07078783489328405,15.533292680564958,0.03463072831383217,17.527744038286365,1.59,bj665742,bj,G,g
644245142208,2460153.4649202,2.0785938320534054,0.09949274259750794,15.605641536677465,0.05202761778872405,17.15816210467352,1.71,bj666782,bj,G,g
644245142208,2460155.469357,2.5196244686291633,0.15924032440546596,15.396726079212597,0.06869567718976256,16.64750797729064,1.64,bj667748,bj,G,g
644245142208,2460159.4608637,1.8109062864683423,0.15843971981030996,15.755325681371112,0.09509994417557485,16.65298044715926,2.13,bF499821,bF,G,g
644245142208,2460235.8756963,2.2211046481806025,0.09793226275667963,15.533643069836408,0.04792575252104356,17.17532613860016,1.64,bk678015,bk,G,g
644245142208,2460244.8598762,3.064299554319688,0.32346539066079644,15.18423757723307,0.11473839606836551,15.87807106159743,1.59,bG510320,bG,B,g
644245142208,2460245.8479294,2.8846337364671593,0.22914866077336357,15.2498389263251,0.08634532284866066,16.252347302901885,1.63,bG510676,bG,G,g
644245142208,2460248.6095008,1.8779857236724071,0.19148440010032125,15.715834906122952,0.11082896684291085,16.447307115110252,1.48,bo492408,bo,G,g
644245142208,2460248.8642186,2.6625342445335227,0.152883259242859,15.336827616736793,0.06241326512135589,16.691740779803,1.58,bj682735,bj,G,g
644245142208,2460249.5910012,2.785855275719248,0.1307613248911812,15.287669244242103,0.05101911650633872,16.86144233079161,1.54,bo492785,bo,G,g
644245142208,2460250.8466435,2.0619922539043847,0.09321358899089224,15.614348048590621,0.0491365174997691,17.22894253673859,2.34,bk683270,bk,G,g
644245142208,2460251.8629959,2.101771474003597,0.09727342739752921,15.593601888930142,0.05030612871543865,17.182655065517988,2.03,bF511909,bF,G,g
644245142208,2460252.8404226,1.9577471592762576,0.07232893464589145,15.670674116103655,0.04015758973332327,17.504360440708865,1.51,bk684018,bk,G,g
644245142208,2460252.8672127,1.2213355340323293,0.18100275086785034,16.182978140224694,0.16108769050465138,16.508427673196717,1.60,bF512106,bF,B,g
644245142208,2460253.8599722,1.808200981621283,0.09817285944496609,15.756948870598098,0.059014252793849316,17.172662009653887,1.60,bj684407,bj,G,g
644245142208,2460255.84447,1.8193529943032796,0.05422725198150838,15.750273197596336,0.03239759704788008,17.81709661969276,1.48,bG513113,bG,G,g
644245142208,2460256.8431172,1.7871121998932598,0.06270932376873717,15.76968607332807,0.0381410347085934,17.659310317568288,1.57,bj685574,bj,G,g
644245142208,2460259.6048753,2.3903750882631263,0.19287046494392837,15.453900487086031,0.08770247428991966,16.439476292901986,1.57,bo495187,bo,G,g
644245142208,2460260.8307852,2.7697517275038948,0.056938393349924975,15.293963517497833,0.02234480346179759,17.764127590571597,1.52,bk686730,bk,G,g
644245142208,2460261.5935839,1.9133851350177804,0.06549609021102104,15.695559633206877,0.03720704269118417,17.612102172548948,1.53,bn495240,bn,G,g
644245142208,2460263.8019212,2.7152282693990077,0.10992863421110383,15.31554975572691,0.04400648270654686,17.049863530972345,1.51,bk687913,bk,B,g
644245142208,2460264.8042054,1.7148480208616335,0.04336065366332385,15.814501530906501,0.027484152947000115,18.059901059982895,1.44,bk688319,bk,G,g
644245142208,2460264.8341989,1.6660031458452402,0.05653545229468275,15.845876079452339,0.03688563177952445,17.7718384340421,1.54,bj688320,bj,G,g
644245142208,2460265.8567567,1.909024762671733,0.0818748717972649,15.69803671771773,0.046617743052238945,17.369764029027593,1.50,bj688721,bj,G,g
644245142208,2460266.5616123,1.6992072739502406,0.055780612118959114,15.824449725959688,0.03568199186691976,17.786432422022827,1.46,bo496945,bo,G,g
644245142208,2460266.8423239,2.501155827122421,0.04216823169097362,15.404713747263038,0.01832554131560993,18.090177137892127,1.59,bF515779,bF,G,g
644245142208,2460267.8311716,1.870207596691603,0.047485701657917406,15.72034108041481,0.027598483290164528,17.9612334624257,1.57,bj689132,bj,G,g
644245142208,2460268.7877225,2.0715109255246915,0.05648514643084709,15.609347551811496,0.02963870358484729,17.772804964071153,1.42,bG516460,bG,G,g
644245142208,2460268.8347342,1.8125715594923437,0.04563789148468939,15.754327718961997,0.027367969848097685,18.004326682994662,1.58,bF516235,bF,G,g
644245142208,2460269.8062569,2.6577741433988336,0.056267059457638414,15.338770442280893,0.023011679675064723,17.77700506314716,1.50,bk689932,bk,G,g
644245142208,2460270.5989816,1.9424383547804,0.13280969143198007,15.679197509975042,0.07431811665831345,16.844566192275984,1.63,bn497078,bn,G,g
644245142208,2460270.7841139,1.6948113793403785,0.06303403754910752,15.827262194061127,0.04042647992617198,17.6537027962246,1.57,bk690294,bk,G,g
644245142208,2460271.6010097,2.6688057990038665,0.15804482743819606,15.334273190707359,0.06436881093978535,16.655689894881853,1.44,bo498028,bo,G,g
644245142208,2460271.8221492,1.8319297476648533,0.04609574431540724,15.742793584851263,0.027350431954019316,17.993488531463132,1.58,bF517280,bF,G,g
644245142208,2460272.5419431,1.692395502576849,0.0801752290944031,15.828810965898583,0.051493275663637685,17.392540087530858,1.49,bo498345,bo,G,g
644245142208,2460272.8190327,2.7097204117790294,0.05504166813346954,15.317754415285872,0.022078993790284218,17.800911642751146,1.54,bF517661,bF,G,g
644245142208,2460273.8509373,1.8870060827938875,0.07535880029216163,15.710632371976471,0.04340830705045945,17.459805671701517,1.45,bk691457,bk,G,g
644245142208,2460274.5903901,2.8926828509588662,0.14410135795176354,15.246813569988067,0.05414762657621244,16.755970427828814,1.45,bn498399,bn,G,g
644245142208,2460276.7841305,1.3952437223893295,0.16461435795383747,16.03844042934508,0.12824185988338388,16.611471330299917,1.49,bG519003,bG,G,g
644245142208,2460276.8139346,1.72444296753407,0.0941957360183363,15.80844353346054,0.05937376388362655,17.217562501636753,1.53,bF518756,bF,G,g
644245142208,2460277.7913183,2.108506052524292,0.13283491411136025,15.59012849226508,0.06847776226923438,16.84436001322552,1.58,bG519250,bG,G,g
644245142208,2460278.823783,2.5455509139814336,0.0844069814091367,15.385611152643715,0.03604198934661098,17.33669468853709,1.47,bk693357,bk,G,g
644245142208,2460285.7535102,1.7646781038987915,0.07311145086557362,15.783401879771525,0.04503312426020954,17.492677105495314,1.51,bk695642,bk,G,g
644245142208,2460286.5215483,2.620793042581721,0.06066152604204712,15.353983804381077,0.025158965350845785,17.695357282653617,1.76,bn501159,bn,G,g
644245142208,2460287.9991024,1.9928480539880382,0.049129589532947264,15.65138015504704,0.02679668810993258,17.924282772157476,1.52,br587296,br,G,g
644245142208,2460290.7571891,2.7345551058682642,0.06253687727804126,15.307848923381005,0.0248577424754377,17.662300133068985,1.48,bk697470,bk,G,g
644245142208,2460291.9898546,2.7592445336381943,0.05507245649570168,15.298090145183865,0.021694838941029786,17.800304490116655,1.50,br588643,br,G,g
644245142208,2460294.4696494,2.2776560836541204,0.04466876875982415,15.506345252080715,0.021317094301459578,18.02763065684551,1.69,bo503708,bo,G,g
644245142208,2460296.4825911,1.9530017877660737,0.04825455639609225,15.673309020185757,0.026856403873729357,17.94379479266995,1.60,bo504327,bo,G,g
644245142208,2460297.4751779,2.3275495721748767,0.05032515087833118,15.482818273881602,0.023501648088893164,17.898177897422297,1.60,bo504661,bo,G,g
644245142208,2460298.479371,2.0302917784541727,0.03851696350890225,15.631169482343187,0.020620811810342657,18.188510506127916,1.48,bn504438,bn,G,g
644245142208,2460299.4999293,1.6843088188286215,0.04718922379481992,15.834011315867961,0.030453224483654444,17.968033526974352,1.51,bo505324,bo,G,g
644245142208,2460300.4729234,2.123060253857827,0.048834188981620466,15.582659822516511,0.025001947119004445,17.930830662621446,1.62,bn505123,bn,G,g
644245142208,2460300.7585195,1.758612858871502,0.04386719105924272,15.787140011360151,0.027113260983897054,18.04729104597502,1.46,bk700980,bk,G,g
644245142208,2460301.4696691,1.943104702775913,0.06626241542378702,15.678825115105099,0.03706664107609799,17.5994724541702,1.66,bn505443,bn,G,g
644245142208,2460301.7555309,1.9231273586159208,0.06240213078499515,15.690045506703461,0.03526984457024464,17.664642063022736,1.46,bk701343,bk,G,g
644245142208,2460302.4715177,1.8742390548385108,0.12187448068039704,15.718003163939194,0.07068055767333337,16.937858666098645,1.57,bo506289,bo,G,g
644245142208,2460302.9745632,2.1024617466148148,0.047667578532571024,15.59324536542987,0.0246437707819959,17.95708288458519,1.72,br592447,br,G,g
644245142208,2460303.9577688,2.7582367863276334,0.12538408105249166,15.298486756495818,0.049410929945477446,16.90703460812244,1.99,br592911,br,G,g
644245142208,2460304.9658821,2.038246207035436,0.1404947691613817,15.626924015232529,0.07492309078416577,16.783490223733335,2.02,br593412,br,G,g
644245142208,2460308.6960318,2.628946184382313,0.1763170462067175,15.350611382258826,0.07289953838031885,16.53690485741479,1.50,bG521724,bG,B,g
644245142208,2460308.9505326,2.2244260609705666,0.09959280934244615,15.532020685907943,0.0486656111131248,17.15707065332547,1.41,br594366,br,G,g
644245142208,2460309.9391744,2.739894565611511,0.09637637964561997,15.305730994842694,0.03823392903954045,17.19271409116972,1.43,br594716,br,G,g
644245142208,2460310.9356228,2.0086330777891153,0.07817846812561602,15.642814096545552,0.042305683764924384,17.419922720539994,1.54,br595209,br,G,g
644245142208,2460312.7058741,1.7663811125700755,0.07290596688767409,15.782354591577562,0.04486326060572085,17.495732926437924,1.47,bG522433,bG,G,g
644245142208,2460313.7465603,1.9484489545709647,0.0505454579161533,15.67584304068453,0.02819715394512409,17.89343527297867,2.00,bk704797,bk,G,g
644245142208,2460313.9525639,1.7817866235678073,0.06640305102459249,15.77292638671633,0.040508346184590316,17.59717052549566,1.51,br596346,br,B,g
644245142208,2460315.7093235,1.6878527570296078,0.044878715288878955,15.831729228641551,0.02890134347759631,18.022539570976587,1.52,bk705461,bk,G,g
644245142208,2460316.0274901,2.3802894283477416,0.05299519784384372,15.45849120286361,0.02420019819069079,17.84204931689342,1.58,br597002,br,G,g
644245142208,2460316.9483018,1.8352153354137815,0.040788158341763345,15.740848048229925,0.0241579033608674,18.126305369972574,1.48,br597443,br,G,g
644245142208,2460317.6709608,2.1200558166468504,0.029557051367141592,15.584197384414813,0.015153954671677706,18.47598784556324,2.10,bk706167,bk,G,g
644245142208,2460319.6761857,2.1434833768124215,0.040188274599159364,15.57226532275731,0.020379400953395892,18.142392208810406,1.49,bF524355,bF,G,g
644245142208,2460319.8269411,1.7453680867810202,0.04177319779353165,15.795348045190137,0.026014942131386998,18.100396305555712,1.57,bk706753,bk,G,g
644245142208,2460320.8121476,2.3801333707969894,0.05001200474615037,15.458562388697343,0.022839423786522393,17.904954952140585,1.51,bk707117,bk,G,g
644245142208,2460322.787496,1.8577521674934516,0.03824186466012904,15.727596180577661,0.022375021234332087,18.196292961018504,1.50,bF525081,bF,G,g
644245142208,2460322.8174403,1.6920622562302938,0.05152424585787178,15.829024777179747,0.03309843645332264,17.872611501733843,1.49,bG525387,bG,G,g
644245142208,2460324.7860286,1.7245208120844377,0.043417131838151775,15.80839452242297,0.027365592967036934,18.058487785664052,1.48,bk708611,bk,G,g
644245142208,2460324.817211,1.7236111196516006,0.04001815755857395,15.808967404233755,0.025236549503735172,18.14699788698381,1.49,bF525575,bF,G,g
644245142208,2460325.7950283,1.8448086347228727,0.0448610265181806,15.735187315548938,0.02643200190418314,18.02296759402695,1.51,bG526216,bG,G,g
644245142208,2460326.7902031,2.4086172540068507,0.042085073728903334,15.445646139595636,0.01899207741761594,18.09232038055785,1.46,bk709385,bk,G,g
644245142208,2460326.8247005,2.225910327996665,0.0316246975085218,15.531296460875645,0.015442972150568366,18.402574661042426,1.64,bF526326,bF,G,g
644245142208,2460327.7891322,1.729044127490837,0.052949333612436346,15.805550429321224,0.033286382097893356,17.842989364651785,1.48,bk709770,bk,G,g
644245142208,2460327.8242669,1.754017514402061,0.04037695008350172,15.78998080824453,0.02502140877205482,18.13730683408177,1.56,bF526700,bF,G,g
644245142208,2460328.7924889,1.743518113852371,0.041826097846147894,15.796499462954543,0.026075524809040757,18.099022238714944,1.59,bk710160,bk,G,g
644245142208,2460329.7859739,2.633374069844961,0.05376317461105663,15.348784235122334,0.02219139086317812,17.826428348820414,1.43,bG527663,bG,G,g
644245142208,2460330.7622622,1.6115501805169217,0.0530009732632155,15.881956039435632,0.035748035800222136,17.841930999753277,1.46,bG527996,bG,G,g
644245142208,2460331.7734994,1.742046098774649,0.05655851413627794,15.797416514003586,0.035289907565330576,17.771395632759138,1.41,bG528351,bG,G,g
644245142208,2460332.7684244,2.7955386481898437,0.08625308511556178,15.283901870439966,0.033536775979536894,17.313204016580286,1.44,bk711692,bk,G,g
644245142208,2460332.8073149,2.3142627734041272,0.057534362319642436,15.48903394862081,0.02702257974596771,17.752822351525122,1.49,bF528426,bF,G,g
644245142208,2460333.7941702,1.6176595296266636,0.09777623695885237,15.87784782100118,0.0656989412710739,17.177057314238557,1.48,bk712101,bk,G,g
644245142208,2460334.7791778,1.8979277652530397,0.11835965352499972,15.7043664241681,0.06778540240841563,16.96963139849885,1.59,bk712477,bk,G,g
644245142208,2460334.8373343,1.7127284597195618,0.09762722463967219,15.81584433657489,0.06195760216348486,17.178713253185876,1.59,bF529041,bF,G,g
644245142208,2460337.7791834,1.5738785008070628,0.2101432830216949,15.9076376149084,0.1451297618354748,16.346351829291066,1.54,bF529581,bF,G,g
644245142208,2460339.7549579,1.9115770915943284,0.12553811204249687,15.69658607908243,0.07138318941539595,16.905701628831554,1.57,bF530325,bF,G,g
644245142208,2460340.7466989,1.930958635549169,0.1405498446585785,15.685633195919133,0.07911695645288383,16.783064686582815,1.54,bk714412,bk,G,g
644245142208,2460340.7544653,1.898339785467355,0.09249994221915962,15.704130747804644,0.052963866756264265,17.23728695780833,1.49,bF530708,bF,G,g
644245142208,2460361.7863267,2.316560845303984,0.1954960599940158,15.487956343307768,0.09172896011583741,16.424795588699432,1.87,br608540,br,G,g
644245142208,2460370.5682574,2.246840766299517,0.12353089678616005,15.521134884678867,0.05976067192297895,16.923201625842726,1.48,bo522626,bo,B,g
644245142208,2460370.6739324,1.9962172988284244,0.06421997112207445,15.649546085332842,0.03496829552474345,17.63346534659108,1.46,bk724186,bk,G,g
644245142208,2460371.4727442,1.8608336092451663,0.05582009706167179,15.725796768737059,0.03260582689599389,17.785664143148086,1.46,bo522901,bo,G,g
644245142208,2460371.5885278,1.670755521491788,0.1071577952239058,15.842783359659652,0.06971448717392921,17.077581187939522,1.49,bn522001,bn,G,g
644245142208,2460371.8634291,1.881196493530182,0.08436732402582223,15.713980220861096,0.04874749309119664,17.337204925655612,1.59,br611633,br,B,g
644245142208,2460372.464391,1.979584345276606,0.05168877747457928,15.658630595495847,0.028381439725351093,17.869149960183478,1.51,bo523277,bo,G,g
644245142208,2460372.5207416,1.934655450305534,0.07339807244316472,15.683556544314627,0.041237582388419375,17.488428974536518,1.65,bn522329,bn,G,g
644245142208,2460373.86603,1.6929569759886482,0.05179745201791688,15.828450819047909,0.03325635505147176,17.866869619500683,1.44,br612289,br,G,g
644245142208,2460374.6471671,2.7576638046659423,0.0523127190792312,15.298712325077679,0.020619500853174336,17.856122376159682,1.51,bk725876,bk,G,g
644245142208,2460374.6802546,2.6156643501017656,0.040463421890385605,15.35611058914089,0.016814841060904986,18.134984093477307,1.58,bF540446,bF,G,g
644245142208,2460374.8607386,1.9429322029070093,0.04199656053779482,15.678921506033777,0.023494610516449944,18.094606302151146,1.60,br612748,br,G,g
644245142208,2460375.5641073,1.9235858833505421,0.042814581872939184,15.68978666915764,0.024193143334606433,18.073661343791983,1.49,bn522742,bn,G,g
644245142208,2460375.6018616,1.850818256796123,0.0391327208716902,15.731656185267278,0.02298203295147534,18.171290498559888,1.45,bk726270,bk,G,g
644245142208,2460375.6878619,1.6872837906838363,0.04657407707442929,15.832095286345,0.030003249660517702,17.982279967575373,1.49,bF540870,bF,G,g
644245142208,2460377.3455774,1.5147884494510275,0.07961029502993254,15.949185660072997,0.057125421976726674,17.40021752797793,1.51,bo524053,bo,G,g
644245142208,2460377.4585565,1.8070611936166476,0.035185582027255934,15.75763347330927,0.02116430699237646,18.286728763026904,1.54,bn523099,bn,G,g
644245142208,2460377.8460452,1.9714507085631805,0.04613561643046519,15.663100814671667,0.025436805975279603,17.992549792161764,1.49,br613468,br,G,g
644245142208,2460378.3811361,2.054034507322645,0.03601373323507164,15.61854628384923,0.019057791907818953,18.26147025321294,1.43,bo524396,bo,G,g
644245142208,2460378.4818319,2.0317922508521513,0.030841589083521113,15.630367373243983,0.01649945577904021,18.42979874502917,1.50,bn523481,bn,G,g
644245142208,2460378.5962186,1.7691556332928142,0.04664098072341723,15.780650523180347,0.028655883758100423,17.98072142696775,1.44,bk727550,bk,G,g
644245142208,2460379.3483661,1.6564216545674364,0.03849845048502666,15.852138373674636,0.025262976800722012,18.189032486329697,1.43,bo524752,bo,G,g
644245142208,2460379.4908702,2.40421966926396,0.04385109370963632,15.447630257642317,0.019825240140255208,18.04768953701963,1.54,bn523870,bn,G,g
644245142208,2460380.4328382,1.8064705172917082,0.041221337910092457,15.7579884272592,0.02480295230246054,18.114835402808673,1.55,bn524206,bn,G,g
644245142208,2460380.8380183,2.1657567581936976,0.04759201743423338,15.56104142658471,0.023885624984038848,17.958805323915527,1.61,br614304,br,G,g
644245142208,2460381.3432975,2.2385649183794163,0.04587335482980927,15.525141388678632,0.02227424444872106,17.99873935568405,1.46,bo525592,bo,G,g
644245142208,2460381.4605579,1.852217108146419,0.033787912936839894,15.730835894085232,0.019828124986603267,18.33073719533782,1.54,bn524609,bn,G,g
644245142208,2460381.5737809,1.7475840363392112,0.04675178275056525,15.793970450020653,0.029078518747578053,17.978145171069443,1.48,bk728733,bk,G,g
644245142208,2460382.5856044,2.272630461226997,0.043712131476943424,15.508743563653159,0.0209066925743526,18.051135651606444,1.63,bk729121,bk,G,g
644245142208,2460382.8236903,1.6166894855988891,0.05413398186592899,15.878499087730766,0.036396157184805385,17.81896567863052,1.40,br615023,br,G,g
644245142208,2460384.3411569,2.162533120514202,0.044374694044469525,15.562658703100327,0.022304103754187073,18.03480218221426,1.42,bo526340,bo,G,g
644245142208,2460384.476395,1.8020993809700208,0.033222757287415555,15.760618778570336,0.02003867993355318,18.349051427892405,1.49,bn525372,bn,G,g
644245142208,2460384.5641375,1.7204285704272178,0.05089148680751112,15.810974007066953,0.032152938190679325,17.886027763740902,1.40,bk729981,bk,G,g
644245142208,2460386.3469755,1.6035392706118465,0.05155975794186557,15.88736662165977,0.03494969919434393,17.87186343694391,1.43,bo527108,bo,G,g
644245142208,2460388.2969766,0.9389719982867906,0.1220145252530416,16.468434019601137,0.1412443440408005,16.936611775293297,1.55,bn526368,bn,G,g
644245142208,2460388.3566489,1.8398238485418719,0.0674905677468096,15.738125012133931,0.039873008943987355,17.57953290757747,1.51,bo527559,bo,G,g
644245142208,2460388.5728261,2.389685908278533,0.05943924862683028,15.454213565796364,0.027036138397262696,17.71745733429524,1.45,bG543674,bG,G,g
644245142208,2460389.2986862,2.747958931527803,0.25638431438138254,15.302540027609057,0.10141294303605923,16.13041198274559,1.59,bn526763,bn,G,g
644245142208,2460389.5399792,2.7204804424774953,0.0937172930959123,15.313451602002395,0.03744435039480425,17.223091271277916,1.52,bo528099,bo,B,g
644245142208,2460389.544689,1.4875107648943118,0.09093791060147699,15.968915328940794,0.06645031238387605,17.255778182466443,1.48,bk732068,bk,G,g
644245142208,2460395.6459398,3.092015376444611,0.14487675556157428,15.17446150983886,0.05092947968684849,16.750143832393814,1.52,bF545986,bF,G,g
644245142208,2460402.4312029,2.0627753471722112,0.04153127221112426,15.613935791316987,0.02188444187482132,18.106702524228016,1.47,bo531093,bo,G,g
644245142208,2460402.520974,1.8765364344544229,0.09725047808014968,15.716673119768796,0.05633092939237276,17.18291124899125,1.49,bn529902,bn,G,g
644245142208,2460402.7883149,2.4502964219713825,0.05356532189901918,15.427019057657208,0.023761686731090022,17.830431313605835,1.69,br618906,br,G,g
644245142208,2460403.4436695,2.6253053150180525,0.05277825575356342,15.352116077768251,0.021851808614099067,17.846503028179615,1.47,bo531501,bo,G,g
644245142208,2460403.5298275,2.25480880799487,0.0766592799228833,15.517291315675275,0.03695448765702762,17.441228772652323,1.68,bn530307,bn,G,g
644245142208,2460403.7775952,1.8807947286133657,0.050226472697818866,15.714212125026677,0.02902708691825,17.900308912393236,1.66,br619320,br,G,g
644245142208,2460404.4273521,1.7745457123700883,0.03607017300631088,15.777347644103942,0.02209394185574614,18.25977004802873,1.46,bo531928,bo,G,g
644245142208,2460404.5069609,1.8724925292000312,0.057888812155723085,15.719015388174132,0.03360367046979704,17.746154015963054,1.48,bn530729,bn,G,g
644245142208,2460404.7629119,2.4047741814606103,0.04849488598426876,15.447379870975485,0.021919660065370626,17.938400754932154,1.43,br619740,br,G,g
644245142208,2460405.4162189,1.9988222806445926,0.047674590739489604,15.648130167710434,0.025925370067828583,17.956923177563656,1.46,bo532348,bo,G,g
644245142208,2460405.4947048,1.695770080245706,0.061813232754176266,15.826648201256297,0.03962111211573893,17.674936968342468,1.49,bn531148,bn,G,g
644245142208,2460405.5884556,1.7203521749220443,0.043077295925073596,15.811022220174385,0.027217187519623383,18.067019527249503,1.55,bF550197,bF,G,g
644245142208,2460405.7600464,1.9706222899627632,0.046049045731571134,15.663557145176323,0.025399748512303956,17.99458902444807,1.49,br620168,br,G,g
644245142208,2460409.7698318,1.9613986768845697,0.06613259295681195,15.668650927285174,0.036648976090930874,17.60160173380825,1.51,br621461,br,G,g
644245142208,2460411.7446952,2.136983380893588,0.04095039748587869,15.575562760501295,0.02082903499065723,18.121995307429057,1.42,br621943,br,G,g
644245142208,2460412.2527144,1.6314240660909152,0.04802488107079257,15.868648460906236,0.03199717275884238,17.948974866330524,1.48,bo533061,bo,G,g
644245142208,2460412.3917449,2.647289799427946,0.042409174036846436,15.343061906728808,0.017412875730825218,18.083991075938567,1.48,bn531909,bn,G,g
644245142208,2460413.2803241,1.827859214670878,0.04139153886714423,15.7452087661156,0.024613932383497107,18.11036167886107,1.54,bo533508,bo,G,g
644245142208,2460413.2840216,1.7895676065269843,0.04514144286865389,15.768195347603246,0.027418235303231526,18.016202020341048,1.49,bn532248,bn,G,g
644245142208,2460414.2583395,2.8781712504703947,0.04736095149458934,15.252274045325864,0.01788611261209734,17.964089564195845,1.52,bn532631,bn,G,g
644245142208,2460414.2958378,2.3430561275055415,0.046326435483961315,15.475608891854723,0.021491086187434803,17.988068398016146,1.49,bo533924,bo,G,g
644245142208,2460416.7476978,2.5716912866791226,0.16925383537873673,15.374518538769433,0.07153718688833965,16.58129431443108,1.56,br623363,br,G,g
644245142208,2460418.2477345,1.5123452715837191,0.08233945264507612,15.950938240226789,0.059179214383546515,17.363620672240945,1.46,bn533437,bn,G,g
644245142208,2460418.5291711,2.4248522887627924,0.05783334644316801,15.438352401152057,0.025924190674094055,17.747194804306176,1.49,bk743572,bk,G,g
644245142208,2460418.5591379,2.2079681702897176,0.05533870796690322,15.540083601323175,0.02724258906384052,17.795068073607425,1.57,bj743573,bj,G,g
644245142208,2460419.2618925,1.898660641169777,0.06886611572095486,15.703947253143431,0.039424882986785474,17.557626641401875,1.46,bn533871,bn,G,g
644245142208,2460419.5211734,1.8208854176027482,0.07292695628999923,15.749359077493603,0.0435329043682268,17.495420391330192,1.43,bk744039,bk,G,g
644245142208,2460419.5517071,2.2401979397883074,0.06308872061873984,15.52434963854517,0.030610998745582874,17.652761310436155,1.61,bF554242,bF,G,g
644245142208,2460420.2953035,2.436654753471574,0.08628713640351021,15.433080625011844,0.038491446325074764,17.312775470513767,1.55,bn534193,bn,G,g
644245142208,2460420.7273354,1.9451336174853415,0.10319184901900494,15.677692022853604,0.05766444642838135,17.11852712562388,1.47,bG555401,bG,G,g
644245142208,2460421.2534416,1.3882535231476356,0.1618311294913264,16.043893661506285,0.12670841362042795,16.629985448258566,1.50,bo535822,bo,B,g
644245142208,2460421.3097534,1.524478713509269,0.1872047714012902,15.942262210696008,0.13347739484463336,16.471848327268653,1.54,bn534400,bn,G,g
644245142208,2460423.7176851,1.6608324561735146,0.13374096088675852,15.849251064075718,0.08752876253059726,16.83697951358116,1.49,bG556509,bG,G,g
644245142208,2460423.7403363,1.786309532704579,0.17045344200614668,15.770173832628256,0.10371969529880168,16.573626172783896,1.76,bF555547,bF,G,g
644245142208,2460425.3106024,1.4820119497026991,0.11562172856195442,15.972936358671564,0.08480079525700127,16.995041966806152,1.46,bo536941,bo,G,g
644245142208,2460425.3583592,2.405456752299076,0.10752020804515894,15.447071739458803,0.04858528062985642,17.07391537133129,1.60,bn535484,bn,G,g
644245142208,2460425.5022427,1.707054096934331,0.09510710544767537,15.819447411721818,0.0605588825308673,17.207108200764214,1.57,bj745792,bj,G,g
644245142208,2460427.6980748,1.6604042183125416,0.08907016698741141,15.849531052163321,0.058308331086844085,17.278309945129074,1.46,bG557805,bG,B,g
644245142208,2460428.4218204,1.8772273597142215,0.12167498485204246,15.7162734342164,0.07045253076727545,16.939637359322315,1.66,bn535889,bn,G,g
644245142208,2460428.6733468,2.6459422004237463,0.07883562213798259,15.343614739878767,0.03238577683764921,17.41083436333267,1.59,bj747025,bj,G,g
644245142208,2460428.7036488,2.5896302293865867,0.09195052131717835,15.366971232157887,0.03859478379918916,17.243755121864417,1.45,bk747739,bk,G,g
644245142208,2460429.6725625,1.977480364875955,0.04938260888701496,15.65978517247534,0.02714401100695669,17.918705536410226,1.44,br626858,br,G,g
644245142208,2460430.7029441,1.7920777284311948,0.0481187000233882,15.76667351591916,0.029185639650695976,17.946855896666644,1.46,br627284,br,G,g
644245142208,2460432.4762115,1.8684927315042201,0.09213111393040002,15.721337090358027,0.053595346373715866,17.241624806136535,1.68,bn537045,bn,G,g
644245142208,2460432.5209906,1.7791908682095832,0.046628464102742094,15.774509270111018,0.028486608188449926,17.981012835334877,1.48,bk748391,bk,G,g
644245142208,2460433.5872315,2.0411047869625283,0.03812727543869822,15.625402369150287,0.020304048552014894,18.19955118180218,1.65,bF558414,bF,G,g
644245142208,2460433.5997737,1.9082704361120975,0.04522362765718046,15.698465817184248,0.02575951295395263,18.01422711954217,1.43,bk748869,bk,G,g
644245142208,2460434.6104913,2.6265583049975776,0.05873614095248942,15.351598007723325,0.024306953837126444,17.730377088035777,1.46,bG559906,bG,G,g
644245142208,2460436.5512427,2.1985939969080834,0.05788153540161697,15.544703027713771,0.028615884734307404,17.746290504028664,1.47,bG560630,bG,G,g
644245142208,2460437.2893925,1.733533416712608,0.06013036043768371,15.802735077745368,0.03770281368801579,17.70490609361174,1.49,bn537879,bn,G,g
644245142208,2460437.5351927,2.461141413609582,0.05645463356005558,15.422224201408136,0.024933037895005533,17.773391629448724,1.61,bG561066,bG,G,g
644245142208,2460439.4400446,2.5932873849266587,0.0551529847812295,15.365439003737231,0.023116950651048587,17.79871805980352,1.49,bn538402,bn,G,g
644245142208,2460439.5476652,2.2231167817007833,0.0729757354025425,15.532659929641706,0.03568029002228946,17.494694410885515,1.39,bG561525,bG,G,g
644245142208,2460440.4982313,2.014147221355377,0.031198611890480874,15.639837593424563,0.016836671274082005,18.417302432623273,1.60,bj750889,bj,G,g
644245142208,2460440.5259204,2.2209595446472616,0.03665329684228553,15.53371400269681,0.017938435727918717,18.242358001242323,1.48,bk751606,bk,G,g
644245142208,2460440.7143967,2.1531260546108104,0.042947722329383264,15.567391981514332,0.02168117690081202,18.070290269953592,1.61,bj751060,bj,G,g
644245142208,2460441.5456973,1.8385710917233165,0.07637853151384717,15.738864553976686,0.04515470917799432,17.445212350974614,1.45,bG562452,bG,G,g
644245142208,2460442.6070957,1.8938728739721244,0.054372649094733376,15.706688563102688,0.031206268567434775,17.81418937939782,1.59,bj751892,bj,G,g
644245142208,2460445.6424247,1.567535505205863,0.08708690963892685,15.912022155957,0.0603875855288562,17.302758412752848,1.66,br632246,br,G,g
644245142208,2460447.5749297,1.9287570603071087,0.057864897240519964,15.68687180020784,0.03260992725819653,17.7466026458994,1.56,bk754227,bk,G,g
644245142208,2460447.5824413,1.5012830564218071,0.07662395209728615,15.958909164404654,0.055477149427157216,17.441729240961344,1.58,bj753543,bj,G,g
644245142208,2460448.6544142,2.035986174130557,0.10489891628143702,15.628128561056569,0.056002620560115596,17.100713107722424,2.05,bj753859,bj,G,g
644245142208,2460449.3031808,2.1173608347099355,0.11212729713783066,15.585578433339355,0.05756104245011351,17.02836222774292,1.47,bo542911,bo,G,g
644245142208,2460450.4989175,1.9776311900634471,0.0950083397448755,15.659702365017472,0.05221900576011158,17.208236289109237,1.58,bF564760,bF,G,g
644245142208,2460450.5665728,1.667373172044663,0.0910203128829871,15.844983598683244,0.05933592093099175,17.254794801283737,1.49,bk755419,bk,B,g
644245142208,2460455.633811,2.613593602801828,0.05515697179082867,15.356970476127616,0.022939002507180662,17.7986395747636,1.51,br635399,br,G,g
644245142208,2460456.6218314,1.8938405999687258,0.09957889896042553,15.706707065586683,0.05715261023257387,17.15722231146542,1.67,bF566086,bF,G,g
644245142208,2460457.5116138,2.471526387052172,0.05340804079194366,15.417652493453325,0.023488407227305573,17.833623994681396,1.65,bj756107,bj,G,g
644245142208,2460478.5527817,1.8323275045929466,0.08394529138608259,15.742557870451597,0.04979725606512917,17.342649759077506,1.50,bG573335,bG,,g
644245142208,2460479.5489426,2.5908840540825873,0.09435020272834144,15.366445677041558,0.039582847415105045,17.215783517288234,1.44,bG573769,bG,,g
644245142208,2460479.5756506,2.759149244155873,0.11604833627074237,15.298127641326788,0.045716807894184745,16.991043315029238,1.76,bF572801,bF,,g
644245142208,2460480.5490158,1.745002126455856,0.08903809013419645,15.795575720967614,0.055461555769633984,17.27870102190238,1.40,bG574321,bG,,g
644245142208,2460480.5718407,2.0068617488614056,0.0896735532390909,15.643771984006559,0.048568992645383446,17.270979664808944,1.73,bF573350,bF,,g
644245142208,2460481.5453409,2.401700968765727,0.10727010139404546,15.448768289156448,0.04854806564773842,17.076443883624076,1.45,bG574757,bG,,g
644245142208,2460481.5683391,1.6334255011510475,0.09071644322353287,15.867317293430547,0.06036689737077781,17.258425575875727,2.02,bF573786,bF,,g
644245142208,2460484.2712278,1.9904742643744877,0.13805941229170923,15.652674205302088,0.0753913684109365,16.802475560697076,1.56,bn546519,bn,,g
644245142208,2460485.213396,1.8366195049297112,0.053785287195175696,15.740017641731992,0.03183145367534674,17.82598188156102,1.55,bn546882,bn,,g
644245142208,2460486.5276506,1.6553284915693627,0.051927609801349715,15.85285514676164,0.03409779655178293,17.86414477963077,1.41,bG575607,bG,,g
644245142208,2460486.5579062,1.9004044383940715,0.05749261014863675,15.702950532174727,0.03288350957845299,17.75361054658418,2.03,bF574642,bF,,g
644245142208,2460487.5201385,2.1135218899899497,0.05005580430556783,15.587548746716323,0.025743042075184432,17.904004501223362,1.45,bG575992,bG,,g
644245142208,2460487.5540703,1.9411016856442571,0.05999284032198469,15.67994490545293,0.033594123135281435,17.707392051907604,2.01,bF575030,bF,,g
644245142208,2460488.2024037,1.8293173448959865,0.038614064093933996,15.74434299174854,0.022943973561974192,18.185776828653545,1.56,bn548108,bn,,g
644245142208,2460488.5164921,2.8991092556764624,0.0618605160444613,15.244404166127136,0.023193224339862272,17.67410676495424,1.46,bk761682,bk,,g
644245142208,2460488.5504582,2.5418127311288448,0.045483488835567375,15.38720674575506,0.0194501247931482,18.008006186226915,2.35,bF575466,bF,,g
644245142208,2460489.1912954,2.247729228791921,0.08075873648061307,15.520705639652896,0.03905329618024929,17.384666822631374,2.12,bo550001,bo,,g
644245142208,2460489.1988525,2.7080605787981704,0.056916687087634935,15.318419684266173,0.022845118277651705,17.764541577809293,1.45,bn548513,bn,,g
644245142208,2460490.5091846,2.039696396085618,0.0357108545038151,15.626151800919999,0.019030354848050476,18.270640005712984,1.55,bj761633,bj,,g
644245142208,2460490.5168473,2.007378464739347,0.04128268205863395,15.643492470519822,0.022353771990047597,18.11322084935248,1.42,bk762329,bk,,g
644245142208,2460491.5705589,2.832133487665791,0.059292485726014345,15.26978132425202,0.02275611454428058,17.720141467176063,1.53,bj762074,bj,,g
644245142208,2460492.4739803,1.722905679628401,0.04396770182768744,15.809411865600856,0.027738593477615082,18.044806196860627,1.41,bG577845,bG,,g
644245142208,2460493.2372247,1.7255809556377157,0.05398711101492431,15.807727274700001,0.034006890384253044,17.821915391664167,1.44,bo550730,bo,,g
644245142208,2460493.4705458,2.289016409429726,0.03460083747772993,15.500943357176,0.01643046585385735,18.304924085012615,1.68,bF577267,bF,,g
644245142208,2460494.2114136,1.7610951335457403,0.03856021995789706,15.785608579811505,0.023799556176471025,18.187291855015324,1.52,bn549589,bn,,g
644245142208,2460494.5153883,2.899252698051498,0.061214478501457024,15.244350447307529,0.022949871419188944,17.685505226437076,1.41,bG578690,bG,,g
644245142208,2460497.2382251,1.579840620728771,0.04631800337523901,15.903532431841345,0.031867553715277275,17.988266036338757,1.50,bo551401,bo,,g
644245142208,2460497.2569108,1.5878237763674512,0.059674897467274515,15.898059870124468,0.04085089287084541,17.713161407743115,1.56,bn549923,bn,,g
644245142208,2460498.5458147,1.5698339087765631,0.053995483641714206,15.91043135800687,0.0373865940598518,17.821747022602807,1.55,bj764721,bj,,g
644245142208,2460500.4867392,2.4127456104723057,0.05194703862460372,15.44378678683496,0.02340245576366188,17.86373862514768,1.45,bG580958,bG,,g
644245142208,2460501.4781207,1.7845430714093506,0.05127478973128148,15.771248036103792,0.03123122551208767,17.877880891241535,1.60,bF580381,bF,,g
644245142208,2460502.4784667,2.1502024470480463,0.04961808747175568,15.568867242845903,0.02508261668462437,17.913540560476683,1.47,bG581767,bG,,g
644245142208,2460502.4860369,2.0535984062111243,0.035036265312334336,15.618776825758626,0.01854447148159166,18.291346095490873,1.73,bF580784,bF,,g
644245142208,2460503.464115,2.266359848365758,0.0613176851494334,15.511743453618266,0.029408241510801313,17.683676233665878,1.78,bj766733,bj,,g
644245142208,2460504.4754869,1.6954776854376892,0.06688889775251686,15.826835426520782,0.042881911256337835,17.589255513022096,1.52,bk767837,bk,,g
644245142208,2460510.4632168,1.7199601732119438,0.08890153445061681,15.811269645644956,0.056182755954899855,17.280367468924286,1.48,bG585050,bG,,g
644245142208,2460512.4665225,2.354205293406272,0.08902596549870104,15.470454792596108,0.04110404223198579,17.278848880555834,2.12,bG585880,bG,,g
644245142208,2460512.4880135,2.888162883081094,0.12619679865871886,15.248511416287755,0.04749400877915892,16.900019766614204,2.06,bF584907,bF,,g
644245142208,2460513.4555927,1.746824880579882,0.13124596054500703,15.794442199564294,0.08166740372907588,16.857425747247387,2.07,bF585136,bF,,g
644245142208,2460513.4632785,1.5846345772505013,0.11778727950476031,15.900242801924303,0.0807944326557314,16.974894633599416,1.58,bk771336,bk,,g
644245142208,2460514.1991889,1.9684387002069785,0.102767756843222,15.664760885206224,0.05674755506152961,17.122998418703265,1.64,bn551218,bn,,g
644245142208,2460514.4749028,2.215264497336099,0.08928027749559594,15.536501653812628,0.04380685918237505,17.275751782833126,1.67,bj771063,bj,,g
644245142208,2460515.4562977,3.0867848745306885,0.12583606627121402,15.176299713510398,0.0443109379056709,16.903127777792847,1.94,bk772140,bk,,g
644245142208,2460515.4792152,2.6940375759847925,0.07573974966982945,15.324056500042506,0.030558525089768453,17.45433094798001,1.66,bj771468,bj,,g
644245142208,2460516.4566334,1.331383577384467,0.1254463465360407,16.08930763321586,0.10241580774457824,16.90649556752968,2.37,bk772559,bk,,g
644245142208,2460516.47707,1.4551728237882908,0.0748400932835984,15.992779183719035,0.05590258844334167,17.467304811067642,1.67,bj771885,bj,,g
644245142208,2460517.4797514,2.157472023858382,0.06836824768708384,15.565202690065798,0.03444462402365314,17.565504489305905,1.61,bj772315,bj,,g
644245142208,2460519.4704859,1.412297080258318,0.10464396925669668,16.025250469115214,0.08053790270771582,17.103355100085288,1.65,bj773153,bj,,g
