# "asas_sn_id":661428435106,"ra_deg":278.4146,"dec_deg":-25.34506,"name":"PS1-3PI J183339.50-252042.2"
asas_sn_id,jd,flux,flux_err,mag,mag_err,limit,fwhm,image_id,camera,quality,phot_filter
661428435106,2457461.8344841,24.730539373764326,0.11540551086955152,12.97669743341813,0.005072302337949425,17.056790024073674,1.49,bh064769,bh,G,V
661428435106,2457465.8870012,33.10784644001996,0.1641361015863582,12.659954074022624,0.00538871673200925,16.674346108086308,1.32,bh065979,bh,G,V
661428435106,2457466.8924174,31.956002354462157,0.15788828164117868,12.698400293305435,0.005370437000612502,16.71648164825449,1.60,bh066925,bh,B,V
661428435106,2457468.8243493,30.087206877713534,0.1530943822669103,12.763826723958767,0.005530820388977485,16.7499582568275,1.56,bh067524,bh,G,V
661428435106,2457485.8443911,26.606152742932192,0.09227959999485856,12.89732620454507,0.0037699517854769527,17.299592135393766,1.57,bh072244,bh,G,V
661428435106,2457523.6667973,25.17873087784799,0.15632160541091195,12.95719681473373,0.006748346027226142,16.727308877255297,1.62,bh073173,bh,B,V
661428435106,2457546.6010403,30.617238881471884,0.15814762665993423,12.744866347870795,0.005614470816949017,16.714699696696474,1.52,bh076325,bh,G,V
661428435106,2457548.596996,28.495973702658837,0.09617583759921845,12.822822651183856,0.0036685517400810866,17.25469145046858,1.56,bh077348,bh,G,V
661428435106,2457556.6454678,25.13002897995601,0.5240390641219133,12.959298930963552,0.02266641550026502,15.413947237762297,1.90,bh078921,bh,B,V
661428435106,2457557.6093596,27.164029920645863,0.15951125472536168,12.874795904112442,0.006382771596152077,16.705378065590843,1.50,bh079172,bh,G,V
661428435106,2457566.815054,34.87962633804339,0.19786711883700708,12.603351845186989,0.006166148489470348,16.471422318647317,1.41,bh082167,bh,G,V
661428435106,2457567.7440379,24.600190745376466,0.11704381425093484,12.982435218126096,0.00517156710474645,17.041485228084294,1.50,bh082561,bh,G,V
661428435106,2457568.7542667,26.30792500922121,0.11145552941718201,12.909564916437175,0.0046049741490988005,17.09460234587135,1.59,bh083008,bh,G,V
661428435106,2457569.6790295,25.22291500152378,0.13028176998750146,12.955293213603165,0.005614363745945976,16.925147268204466,1.66,bh083379,bh,B,V
661428435106,2457573.7673356,32.02148344157665,0.14221209244048696,12.69617778609222,0.004827332925733574,16.830015077501084,1.97,bh083925,bh,B,V
661428435106,2457576.7265605,33.4156577733433,0.16634220385928855,12.64990636839115,0.0054108389711109844,16.659850265850192,1.36,bh084691,bh,G,V
661428435106,2457590.7090762,27.523368211470004,0.6818473394969131,12.860527453959886,0.02692760590935905,15.128138518016446,1.98,bh087480,bh,B,V
661428435106,2457591.6777912,27.459175638491985,0.11012707797633242,12.863062667041918,0.004359320440000733,17.10762110329035,1.59,bh087871,bh,G,V
661428435106,2457595.7106463,27.319834111252124,0.08033507481498611,12.868586259671378,0.003196239521036683,17.45009338749304,1.39,bh088814,bh,G,V
661428435106,2457598.7754659,24.9091300800139,0.2068006662630199,12.968885002982699,0.009024134209927473,16.42347655963032,1.37,bh089884,bh,B,V
661428435106,2457600.4980339,31.87499258499713,0.15205033630192383,12.701156173484133,0.005185008411697456,16.757387931064066,1.56,bh090221,bh,G,V
661428435106,2457602.7624257,25.23584222235991,0.12945005008891786,12.954736895819376,0.005575663968089601,16.93210083663893,1.39,bh091215,bh,G,V
661428435106,2457603.6221738,26.398420984683327,0.09042787962343371,12.905836528454884,0.003723373210873559,17.321600524901907,1.38,bh091535,bh,G,V
661428435106,2457605.5823487,26.290798664359613,0.08784848576204204,12.910271956153345,0.003631973518301811,17.35302069369334,1.43,bh092349,bh,G,V
661428435106,2457606.6531563,25.594595506726357,0.10009137922398846,12.939410728483185,0.004250701183724002,17.211364709386203,1.56,bh092821,bh,G,V
661428435106,2457608.5587575,27.47142568525402,0.08263955865940413,12.862578408024923,0.0032697832383231174,17.419386420809737,1.41,bh093571,bh,G,V
661428435106,2457609.6581795,25.787160669689108,0.1218298503711709,12.931272589049057,0.005135259057779901,16.997972116629974,1.30,bh094062,bh,G,V
661428435106,2457611.6786654,25.28384641546796,0.10447843876204017,12.952673545568052,0.004491544463901145,17.164789708057356,1.37,bh094838,bh,G,V
661428435106,2457617.6021655,26.636615226073808,0.2550926842758442,12.896083811419984,0.010409530432761355,16.195611384198628,1.43,bh096806,bh,G,V
661428435106,2457618.58705,25.725880064002393,0.15986339492724058,12.933855803034568,0.006754465125049966,16.70298381469033,1.48,bh097209,bh,G,V
661428435106,2457620.5943117,25.57271010938915,0.12745216575142557,12.940339515700234,0.005417296883306273,16.948988344459885,2.01,bh098011,bh,G,V
661428435106,2457622.5059341,25.383256791206872,0.1027641015651264,12.948413046122198,0.004400542897851116,17.182752819454862,1.70,bh098769,bh,G,V
661428435106,2457624.5262773,25.25916816289157,0.11324402607396507,12.953733793938477,0.004873134851286466,17.077318140950265,1.69,bh099606,bh,G,V
661428435106,2457629.5975099,25.628164405039236,0.0971755201243702,12.937987651181896,0.004121464326637739,17.243464209085026,2.31,bh100976,bh,G,V
661428435106,2457631.5981859,25.75490200394956,0.10365650158208373,12.932631650136914,0.004374705459878288,17.173365025511814,1.44,bh101780,bh,G,V
661428435106,2457634.5886175,29.58187314821555,0.1214405524945279,12.782217228490433,0.004462212378376483,17.001447057723766,1.38,bh102793,bh,G,V
661428435106,2457637.56571,31.878206234950355,0.14823387801366503,12.701046714628072,0.005054355294087544,16.78498771734576,1.48,bh103868,bh,G,V
661428435106,2457640.5282752,29.18828315178488,0.11960999887492713,12.796760027926897,0.004454214304631407,17.01793767793443,1.76,bh104838,bh,G,V
661428435106,2457645.5457112,29.904438765875348,0.2220251219706976,12.770442264103004,0.008070094750996125,16.34635110038844,1.49,bh106808,bh,B,V
661428435106,2457647.5578147,29.590181807714465,0.17662944384524368,12.78191232062482,0.00648825097345937,16.59469864000052,1.56,bh107312,bh,G,V
661428435106,2457651.5740031,27.66714996453246,0.0824470096405068,12.854870344252802,0.003239087327083573,17.421919122748598,1.50,bh108790,bh,G,V
661428435106,2457654.5448386,27.385300070117943,0.0774481965747904,12.865987644506118,0.0030740149696501045,17.489828120128223,1.49,bh109913,bh,G,V
661428435106,2457656.5878651,27.22545478426237,0.0961685798493879,12.872343546749025,0.003839460750316153,17.25477338683943,1.46,bh110706,bh,G,V
661428435106,2457657.5697317,27.30235521507728,0.09725629647705855,12.86928112273996,0.0038719504197775112,17.242562074679444,1.45,bh111073,bh,G,V
661428435106,2457658.5780048,26.335854919015322,0.09776864138969138,12.908412851857252,0.004035193188407521,17.23685744319216,1.48,bh111459,bh,G,V
661428435106,2457659.5077578,27.795336929752203,0.1065261505480393,12.84985154741439,0.004165781273549326,17.143715809812633,1.62,bh111784,bh,G,V
661428435106,2457661.5557738,26.294055072485396,0.0991804501859273,12.910137483964002,0.004099970006962741,17.221291205557204,1.53,bh112578,bh,G,V
661428435106,2457662.5517251,25.995824963320384,0.10333951773757748,12.922522394300257,0.004320907796414448,17.17669031752911,1.33,bh112950,bh,G,V
661428435106,2457663.5680264,26.157848574457347,0.10315429173312193,12.915776351130352,0.00428644694633583,17.17863813992198,1.40,bh113336,bh,G,V
661428435106,2457666.561981,26.061302996279693,0.11298089567086342,12.919791090777455,0.004712171198765618,17.07984386032594,1.44,bh114133,bh,G,V
661428435106,2457672.5335836,25.862855530435297,0.14835485334477266,12.928090219876262,0.00623501435040645,16.78410199722046,1.59,bh116312,bh,B,V
661428435106,2457675.551351,25.372833298919304,0.16539116876946203,12.94885898918423,0.007085255612335613,16.666075603082504,1.46,bh116844,bh,G,V
661428435106,2457681.5438938,25.413213302639907,0.1252350585826729,12.947132450335065,0.005356467993863561,16.968041585515795,1.65,bh117577,bh,G,V
661428435106,2457683.534974,24.349959739060864,0.131918997871331,12.993535785827026,0.005888724934830796,16.911588034898934,1.45,bh118256,bh,G,V
661428435106,2457686.5238436,25.63194341305181,0.11030527605913827,12.937827565454437,0.004677641381404729,17.10586567901868,1.83,bh118902,bh,G,V
661428435106,2457687.5211564,25.8279889555204,0.11805310733289161,12.929554924461328,0.004968199233321634,17.032162836576596,1.54,bh119239,bh,G,V
661428435106,2457688.5203493,26.9557534029176,0.11942908212872111,12.883152717772838,0.004815826060015855,17.019581157302607,1.86,bh119576,bh,G,V
661428435106,2457691.5128182,32.46022640757714,0.15455439429064582,12.68140254283871,0.0051753769283150765,16.739653000087255,1.76,bh120322,bh,G,V
661428435106,2457798.8954154,33.508633044112514,0.5341400341718868,12.6468896257008,0.017326489949643108,15.39321856901083,1.50,bh149457,bh,G,V
661428435106,2457799.8946483,32.47520534199481,0.38144050506763666,12.680901639980092,0.012766947591939934,15.758789371735931,1.43,bh149802,bh,G,V
661428435106,2457800.8939239,33.396097606151756,0.27639707945194575,12.650542100297224,0.008996009403344173,16.108522769285916,1.46,bh150150,bh,B,V
661428435106,2457812.872757,27.915164332886658,0.11767273999714307,12.845180932446373,0.004581923668639254,17.035666728497084,1.42,bh153209,bh,G,V
661428435106,2457813.8719517,28.01677166425357,0.10070358306723139,12.84123617788987,0.003906960362499056,17.204744085747635,1.43,bh153563,bh,G,V
661428435106,2457820.8888477,25.715241762800318,0.10255212821040073,12.934304875236988,0.00433477179039299,17.184994699969543,1.47,bh155055,bh,G,V
661428435106,2457823.848772,26.817233891364612,0.22001963344362893,12.888746455037317,0.008917839045257175,16.356202801669408,1.37,bh155907,bh,B,V
661428435106,2457826.839103,25.545823702615756,0.36525232830905163,12.941481627797929,0.015541225249091248,15.805873911089579,1.42,bh156984,bh,B,V
661428435106,2457827.8361844,26.84483666720361,0.18972103442644528,12.887629489724146,0.007681868891117388,16.517067683891913,1.40,bh157354,bh,B,V
661428435106,2457829.8586552,25.18051993408383,0.15043430838588517,12.957119671285524,0.006493732179533839,16.76898915936291,1.78,bh158340,bh,G,V
661428435106,2457838.8923553,26.269318451609962,0.107958855778395,12.911159391237065,0.004467058503401289,17.12921071127777,1.52,bh160676,bh,G,V
661428435106,2457839.8013776,26.289970309603984,0.1143717896574966,12.910306165419062,0.004728691634382626,17.066559101479243,1.51,bh160763,bh,G,V
661428435106,2457840.8037337,25.327783831275113,0.1047061121979426,12.950788427272638,0.0044935234870003655,17.162426308000384,1.31,bh161056,bh,G,V
661428435106,2457843.7928062,25.42096169433811,0.13004928401436694,12.946801463967684,0.005560683309569856,16.927086479845592,1.36,bh161351,bh,G,V
661428435106,2457845.8606012,24.99756246462432,0.1504513399891155,12.965037248814333,0.006542000462524618,16.768866243375577,1.32,bh162183,bh,G,V
661428435106,2457846.8856605,31.269272168153535,0.13966368890103223,12.721986972998511,0.004854873394070635,16.849647621765072,1.35,bh162593,bh,G,V
661428435106,2457849.8456013,28.785193375334085,0.10368173766561645,12.811858526174385,0.003915121898658409,17.173100725691455,1.39,bh163499,bh,G,V
661428435106,2457852.7631458,24.97260119366768,0.16343760255731715,12.966121950398817,0.007113779082097807,16.678976436007368,2.10,bh164630,bh,G,V
661428435106,2457854.7577071,24.899987636150136,0.18351327789515678,12.969283575889408,0.008010885673865615,16.553187662152478,1.54,bh165439,bh,G,V
661428435106,2457856.8018201,33.72832521340693,0.19931602460726314,12.639794462649368,0.006423320798266753,16.46350085241066,1.46,bh166261,bh,G,V
661428435106,2457864.8599589,27.280367578198582,0.09904206415345909,12.870155860147179,0.003946223130957406,17.222807186227662,1.48,bh168130,bh,G,V
661428435106,2457866.8586443,27.565386599770772,0.1721783271870836,12.858871185109846,0.00678932453788588,16.622410183481872,1.48,bh168734,bh,B,V
661428435106,2457867.8932418,26.19211483820358,0.09667252299147057,12.91435498897309,0.004011849748966736,17.24909876092248,1.49,bh169182,bh,G,V
661428435106,2457870.7163301,29.43379345223994,0.11312671805294935,12.787665809647969,0.004177641056363378,17.078443423967006,1.68,bh170070,bh,G,V
661428435106,2457871.7198036,29.83801462351059,0.14930342830207596,12.772856598361528,0.005438911977175589,16.77718194342701,1.42,bh170497,bh,G,V
661428435106,2457872.7151377,27.851385767611163,0.08942673972374454,12.847664382739552,0.0034900589425475134,17.33368789931319,1.43,bh170915,bh,G,V
661428435106,2457873.714959,28.139008117125925,0.09880980521148351,12.83650944263469,0.0038168353958797957,17.22535628580227,1.37,bh171338,bh,G,V
661428435106,2457874.8845781,25.815879908922625,0.11579509562398872,12.930064074175567,0.004875457850669614,17.053130979407033,1.41,bh171892,bh,G,V
661428435106,2457876.7671972,26.09473072475302,0.09786568185135822,12.91839935534719,0.00407652189496918,17.23578032799628,1.41,bh172484,bh,G,V
661428435106,2457878.8633216,25.792333729867245,0.09950204579735082,12.931054805652417,0.004193276914704871,17.217776368461706,1.50,bh173409,bh,G,V
661428435106,2457883.6942477,25.76002144673671,0.1832298137895883,12.932415853857771,0.007731470312920467,16.554866043070515,1.55,bh174871,bh,G,V
661428435106,2457893.9113678,33.92157857933749,0.1802363474655826,12.633591268407347,0.005775352490567412,16.572750449378844,1.52,bh177132,bh,G,V
661428435106,2457895.868278,31.277223152145513,0.20132183335034046,12.721710932872334,0.006996403698121137,16.45262920199196,1.58,bh177977,bh,B,V
661428435106,2457901.7912479,28.435501430043775,0.12154419331845984,12.825129177066131,0.004646067308925179,17.000520854712285,1.49,bh178836,bh,B,V
661428435106,2457902.7186109,24.467404901152907,0.1330955757610082,12.988311632023901,0.005912727756478806,16.901947345420673,1.42,bh179173,bh,G,V
661428435106,2457903.874401,29.035854678179852,0.1128701891504367,12.802444869186509,0.00422529281699405,17.080908261562286,1.58,bh179579,bh,G,V
661428435106,2457905.8771583,29.148753899957914,0.1188818366436839,12.798231420667875,0.004433101603577116,17.02456762861871,1.41,bh180432,bh,G,V
661428435106,2457906.8507975,28.72733410215301,0.13093023000341,12.814043091229069,0.0049540088505582855,16.919756566682587,1.52,bh180853,bh,B,V
661428435106,2457907.8321026,29.55101158879674,0.22149230738702982,12.783350523968496,0.008147014098179074,16.34895977515032,1.50,bh181180,bh,B,V
661428435106,2457908.8048852,30.256193962666778,0.1337232831480136,12.757745665438868,0.0048040211173107665,16.896838816764454,1.39,bh181600,bh,B,V
661428435106,2457924.7260917,27.258082154402572,0.0919297719173173,12.871043164165501,0.0036658362302052013,17.30371593715145,1.42,bh187670,bh,B,V
661428435106,2457933.7356752,25.777368708823186,0.0981583173360454,12.931684945631524,0.0041390502031665504,17.23253863128702,1.50,bh190383,bh,G,V
661428435106,2457935.6830353,26.710304864267343,0.1019924036467765,12.893084292090531,0.00415050703745513,17.19093682645697,1.38,bh191234,bh,G,V
661428435106,2457936.7934491,25.421462575788055,0.11323150086146781,12.94678007139515,0.004841488484809062,17.077438234073604,2.10,bh191764,bh,G,V
661428435106,2457939.6384275,26.85542881672737,0.1312655258769848,12.887201175999078,0.005312889263664804,16.916979686740596,1.60,bh192691,bh,G,V
661428435106,2457945.6856137,25.500650372011382,0.1805827596468574,12.943403262317021,0.007697278518325074,16.570665679724886,1.49,bh194873,bh,G,V
661428435106,2457947.6368578,23.547726494005747,0.3178646360191791,13.0299089473803,0.01467254340835123,15.956750860584288,1.52,bh195718,bh,B,V
661428435106,2457948.7554168,24.46988758996577,0.2513870778144213,12.988201468792779,0.011166656271170462,16.211499019551574,1.50,bh196208,bh,B,V
661428435106,2457949.758654,25.580145619856427,0.11202714784260932,12.940023873382442,0.004760279349810886,17.08904819571678,2.14,bh196652,bh,G,V
661428435106,2457951.6311835,25.828618111488012,0.11594588181471609,12.92952847683144,0.004879398962163039,17.051718073917783,1.54,bh197036,bh,G,V
661428435106,2457952.6731771,25.464801377179423,0.1287407551757247,12.944930671833728,0.005495256035151312,16.93806626289528,1.47,bh197509,bh,G,V
661428435106,2457953.6997468,25.040025741530016,0.10419298916698529,12.963194477016987,0.0045228886848432265,17.167760149735695,1.46,bh197968,bh,G,V
661428435106,2457954.6924361,24.82437286213985,0.12947737073542956,12.97258569019385,0.005669278064750232,16.93187171440019,1.75,bh198400,bh,B,V
661428435106,2457957.7089794,28.503687141247728,0.08789879047579556,12.822528798221706,0.003351922966569056,17.352399146075047,1.44,bh199336,bh,G,V
661428435106,2457959.6601311,25.29559880461052,0.10831074329337274,12.952168992995022,0.004654132511608553,17.125677553091837,1.52,bh200084,bh,G,V
661428435106,2457960.6223508,25.58924530554763,0.10515290263809976,12.939637710556099,0.004466588675731806,17.157803230072336,1.45,bh200493,bh,G,V
661428435106,2457962.534172,25.994545951000035,0.12703438798418615,12.922575814576296,0.005311916459892544,16.952553144629167,1.68,bh201293,bh,B,V
661428435106,2457963.5250645,24.772824491617705,0.14984752160140138,12.974842589991058,0.00657485548029458,16.773232482825748,1.76,bh201712,bh,B,V
661428435106,2457966.6276009,30.599568218286638,0.1474139904612708,12.745493158716513,0.005236433311229257,16.791009637179457,1.41,bh203082,bh,G,V
661428435106,2457973.6419482,29.910425249383778,0.2011865449141129,12.770224935450234,0.007311197525854729,16.45335906286821,1.57,bh205900,bh,G,V
661428435106,2457975.6391031,29.4352899882794,0.15858359800897198,12.787610607723114,0.005856014198105222,16.711710725985863,1.44,bh206734,bh,G,V
661428435106,2457979.6324408,28.80895470265455,0.10645441379150411,12.810962652698707,0.004016505303051811,17.144447211731574,1.45,bh207302,bh,G,V
661428435106,2457981.7133547,27.512715487868455,0.1570808913802728,12.860947761767438,0.006205861409851389,16.722048000982316,1.41,bh208210,bh,B,V
661428435106,2457982.5186856,31.38217749824196,0.1559451133214869,12.71807371838288,0.005401331949245194,16.729926967918452,1.50,bh208468,bh,G,V
661428435106,2457994.5226985,27.33056007349495,0.08798834661617509,12.868160075529024,0.0034993614084127536,17.351293501239628,1.55,bh209990,bh,G,V
661428435106,2458000.6487603,25.926219748657683,0.16984440488979538,12.92543341012369,0.007120725094734368,16.637228282007296,1.77,bh211846,bh,G,V
661428435106,2458004.6649401,26.018277754820403,0.15787011443767815,12.921585040433914,0.006595284749158509,16.71660658422355,1.42,bh213012,bh,G,V
661428435106,2458005.5652065,26.09614785275774,0.13213201173224454,12.918340393811235,0.005503561395085256,16.909836275559503,1.46,bh213325,bh,G,V
661428435106,2458010.6311906,24.671890092442688,0.14177518352166935,12.979275350282437,0.006246114901299939,16.833355848343714,1.44,bh214506,bh,G,V
661428435106,2458011.5343246,25.563077303943295,0.11484054423590878,12.94074857113005,0.0048830849679446335,17.062118288737594,2.07,bh214815,bh,G,V
661428435106,2458012.6387163,27.288895081490356,0.08760153561392568,12.869816525559019,0.0034892970259724756,17.356077095642334,2.32,bh215275,bh,G,V
661428435106,2458013.5232919,25.752725748706684,0.10938336717327925,12.9327233972902,0.004616791460405031,17.11497817309935,1.82,bh215571,bh,G,V
661428435106,2458016.5678987,25.152126132052544,0.11953418452033275,12.958344648890945,0.005165704909119802,17.018626086000328,1.45,bh216666,bh,G,V
661428435106,2458018.5950957,31.104615875249188,0.14643967163168936,12.727719298477297,0.005117361254670254,16.798209527745964,1.47,bh217365,bh,G,V
661428435106,2458019.5622781,26.720813194198872,0.08613599087890184,12.892657227308062,0.003503863312910363,17.374394758535423,1.33,bh217712,bh,G,V
661428435106,2458021.5966292,31.991423767568556,0.16074193075175316,12.697197482906368,0.005461447768532278,16.697033442298213,1.41,bh218322,bh,G,V
661428435106,2458028.581431,29.7262915908284,0.18807207332389306,12.776929570631344,0.006876948173363075,16.526545612958294,1.70,bh220174,bh,G,V
661428435106,2458032.499179,31.12761027026825,0.18528696754472676,12.726916953780307,0.006470104065726332,16.542744209686987,1.41,bh221525,bh,G,V
661428435106,2458035.5777122,27.50208590797618,0.09303639254542374,12.86136731867144,0.0036770488600285168,17.29072423761301,1.45,bh222667,bh,G,V
661428435106,2458038.5767975,26.88391118925895,0.09724473014436598,12.886050274408284,0.003931749100458699,17.242691204961105,2.09,bh223739,bh,G,V
661428435106,2458039.5594933,27.40125915080382,0.08788820324779477,12.865355104246909,0.003486360067556324,17.352529928637722,1.52,bh224093,bh,G,V
661428435106,2458040.5605981,26.705755530447604,0.09303110892419594,12.893269231841273,0.003786478553452232,17.290785899309064,2.12,bh224452,bh,G,V
661428435106,2458041.556554,26.248416492241542,0.1004599258267082,12.912023633202537,0.004160082250411014,17.207374260757156,1.34,bh224813,bh,G,V
661428435106,2458043.5239383,25.85421294996975,0.11798839950269553,12.92845310056061,0.004960439545276003,17.032758118624038,1.40,bh225360,bh,G,V
661428435106,2458047.533477,25.905455904973635,0.10614976830489668,12.926303305135162,0.00445389509311639,17.147558767276227,1.41,bh226599,bh,G,V
661428435106,2458048.5229247,25.833963561758676,0.11516511337511601,12.92930379781919,0.004845538732786963,17.05905404498851,1.46,bh226950,bh,G,V
661428435106,2458163.8954797,25.193661285133313,0.40818227425384546,12.956553188988751,0.017610635470452225,15.685221040943933,1.39,bh255017,bh,G,V
661428435106,2458165.8901368,25.761283830878845,0.167567355163682,12.932362648056392,0.007070238840636525,16.65188285634802,1.37,bh255616,bh,G,V
661428435106,2458166.889452,25.92771289119139,0.191833294430658,12.925370882217875,0.00804214592097503,16.50504643074253,1.43,bh255972,bh,B,V
661428435106,2458170.8863951,25.72832542425191,0.149340420235006,12.933752603844788,0.0063092541413787735,16.776912970995344,1.38,bh256848,bh,G,V
661428435106,2458173.8879734,24.94571105403795,0.14785254473976817,12.967291685498276,0.006442361470975334,16.787784384390584,1.39,bh257825,bh,G,V
661428435106,2458181.8613929,23.141374540469386,0.43144138790169195,13.048808526014417,0.020264916827123527,15.62505188277157,1.39,bh260674,bh,G,V
661428435106,2458191.9053051,27.880900105243878,0.16675146751621484,12.846514428546179,0.006500923371990792,16.65718223201223,1.46,bh264077,bh,G,V
661428435106,2458193.8734717,28.92836504393129,0.13952682906470124,12.806471681653823,0.005242591365918678,16.850712082637646,1.38,bh264834,bh,G,V
661428435106,2458194.8951189,28.490255306105322,0.12883349798296298,12.82304055190479,0.004915238889454163,16.93728439726495,1.41,bh265241,bh,B,V
661428435106,2458195.8902695,24.661649170764925,0.20437419946546886,12.97972611622226,0.009007745891039087,16.43629122149063,1.39,bh265628,bh,B,V
661428435106,2458196.9047882,24.179631540631895,0.223481520553647,13.001157207982775,0.010046253014474841,16.339252349653382,1.40,bh266028,bh,G,V
661428435106,2458197.8847073,25.87850094938392,0.1460880037140213,12.9274336155866,0.0061360319400025395,16.800820007412543,1.55,bh266402,bh,G,V
661428435106,2458198.9032159,24.41800733458045,0.241333139841601,12.99050585489146,0.01074283526367517,16.255813985484874,1.95,bh266805,bh,B,V
661428435106,2458199.8189264,27.29881665052171,0.1133992693834522,12.869421850402938,0.004515216794733856,17.07583075251747,1.45,bh267122,bh,B,V
661428435106,2458203.807839,28.10547824412927,0.13732265877731747,12.83780395534949,0.005310842186851633,16.868000885070785,1.38,bh268540,bh,B,V
661428435106,2458204.8681854,26.04005150581816,0.12055561113764705,12.920676807246796,0.005032198485822268,17.00938782123575,1.42,bh268823,bh,G,V
661428435106,2458205.8974812,25.286249356895496,0.20514114117851964,12.952570363619593,0.008818211753503636,16.43222447587362,1.36,bh269221,bh,G,V
661428435106,2458220.8241334,25.91851241837916,0.13328467993882337,12.925756225084335,0.0055896206452297845,16.900405810097222,1.47,bh274906,bh,G,V
661428435106,2458222.8797665,26.532445119158133,0.1155106647808034,12.900338218043428,0.004732133425699914,17.055801185452143,1.44,bh275342,bh,G,V
661428435106,2458223.890863,25.718465932621392,0.13841304429987775,12.934168754468471,0.005849841961401332,16.859413841776366,1.95,bh275763,bh,G,V
661428435106,2458224.9017681,25.665196036628004,0.1390359253195046,12.936419939892303,0.005888363586484638,16.85453881476589,1.40,bh276195,bh,G,V
661428435106,2458228.9647714,16.407429839158464,0.11584152907255292,13.362464232734698,0.007674249211971802,16.99297990783097,2.12,bt065513,bt,G,g
661428435106,2458230.8626052,28.74639270919345,0.11604886181051656,12.81332301889054,0.004388031168342139,17.05075418037948,2.01,bh278691,bh,G,V
661428435106,2458233.7290058,25.8872877538442,0.18517801935973005,12.927065026521996,0.007775262427633187,16.543382807106365,1.42,bh279786,bh,G,V
661428435106,2458236.7204798,25.10936795949644,0.24677351066991302,12.96019195200168,0.010682549925103816,16.231610044853635,1.39,bh280725,bh,B,V
661428435106,2458238.7636537,25.647514853574904,0.20886041852492335,12.937168179500402,0.00885162540483668,16.412716033852575,1.41,bh281611,bh,G,V
661428435106,2458245.8372515,28.072463505306743,0.11504664732152492,12.839080089726814,0.004454568213677219,17.060171476125678,2.03,bh284076,bh,G,V
661428435106,2458264.8422613,12.896783803986557,0.10747877314425318,13.62386207334238,0.009058440863492999,17.07433386050144,1.94,bt074765,bt,G,g
661428435106,2458265.8450051,13.144020119285184,0.17016470627484093,13.603245084299044,0.014071922865051175,16.575466890395425,2.07,bt075057,bt,G,g
661428435106,2458273.9331139,19.234332341437163,0.24523381025816787,13.189872832894029,0.013858473727044643,16.1786897466193,1.97,bt077250,bt,B,g
661428435106,2458282.7685223,12.622813808708631,0.05891657890194602,13.647175181647842,0.0050733347292064536,17.727046809428074,1.43,bl092470,bl,G,g
661428435106,2458282.9128368,15.74772281826379,0.11546057755619897,13.407021217279793,0.007969446073366547,16.99655629745903,2.09,bt078943,bt,G,g
661428435106,2458283.5346409,13.909527430314425,0.06540706653711632,13.541784684055006,0.0051112187596970525,17.6135789320579,2.09,bp056516,bp,G,g
661428435106,2458284.6929687,13.196589861000442,0.0532640761327354,13.598911323791699,0.004387173924225996,17.83655461501809,1.45,bl093356,bl,G,g
661428435106,2458284.8830912,16.351600772133793,0.10526578556019967,13.366164934306134,0.006997439194188491,17.096922521963076,1.55,bt079587,bt,G,g
661428435106,2458286.6365252,13.315263644581174,0.057882148642891575,13.589191197362624,0.00472505694509992,17.746279000969484,1.55,bl094230,bl,G,g
661428435106,2458287.899618,14.37857033433292,0.07455380543035725,13.505776356882924,0.005635938980629998,17.4714660716066,1.53,bt080073,bt,G,g
661428435106,2458288.6786577,13.17727509566456,0.054897005909357977,13.600501590807557,0.004528300286966037,17.803768964911818,1.43,bl095206,bl,G,g
661428435106,2458288.897619,14.270385641880877,0.07335625359845062,13.513976348241615,0.0055874494397108775,17.489047753365064,1.56,bt080398,bt,G,g
661428435106,2458289.8722304,14.451819573775737,0.07699472127579698,13.50025929501783,0.005790960370282907,17.436488233555725,1.48,bt080702,bt,G,g
661428435106,2458290.8535167,15.102224218043041,0.08570404327574932,13.452463337743572,0.006168400590072797,17.320137333445004,1.55,bt081014,bt,G,g
661428435106,2458291.8375891,14.953148136817783,0.09660854674429671,13.463234032852585,0.007022553978509587,17.190101738475555,1.42,bt081328,bt,G,g
661428435106,2458292.868532,14.19509214622991,0.07929374450999391,13.519720082140697,0.006071736050769155,17.404543293587952,1.57,bt081679,bt,G,g
661428435106,2458293.8692314,14.409271195606332,0.09619835732429208,13.503460584149224,0.007256677347159233,17.194721471136802,1.62,bt082004,bt,G,g
661428435106,2458294.7701769,16.84559091384414,0.17526848751439653,13.333849997595697,0.01130914472121968,16.543381014146206,1.55,bt082252,bt,G,g
661428435106,2458295.5785058,13.344734806832646,0.11583501526463819,13.58679075304565,0.009435003925532051,16.993040960857343,1.39,bl098318,bl,G,g
661428435106,2458300.6733107,19.617819966675246,0.12953951298491753,13.1684387605754,0.007177342778201149,16.871634961559657,2.14,bl100548,bl,G,g
661428435106,2458304.8514546,12.81555188500464,0.07543042296622107,13.630722339163135,0.0063976636290326554,17.458774254011637,1.52,bt084400,bt,G,g
661428435106,2458305.6911013,29.430457296728836,0.12545711540534782,12.787788878735942,0.004633513791971507,16.966118149366107,2.08,bh287362,bh,G,V
661428435106,2458306.7819455,14.251797739958462,0.04179237619581352,13.515391496631526,0.0031874221550064665,18.099897949951163,1.98,bl102798,bl,G,g
661428435106,2458308.6803992,29.015057238788792,0.114063782815677,12.803222825402305,0.004273035603734395,17.069486967559918,1.33,bh288088,bh,G,V
661428435106,2458309.8133911,27.0630989149766,0.18394726285091018,12.878837592320378,0.007388018557668261,16.55062306897517,1.53,bh288631,bh,G,V
661428435106,2458310.6303595,30.03779471906632,0.14212051775388926,12.76561129211683,0.005142815079812675,16.83071444122196,1.41,bh288934,bh,G,V
661428435106,2458311.7499857,27.61116668920475,0.16111927251317337,12.857069509977983,0.006342710759285994,16.694487662965457,1.44,bh289469,bh,G,V
661428435106,2458312.7271837,27.006847077603172,0.07905449880073112,12.881096691246176,0.0031817413857071035,17.467539919621224,2.02,bh289896,bh,G,V
661428435106,2458313.7651904,26.25051096399564,0.08375809743508023,12.911937001192143,0.0034681766911277066,17.404789384214354,1.51,bh290368,bh,G,V
661428435106,2458314.7510028,26.06183781278722,0.09169374659014576,12.919768810092286,0.0038242550880257754,17.30650709795878,1.40,bh290782,bh,G,V
661428435106,2458316.6401596,27.364615159377834,0.06117108275827362,12.866808042399235,0.0024297914280429194,17.74599097419712,1.47,bh291343,bh,B,V
661428435106,2458318.8132191,12.261495151557215,0.0735617794007739,13.67870704542337,0.006521101617876646,17.48601004661658,1.45,bt085929,bt,G,g
661428435106,2458319.7709852,13.39228066580239,0.04882818305977798,13.582929266341024,0.003963037614423973,17.930964201192324,2.06,bl107333,bl,G,g
661428435106,2458320.8010986,13.237618848866655,0.050565271013211274,13.595540941584922,0.004151974137404796,17.89300976329622,1.50,bl107811,bl,G,g
661428435106,2458322.7996818,12.368109704890752,0.12577685651466156,13.669307300345032,0.011053748530254147,16.903638770446474,1.97,bt087294,bt,G,g
661428435106,2458328.584343,13.825615896606559,0.07159238187375448,13.54835440443085,0.005628523674205054,17.51547358242581,1.96,bl110659,bl,G,g
661428435106,2458329.6092191,26.009705419924053,0.12552528177870012,12.92194282076183,0.0052457542855515555,16.965528381301528,1.39,bh295703,bh,G,V
661428435106,2458330.608315,13.468094224925624,0.15674289808231429,13.576800256982652,0.01265009825900622,16.664670930564647,1.42,bl111552,bl,B,g
661428435106,2458331.5985598,25.946551599058687,0.10580157718846411,12.924582288170996,0.00443225427842439,17.151126039194114,1.36,bh296550,bh,G,V
661428435106,2458332.5949585,26.493939348667908,0.10214755540172013,12.901915060095979,0.004190767936108804,17.189286449815427,1.38,bh296978,bh,G,V
661428435106,2458332.7691484,11.754549511211644,0.128702053519838,13.72455064827337,0.011901224823730946,16.87867692045901,1.46,bt089677,bt,G,g
661428435106,2458333.7690004,11.587389208887728,0.11233635745458984,13.740101635457746,0.010537726330106195,17.02633976739468,1.46,bt089964,bt,B,g
661428435106,2458334.5971592,13.25768632437974,0.05634944468330053,13.593896273691769,0.004619915941310177,17.77541651022807,1.39,bl113298,bl,G,g
661428435106,2458335.5865079,13.172079519585374,0.05457585974016932,13.600929762594625,0.004503585526180029,17.810139146619775,1.46,bl113737,bl,G,g
661428435106,2458335.7608614,13.053691109256839,0.042755728739686624,13.610732292958186,0.0035601898195948153,18.07515482879055,1.49,bt090315,bt,G,g
661428435106,2458336.7624903,30.073088875706777,0.12889855505985656,12.764336310090519,0.00465888707489043,16.936736271221445,1.47,bh298794,bh,G,V
661428435106,2458337.7566853,16.272242398732253,0.10603295772068805,13.3714471095942,0.007082810843745209,17.08903842159337,1.51,bt091018,bt,G,g
661428435106,2458338.5210981,13.420664013418383,0.05065133651503956,13.580630612463324,0.004102315690548483,17.891163337969022,1.44,bl114772,bl,G,g
661428435106,2458338.6956784,12.11738235013528,0.0659497448240417,13.691543592853952,0.005915840828669014,17.604607812711393,1.55,bt091323,bt,G,g
661428435106,2458339.6121203,25.883415424423266,0.0950806204135809,12.927227447659774,0.003992846336346559,17.267126376441624,2.11,bh299727,bh,G,V
661428435106,2458340.6555298,25.73794635242761,0.11650212331355395,12.933346676241921,0.004920079519871243,17.04652179196806,1.36,bh300190,bh,G,V
661428435106,2458341.7527587,32.96614042655982,0.17284315616186444,12.664611143844837,0.0056989684991073436,16.618225923566943,1.34,bh300691,bh,G,V
661428435106,2458343.5675413,13.201485300043085,0.05238656363206646,13.59850863113814,0.004313296246384545,17.854590833330438,1.50,bl117025,bl,B,g
661428435106,2458344.5601757,26.353428188585305,0.08780828868744231,12.907688608345468,0.003621684107607228,17.35351761070798,1.55,bh301826,bh,G,V
661428435106,2458345.7044669,33.42336103141491,0.1573093748946077,12.649656104208058,0.0051158365196033425,16.720469880448764,1.45,bh302362,bh,G,V
661428435106,2458347.5460238,26.207932647244732,0.11605307362029854,12.913699494587046,0.004813223802783111,17.05071477601726,1.41,bh302707,bh,G,V
661428435106,2458355.536767,25.536650038499015,0.13965300293310198,12.941871592442922,0.005944269984110702,16.849730696945393,1.39,bh305365,bh,G,V
661428435106,2458358.6383173,29.711230872921952,0.15848326062463383,12.777479794340977,0.005797956148609965,16.712397899252554,1.31,bh306285,bh,G,V
661428435106,2458359.6585984,15.576897110514222,0.09558162873416766,13.418863244073929,0.006669689988574502,17.20170454461399,1.45,bl123462,bl,G,g
661428435106,2458360.5116685,28.4741378505057,0.10004392465212497,12.823654946426364,0.0038190233162432386,17.211879592534967,2.02,bh307012,bh,G,V
661428435106,2458362.6944762,13.32619005745128,0.0626245070313225,13.588300615126458,0.005107995311858314,17.660779810937324,1.54,bt096253,bt,G,g
661428435106,2458363.6750444,27.464681262234446,0.0763710903420738,12.862844996419922,0.0030225020245835473,17.50503391611749,2.00,bh308104,bh,G,V
661428435106,2458364.6759972,26.840153968607567,0.08981891439321613,12.8878188974284,0.003637432739373357,17.32893688965816,1.49,bh308510,bh,G,V
661428435106,2458365.6831186,27.071697006581655,0.0681154197810162,12.878492702891426,0.0027349042708321512,17.629242800100666,1.54,bh308914,bh,G,V
661428435106,2458366.680654,26.483031603108614,0.09470434724375329,12.902362157550613,0.0038869986418609906,17.271431606130733,1.39,bh309307,bh,G,V
661428435106,2458367.4901738,19.056234067541183,0.10099000444870329,13.19997292576613,0.005760411190212969,17.14194463311409,1.47,bl126446,bl,G,g
661428435106,2458367.678183,13.034109153695763,0.07493159497700555,13.612362238134956,0.0062487880747474946,17.46597816896535,1.49,bt097117,bt,B,g
661428435106,2458368.4906024,18.365760437362532,0.09536073398237246,13.240043334560275,0.00564381595161738,17.204216648612764,1.44,bl126811,bl,G,g
661428435106,2458371.6695457,12.39941225349775,0.05956633329475004,13.666562873310571,0.005221700281200913,17.71513844344571,2.00,bt097389,bt,G,g
661428435106,2458372.6518535,12.228013372867895,0.0584842358189063,13.681675859757597,0.005198703959822389,17.735043562453534,2.04,bt097573,bt,G,g
661428435106,2458373.647184,12.153638781630315,0.06490751801419083,13.688299810946585,0.005804981642375326,17.6219031050737,1.59,bt097962,bt,G,g
661428435106,2458375.6456785,12.2647997334343,0.06523060581202722,13.678414469294438,0.005781002050208261,17.61651208160083,1.55,bt098714,bt,G,g
661428435106,2458376.532857,27.503769290442705,0.06901812491200651,12.861300863590092,0.002727615266078459,17.61494850322505,1.36,bh312782,bh,G,V
661428435106,2458382.6285884,25.916317159504036,0.17213302968146216,12.925848189196511,0.00721943314968141,16.62269586178519,1.47,bh315097,bh,G,V
661428435106,2458384.5475277,26.34616710431401,0.12931593063696384,12.90798779933869,0.005335151546488027,16.933226319651652,1.36,bh315819,bh,G,V
661428435106,2458385.5154139,13.710365095793925,0.07333779023025004,13.557443072657556,0.005814213467237395,17.48932106163171,2.07,bl133366,bl,G,g
661428435106,2458392.6102203,11.957410403253427,0.07253500060126815,13.705972783801364,0.006593600896766775,17.50127156397991,1.39,bt101626,bt,G,g
661428435106,2458393.5929006,13.226611031656258,0.05443177384574892,13.596444167291768,0.004473176948340143,17.81300939264069,1.42,bl136022,bl,G,g
661428435106,2458394.590678,14.068739440353518,0.06712620687848231,13.529427656347073,0.005186197999864514,17.585410343781035,1.35,bH002260,bH,G,g
661428435106,2458396.5880771,14.088055863502353,0.05854461265499324,13.52793795959551,0.004516978719746223,17.73392326906367,1.94,bH002929,bH,G,g
661428435106,2458398.5805868,11.803918341351748,0.09836659768311162,13.720000131230513,0.009058027324569177,17.1705214859076,1.49,bt102829,bt,B,g
661428435106,2458399.579999,11.770436847417438,0.07463728645214122,13.723084168465455,0.0068924787011509095,17.47025100740837,1.49,bt102979,bt,G,g
661428435106,2458401.5442584,12.972492032724036,0.06427033298494593,13.617507090687916,0.005385168664286559,17.632614236446408,1.51,bl138500,bl,G,g
661428435106,2458404.5591798,17.330401110684416,0.08272954242668053,13.303044085932964,0.0051887671327893,17.358489055764483,1.47,bH004705,bH,G,g
661428435106,2458410.5445843,20.21858003572563,0.11753175107852036,13.135688993440445,0.006318539834176484,16.97725259480698,1.35,bH006881,bH,G,g
661428435106,2458411.5454895,19.496475103578,0.11512181284714965,13.175175373548067,0.00641820660421209,16.99974656167218,1.43,bH007263,bH,G,g
661428435106,2458412.5060143,20.542471512932842,0.12910724856105188,13.118433888800869,0.006831406130410394,16.87526404679677,1.47,bl142030,bl,G,g
661428435106,2458413.5343609,18.98678612320083,0.10747038007105794,13.203936976511702,0.006152469920608475,17.074418649516012,2.17,bH008014,bH,G,g
661428435106,2458414.5274634,18.855994198873997,0.1200705781999903,13.211442032522825,0.006921485903472612,16.95404910648145,2.05,bH008391,bH,G,g
661428435106,2458415.5271886,18.607767618403884,0.12159608406187894,13.225829937865132,0.00710292923361088,16.940341639102485,1.97,bH008726,bH,G,g
661428435106,2458416.5205213,17.97588863527035,0.11806370478785104,13.263339700117115,0.007139013625620853,16.972349593763468,1.99,bH009052,bH,G,g
661428435106,2458417.5238171,16.741092068744937,0.11024310285977883,13.340606160188088,0.007157804230341221,17.046762040891526,1.50,bl143808,bl,G,g
661428435106,2458418.5209058,16.0165625284387,0.08054055993591724,13.38864233840475,0.005465847414601289,17.387603999957413,1.96,bl144178,bl,G,g
661428435106,2458419.502711,16.35881747500965,0.09479049590965773,13.365685855398661,0.00629832491775681,17.210728623078772,1.99,bl144447,bl,G,g
661428435106,2458423.5069023,16.239300395634963,0.08797616817814066,13.373647333550727,0.0058885707776273645,17.291728005795676,2.21,bH010711,bH,B,g
661428435106,2458424.5024195,15.952464327216763,0.07546572134573117,13.39299616695875,0.005142024222836916,17.458266292334056,1.95,bH011036,bH,G,g
661428435106,2458530.8942839,16.933443160251958,0.22993497874373678,13.328202436481327,0.014759510062791874,16.248628003627154,1.44,bH045535,bH,G,g
661428435106,2458532.888971,14.847430616297359,0.08639890911277638,13.470937361164356,0.006325125212452304,17.311369963847167,1.47,bl181822,bl,G,g
661428435106,2458538.8916569,13.739982502001917,0.07519903205730204,13.55510017316788,0.005948921573316788,17.462109985191734,1.46,bl184079,bl,G,g
661428435106,2458546.9047886,13.773816863782564,0.12167208702300732,13.55242986147599,0.009601715327798377,16.939663217680703,1.97,bH051203,bH,G,g
661428435106,2458547.8924617,14.507822935520732,0.061960851155645216,13.496060006078848,0.0046422369197269735,17.67234717387351,2.02,bH051565,bH,G,g
661428435106,2458548.8875883,13.970632095867387,0.07427848502969257,13.537025482169117,0.005779085955016268,17.47548301802277,1.50,bH051936,bH,G,g
661428435106,2458549.8622969,14.3926574863896,0.058115722051434573,13.504713146628053,0.004388992314944015,17.741906516416908,1.51,bH052262,bH,G,g
661428435106,2458550.8614571,14.39130793954146,0.05304075601758375,13.504814956913915,0.004006098397274907,17.8411163472752,1.97,bH052608,bH,G,g
661428435106,2458551.8775298,14.395585866943716,0.055769917044289186,13.504492261403424,0.0042109765874371015,17.786640615204952,1.96,bH052998,bH,G,g
661428435106,2458552.8637055,13.902558607629931,0.06542590406291805,13.542328785870392,0.005115253610428114,17.613266280226817,1.53,bH053365,bH,G,g
661428435106,2458555.8463784,14.13264744597653,0.06860296658630219,13.524506809401874,0.0052763250641239155,17.561783370855906,1.43,bH054481,bH,G,g
661428435106,2458556.8454147,14.252439045381674,0.0695186578049711,13.515342641542254,0.005301812429652154,17.5473871649207,1.40,bH054861,bH,G,g
661428435106,2458557.8405477,13.753295585309568,0.076760266430709,13.554048679953578,0.006066551226922851,17.439799427745758,1.42,bH055240,bH,G,g
661428435106,2458558.8401693,14.4962103414006,0.06439947470611936,13.496929417199759,0.004828808866581841,17.630434799143746,1.48,bH055613,bH,G,g
661428435106,2458561.8377429,14.379941383830413,0.08311732903296001,13.505672832883235,0.006282704529206342,17.35341166453295,1.54,bH056766,bH,G,g
661428435106,2458562.8247556,14.50767510308089,0.12565724383801377,13.49607106961682,0.009414600183904578,16.904671787234566,1.93,bH057138,bH,G,g
661428435106,2458563.8239863,13.704369748342033,0.1599576478301039,13.557917953478356,0.012686975884609146,16.642628088372323,1.43,bH057532,bH,B,g
661428435106,2458564.8192635,13.566201487813572,0.12065325497849336,13.568919964778647,0.009667027464226745,16.9487930044889,1.46,bH057923,bH,G,g
661428435106,2458565.8285622,13.141884968796797,0.10258026122928701,13.603421468576865,0.008484344841673467,17.124981109695508,2.04,bl194388,bl,G,g
661428435106,2458566.817679,13.81514000921211,0.10030842575140128,13.549177395727071,0.007892131204111415,17.149297074911846,1.36,bH058714,bH,G,g
661428435106,2458567.8169174,13.962738346126308,0.09451725294609171,13.537639123128136,0.007357879375797627,17.21386288447118,1.49,bH059111,bH,G,g
661428435106,2458573.792331,17.29927882239282,0.08625485212438973,13.304995626018572,0.00541960592755401,17.313181774062183,1.50,bH061220,bH,G,g
661428435106,2458575.5287445,13.05844671557784,0.062251460316777335,13.61033681909465,0.005181675298210352,17.66726675214004,1.49,bp123277,bp,G,g
661428435106,2458576.5313198,12.798847115106412,0.07895186337748712,13.632138493884696,0.00670507601425497,17.409234650343578,1.47,bp123685,bp,B,g
661428435106,2458576.7831491,21.807753636711155,0.12953742894249892,13.053538291602925,0.006456490454906056,16.871652429114196,1.43,bH062395,bH,G,g
661428435106,2458577.567459,12.915829614952681,0.06655668234758788,13.62225985430846,0.005601205814861266,17.59466144760321,1.46,bp124084,bp,G,g
661428435106,2458578.7814878,20.237647488943914,0.11529835706986198,13.134665555166972,0.006192631887246763,16.9980828141633,1.41,bH063087,bH,G,g
661428435106,2458579.7942151,17.45746277990497,0.10549045301563618,13.2951128103355,0.00656816728365296,17.094607718050796,2.04,bl199351,bl,G,g
661428435106,2458580.7721826,19.58841180476422,0.1093711679755493,13.170067558378593,0.0060689812684219385,17.05538348650861,1.51,bH063873,bH,G,g
661428435106,2458581.7783884,17.48847203035399,0.09346230061237072,13.293185955328513,0.005808938425897644,17.226049443556235,1.97,bl200182,bl,G,g
661428435106,2458583.5070291,12.652279690458716,0.07364248522340021,13.644643662694937,0.006326621095091384,17.484819520750182,1.53,bp125651,bp,B,g
661428435106,2458583.8794219,15.382705156048056,0.054900679863153196,13.43248383253988,0.0038793340585939846,17.80369630500786,1.43,bH065155,bH,G,g
661428435106,2458584.7575547,18.064969196967258,0.09227291766766364,13.257972558836624,0.0055519967150346764,17.239954978416062,1.97,bH065469,bH,G,g
661428435106,2458585.5049728,12.69243309437195,0.06438654377246666,13.641203415317264,0.005513944658629509,17.630652828756606,1.48,bp126500,bp,G,g
661428435106,2458585.9168379,12.891567146696673,0.07882154104768609,13.624301334757394,0.006645862921116183,17.4110283075756,1.47,bl201982,bl,G,g
661428435106,2458586.797487,14.720552827442022,0.05650316942859194,13.480255321905027,0.004172159104979168,17.77245858805542,1.58,bl202312,bl,G,g
661428435106,2458587.8274601,14.001654252147974,0.05781951695894317,13.534617249133497,0.004488562559148196,17.74745446362365,1.40,bl202763,bl,G,g
661428435106,2458588.7505824,17.45447147506938,0.10997759089304772,13.295298865221126,0.006848724112735189,17.04938010634074,1.44,bH066787,bH,G,g
661428435106,2458589.7644888,16.560273250182,0.08963534587065798,13.352396875992934,0.005883340347139716,17.271442364920652,1.97,bH067202,bH,G,g
661428435106,2458590.8546609,13.62430863181071,0.06926074944850671,13.564279439407365,0.00552566925398466,17.551422644939404,1.41,bl204058,bl,G,g
661428435106,2458591.8972278,13.408160610440941,0.0751807258892711,13.581642613433809,0.006094660012559152,17.462374324884404,1.46,bl204522,bl,G,g
661428435106,2458593.8185501,13.592037890356725,0.09983541290148935,13.566854180932085,0.007983847163256012,17.15442906534533,1.98,bl205267,bl,G,g
661428435106,2458594.841448,14.297147051137086,0.09442896952232117,13.51194216210931,0.007179067536780309,17.214877485506236,1.45,bH069158,bH,G,g
661428435106,2458595.8577198,13.2662034412796,0.08608555784520401,13.593198989652521,0.007053356217667817,17.315314866206105,1.95,bl206159,bl,G,g
661428435106,2458600.8679595,13.21264336789374,0.06643660451808299,13.597591340311437,0.005465499866484737,17.59662204103438,1.40,bl207841,bl,G,g
661428435106,2458601.9211475,12.090279083643006,0.07672704325096595,13.693974807457174,0.0068980177776233964,17.440269455003676,1.55,bt154907,bt,G,g
661428435106,2458602.8901476,13.242560911138275,0.05508305418521158,13.595135674245697,0.004521246712451724,17.80009558009205,1.57,bl208746,bl,G,g
661428435106,2458602.9204304,12.069355570351636,0.21224714685274662,13.695855417153162,0.01911480850384744,16.335535959139683,1.44,bt155250,bt,B,g
661428435106,2458603.8705167,13.242409385644098,0.054733908429583235,13.595148097647584,0.004492640047233682,17.806999458252225,1.47,bl209174,bl,G,g
661428435106,2458604.7063025,14.626031094543308,0.05268602611775939,13.487249391313638,0.003915444957216185,17.848402004373156,1.42,bH072773,bH,G,g
661428435106,2458605.7017551,14.548625735889358,0.055598784243419394,13.4930106928447,0.004153894823555114,17.789977373590773,1.49,bH073192,bH,G,g
661428435106,2458605.8261977,13.170966207871546,0.05435306180846139,13.60102153351953,0.004485579423466193,17.814580577135906,1.44,bl210027,bl,G,g
661428435106,2458607.4552557,19.91096074706272,0.11489825975355213,13.1523350818218,0.006272395107504991,17.001856984132978,1.44,bp132137,bp,G,g
661428435106,2458608.6962474,14.369509145890726,0.061063243083356915,13.506460789433099,0.0046190227957074986,17.688190946296306,1.52,bH074171,bH,G,g
661428435106,2458609.7152185,13.96626873555372,0.06394117129530771,13.537364636346169,0.004976366591754407,17.638189142549617,1.54,bH074613,bH,G,g
661428435106,2458610.8937135,13.523239185190022,0.09144107485933697,13.5723637986377,0.00734975336249632,17.249787305432143,1.54,bt157643,bt,B,g
661428435106,2458611.9303192,18.431101107723734,0.13298551413958845,13.236187418428294,0.007842693230643835,16.84312976977391,1.60,bt158001,bt,G,g
661428435106,2458612.9040944,19.634937078012648,0.150395937077361,13.167491837603505,0.00832566175281329,16.70955035140014,1.48,bt158329,bt,G,g
661428435106,2458615.4225679,17.226971695836934,0.08994359839559035,13.309543271868367,0.005675099639735168,17.267714965178943,2.03,bp133765,bp,G,g
661428435106,2458616.4122461,17.9011028625519,0.1092458842897189,13.267866152043945,0.006633419589486708,17.056627900400873,1.46,bp134186,bp,G,g
661428435106,2458617.8786959,17.682107160535807,0.13157930823718214,13.28123057668921,0.00808845834468942,16.854671614405326,1.58,bt158983,bt,G,g
661428435106,2458618.7334474,13.865089156567057,0.0759226250878061,13.545258955874628,0.005951969839851974,17.451712572014245,1.48,bH075701,bH,B,g
661428435106,2458618.8913848,16.485811502879834,0.1220145925976497,13.357289797641243,0.008044769718990829,16.936611176033015,1.47,bt159270,bt,G,g
661428435106,2458619.9059539,16.46931506820343,0.08675775801460356,13.358376777406589,0.005725915770929851,17.306869810211822,1.46,bl215865,bl,B,g
661428435106,2458619.9184681,15.23448750928392,0.1287333782609201,13.442995999619281,0.009184922366502018,16.878412695713955,1.42,bt161379,bt,G,g
661428435106,2458620.6846504,14.150405346675294,0.09769277068054172,13.523143420634474,0.0075042227848921275,17.17798454425666,2.07,bH076451,bH,B,g
661428435106,2458620.9157848,15.052279613275154,0.1696145473552655,13.456059929186022,0.012248220413540511,16.57898286715373,1.45,bt159671,bt,G,g
661428435106,2458627.6018835,12.546724694285965,0.13728625811503473,13.653739700736793,0.011893477958535136,16.808572941392736,1.43,bp138131,bp,G,g
661428435106,2458628.4452858,13.377734156472032,0.07887246716451006,13.58410921887315,0.006408480058533958,17.410327046553032,1.46,bp138444,bp,G,g
661428435106,2458631.6258979,13.767019921860037,0.06824526727408978,13.552965770107539,0.0053882131908311835,17.567459264028887,1.55,bH079913,bH,G,g
661428435106,2458635.6275852,16.370993494035744,0.06305843909153115,13.364878032505409,0.004186782045097052,17.65328257070286,1.44,bH080371,bH,G,g
661428435106,2458636.7292264,17.404068151280974,0.07548484236748236,13.298438684169495,0.004714342703705526,17.457991230284765,1.42,bH080890,bH,G,g
661428435106,2458637.7337644,16.16076945946552,0.08031549922243521,13.378910535015581,0.005401936825812949,17.39064220349946,1.47,bl221193,bl,G,g
661428435106,2458638.7862933,15.555164260788375,0.0876753686112088,13.42037911835745,0.0061265385636632055,17.295446610317033,1.38,bH081819,bH,B,g
661428435106,2458639.8655891,14.170760156607672,0.08690522777595495,13.521582753373995,0.006665994135836965,17.305025855994835,1.44,bH082320,bH,B,g
661428435106,2458640.8319612,12.600022441950003,0.0561989009674218,13.649137325677536,0.004848067708017264,17.77832105510188,1.55,bt163727,bt,G,g
661428435106,2458642.3388331,13.011062445169383,0.06809629472777878,13.614283719226648,0.005688829176906276,17.569831907396576,1.54,bp141401,bp,G,g
661428435106,2458643.4750634,12.663171170732134,0.060799898698892456,13.643709428874596,0.005218822798872326,17.692883472246724,2.09,bp141880,bp,G,g
661428435106,2458644.594835,20.355919722650043,0.12652650187530723,13.128338798573013,0.00675620695404763,16.89718685867571,1.44,bH084311,bH,G,g
661428435106,2458645.5990808,18.209747457396386,0.09955862209018972,13.249305815266064,0.005942745435074023,17.15744341828742,1.50,bl224770,bl,G,g
661428435106,2458646.6603614,16.36316507534457,0.07346589553495941,13.365397343105254,0.0048801215357444075,17.487426169116933,1.47,bH085247,bH,G,g
661428435106,2458648.3262548,12.916330960313955,0.08859611629865913,13.622217710809984,0.007455687432249356,17.284103900038033,1.48,bp142824,bp,G,g
661428435106,2458648.785242,13.50843825199424,0.07204433795667849,13.573552767444992,0.005797047855241811,17.508640974410184,1.58,bl226303,bl,G,g
661428435106,2458655.5558846,16.345123235852,0.2766163330504898,13.366595123933028,0.01839508475343231,16.047946061883504,1.51,bH088657,bH,B,g
661428435106,2458655.7104973,13.333304466609642,0.10786003234868982,13.587721131387552,0.008792956456518484,17.07048924593473,1.48,bl228966,bl,B,g
661428435106,2458656.743569,14.174558989643979,0.11393947529062369,13.521291733148272,0.008737291639278619,17.010955073616646,2.13,bH089245,bH,B,g
661428435106,2458657.5481956,16.54531997795244,0.07007268844143275,13.353377695761452,0.004603474928179382,17.538768661047726,1.50,bH089539,bH,G,g
661428435106,2458657.8072842,13.472006933719975,0.056980213672866944,13.576484878090678,0.004597311682403508,17.763330427721048,2.01,bl229969,bl,G,g
661428435106,2458658.3967943,14.270365106525652,0.04608261147579983,13.513977910637703,0.0035100570103483693,17.993797905597813,1.59,bp146223,bp,G,g
661428435106,2458659.5030007,15.819163801023521,0.0729045431140844,13.402106814738278,0.005009371519191075,17.4957541298825,2.15,bp146697,bp,G,g
661428435106,2458660.8474497,12.959562100050244,0.06565478752549425,13.618589804546255,0.005506659787830038,17.609474610965066,1.46,bl230706,bl,G,g
661428435106,2458661.4267603,18.714986525725003,0.10144908131104498,13.219591825356021,0.005892109000661536,17.137020315038246,1.95,bp147111,bp,G,g
661428435106,2458667.730544,12.467410610578357,0.07925693505673091,13.660624964590365,0.006909922608939562,17.405047427116894,1.67,bt169172,bt,G,g
661428435106,2458668.2599883,14.294517865165567,0.03899766917780408,13.512141842849466,0.0029653865380613346,18.17504398448286,1.46,bp147457,bp,G,g
661428435106,2458669.2588579,14.304557058324818,0.037961738714655455,13.511379586310998,0.002884588408030286,18.20427537228011,1.96,bp147758,bp,B,g
661428435106,2458669.8412277,19.473192541274678,0.10314765024434533,13.176472727380817,0.005757505396073026,17.118992264007556,1.43,bH092253,bH,G,g
661428435106,2458670.8273461,17.71144262154204,0.12498983774865445,13.279430780987038,0.007670663660495613,16.910453850703913,1.52,bt169746,bt,G,g
661428435106,2458671.6617103,13.24820031850269,0.06165834638583321,13.594673406756414,0.005058795920388554,17.67766092841673,1.52,bl233470,bl,G,g
661428435106,2458672.6344862,13.172219207150318,0.059407711403991315,13.600918248615969,0.004902256661285425,17.71803355610905,1.49,bl233681,bl,B,g
661428435106,2458673.259431,18.83836702465407,0.11035737964275032,13.212457487461549,0.006367519720140463,17.045637161649864,1.46,bp148236,bp,G,g
661428435106,2458673.7291995,12.675554277543332,0.07258407023040381,13.64264822408037,0.006224242883885893,17.500537316239324,1.43,bt170183,bt,G,g
661428435106,2458674.5546315,12.992563150676885,0.10720096278203382,13.61582853128429,0.008968421725668108,17.077143896906488,1.44,bl234257,bl,G,g
661428435106,2458674.8293253,17.47596999716383,0.08666847885034751,13.293962396184366,0.005390537310998107,17.307987676012043,1.48,bH093963,bH,G,g
661428435106,2458677.2747152,17.7519694611915,0.09877958336206706,13.276949267018574,0.006048292984324814,17.16597263634629,1.95,bp149534,bp,G,g
661428435106,2458682.7722758,16.457035743123413,0.13015838524282602,13.359186591315444,0.008596718625821786,16.86646023128214,1.42,bH097057,bH,G,g
661428435106,2458683.7338741,16.751467558412322,0.10811289151334887,13.339933470775291,0.0070151473060338495,17.067946904327204,1.55,bl238082,bl,G,g
661428435106,2458684.6730424,19.498837850568503,0.12009696697149523,13.17504380286641,0.006694767272345397,16.953810512672142,1.43,bl238486,bl,G,g
661428435106,2458686.3306311,13.658418995349171,0.06148477793991266,13.561564544001442,0.004893046581176562,17.680721589278892,2.06,bp152262,bp,G,g
661428435106,2458686.8162331,13.385676887990446,0.12817825644806943,13.583464778490491,0.010408453226327366,16.883104712009306,1.44,bt173852,bt,G,g
661428435106,2458687.6684758,18.081968849259894,0.09526565397436933,13.256951330465936,0.005726678590612791,17.205299728628127,1.42,bl239322,bl,G,g
661428435106,2458689.7768155,13.196443829635157,0.06800209776938053,13.598923338442395,0.005601154721424194,17.5713348357202,1.47,bt174349,bt,G,g
661428435106,2458690.4797603,12.970049620373999,0.05922634635733578,13.617711528291498,0.0049634708668161885,17.72135325627871,1.44,bp152635,bp,G,g
661428435106,2458692.2804449,13.514971801554692,0.05603379540612182,13.573027762537947,0.004506579832262313,17.781515511274065,1.53,bp153341,bp,G,g
661428435106,2458692.6239832,18.546963675228792,0.09495106404667354,13.229383568809745,0.005564667086151961,17.208891021645073,1.41,bH100244,bH,G,g
661428435106,2458692.7900373,12.463659817602487,0.06526199987139963,13.660951655076673,0.005691502930926558,17.61598966629072,1.49,bt175292,bt,G,g
661428435106,2458693.6707338,15.47102632058151,0.06779240332227071,13.42626780982105,0.0047629286763919065,17.574688035331395,1.50,bl241346,bl,G,g
661428435106,2458694.7282483,13.339535186365037,0.05697959381958009,13.587213879948921,0.004642915981926058,17.763342238852886,1.49,bt175637,bt,G,g
661428435106,2458694.7697374,13.708230990336274,0.08298064791158857,13.557612087552231,0.006579722539635084,17.35519855776556,1.48,bl241866,bl,G,g
661428435106,2458695.7626113,12.754039592087901,0.05680317436642691,13.635946220221607,0.004841021574950683,17.766709095610885,1.49,bt176006,bt,G,g
661428435106,2458697.6124186,15.957616024075351,0.0731488213210336,13.392645595366178,0.00498254803677888,17.49212228009047,1.43,bl242920,bl,G,g
661428435106,2458697.7801007,12.18494901862255,0.06983294761969715,13.685506331151121,0.006229437458580162,17.542489676898434,1.49,bt176334,bt,G,g
661428435106,2458698.4594434,12.600115399178849,0.06397921775485584,13.649129315639694,0.0055192056414769515,17.637543296799475,1.51,bp154576,bp,G,g
661428435106,2458698.6145083,16.620434561971994,0.06794880629088283,13.348459685364888,0.0044437705805389525,17.572186032569146,1.43,bH102617,bH,G,g
661428435106,2458698.7817742,12.053793993875908,0.0769903415868216,13.697256210136805,0.006942640129840985,17.436549995220123,1.52,bt176681,bt,G,g
661428435106,2458699.3078827,13.071065162184663,0.05688482313187543,13.609288172992269,0.004730397157689223,17.765149581186968,1.47,bp154847,bp,G,g
661428435106,2458699.6069664,15.4928183092008,0.062425467640040914,13.42473955290031,0.004379691791367672,17.664236100414413,1.50,bl243798,bl,G,g
661428435106,2458700.272698,12.944176632848224,0.058197627011110045,13.619879545838423,0.004887007650138048,17.740377419447658,1.48,bp155238,bp,G,g
661428435106,2458700.7584328,13.425005801616917,0.04865229310350857,13.580279417152193,0.003939136270619197,17.93488232527912,1.96,bl244351,bl,G,g
661428435106,2458700.7698068,12.393468562199137,0.08589117839296995,13.667083448632528,0.0075329982115621445,17.317769208615875,1.51,bt177111,bt,G,g
661428435106,2458701.6790149,13.889182899392301,0.05394665814788268,13.543373879918601,0.004221823006048691,17.822729245284414,1.58,bl244730,bl,G,g
661428435106,2458701.747803,12.271166855430993,0.08014909844398475,13.677850968769437,0.00709945405286733,17.392894007536633,1.48,bt177442,bt,G,g
661428435106,2458702.2231384,12.803661814016646,0.07719999212060699,13.631730136016493,0.00655383093779004,17.433597471418164,1.46,bp155508,bp,G,g
661428435106,2458702.7679302,12.14253703810236,0.10200082345473101,13.68929203011824,0.009130749194256393,17.131131416831455,1.47,bt177810,bt,G,g
661428435106,2458703.6892402,13.950374047993261,0.11771462290665809,13.538600991286579,0.009171845617348155,16.975564572149967,1.52,bl245609,bl,G,g
661428435106,2458703.7681233,12.009952827966567,0.09046291819163949,13.701212368261654,0.00818731433107588,17.261464128208047,1.50,bt178058,bt,G,g
661428435106,2458705.5538142,15.41540134809351,0.10337570487788428,13.430178531543968,0.007289132087390809,17.11659440181137,1.52,bl246383,bl,G,g
661428435106,2458710.5608794,14.564672024111756,0.25964021481956684,13.491813848846961,0.019376860964439628,16.116710711984176,1.56,bl248266,bl,B,g
661428435106,2458711.5326763,14.560789729689432,0.10668256484517634,13.492103296456232,0.007963806343407405,17.082406990487463,1.44,bl248687,bl,B,g
661428435106,2458712.5258524,14.547493913941361,0.06365426981594707,13.493095161844806,0.004756106042888896,17.643071759759057,1.47,bl249122,bl,B,g
661428435106,2458713.573789,13.413957006959178,0.11389784184867743,13.581173347155529,0.00922934238906561,17.01135187372227,1.53,bl249601,bl,B,g
661428435106,2458715.5489393,13.755620952884122,0.038181998107350075,13.553865122322906,0.0030171063885788157,18.19799398200194,1.43,bl250419,bl,G,g
661428435106,2458716.6765034,11.905203135185639,0.08059777636835931,13.710723597155612,0.0073586546711110834,17.386832961156284,1.47,bt180659,bt,G,g
661428435106,2458717.7307296,11.655071772663579,0.10066277446328033,13.733778241588455,0.009387849455877909,17.145468370860026,1.47,bt180852,bt,G,g
661428435106,2458718.5050612,14.705971591085612,0.050703362942335795,13.481331315610081,0.0037476171283838022,17.890048698371977,1.50,bH110499,bH,G,g
661428435106,2458721.7190152,11.455632781562507,0.08983897806138466,13.752517913359416,0.008524283640391052,17.26897860373237,1.50,bt182154,bt,G,g
661428435106,2458722.7088202,13.839235621616202,0.07568646805957752,13.547285363469124,0.005944540747341549,17.455095013497242,1.43,bH112086,bH,G,g
661428435106,2458723.2546953,20.236698501338278,0.11518262107037713,13.134716468908813,0.006186705857932996,16.999173218902207,2.24,bp161435,bp,G,g
661428435106,2458723.5378442,12.669151294271266,0.057949870166255336,13.64319681604449,0.004971839695341665,17.745009443227314,1.97,bl253766,bl,G,g
661428435106,2458724.3216812,15.96611981786626,0.072462264661471,13.392067161998561,0.004933154207300626,17.502360854177294,1.94,bp161668,bp,G,g
661428435106,2458724.5233079,12.668997716706476,0.05269667726300007,13.643209977599602,0.004521194044377074,17.84818253127789,1.51,bl254199,bl,G,g
661428435106,2458725.4438581,13.317800399213956,0.05645157468121175,13.588984368260935,0.004607398025413288,17.773450459437953,1.97,bp162012,bp,G,g
661428435106,2458725.5221913,12.573680988762122,0.06076955849525492,13.651409528488616,0.005253343709663173,17.693425408667157,1.45,bl254639,bl,G,g
661428435106,2458726.5193893,12.720626976391632,0.054238333825824755,13.638794328734603,0.004634575857751279,17.816874762049302,1.50,bl255071,bl,G,g
661428435106,2458726.7033753,16.415189413148173,0.11155071213049089,13.361950876350413,0.007386498626556355,17.03395974362057,2.16,bt183810,bt,G,g
661428435106,2458727.4328962,13.277722494345248,0.055533444696438346,13.59225665325712,0.004546144108158632,17.791254078298504,1.49,bp162493,bp,G,g
661428435106,2458727.5126078,14.110625010690097,0.06633127996366732,13.526199995642243,0.005109569370399292,17.598344667050668,1.48,bH113945,bH,G,g
661428435106,2458727.6830326,14.787718575437331,0.08843321817735722,13.475312679941247,0.00650019560122817,17.286102037108666,1.54,bt184180,bt,G,g
661428435106,2458728.4299207,13.367983880916235,0.05833869364675674,13.584900839246286,0.004743544284161511,17.737748861628955,1.52,bp162915,bp,G,g
661428435106,2458728.5072932,12.966983703577519,0.04277038693794954,13.617968209681436,0.0035852247586834057,18.07478266324602,2.10,bl255914,bl,G,g
661428435106,2458728.6966095,18.758421295235316,0.1420338888219962,13.21707490865889,0.00823015217182767,16.771660666462527,1.49,bt184589,bt,B,g
661428435106,2458729.2524232,17.106486317749063,0.08714218036544139,13.31716358637803,0.005537067022846553,17.302069556134796,1.42,bp163194,bp,G,g
661428435106,2458730.2453813,16.83297170833926,0.08825418429235891,13.334663638551032,0.005698842892952912,17.288302348332117,1.51,bp163622,bp,G,g
661428435106,2458730.6924689,18.569497737099084,0.14163558727252853,13.22806522924353,0.008290570239207607,16.774709642353876,1.43,bt185355,bt,G,g
661428435106,2458731.6912796,18.458505929770325,0.14047898767819703,13.234574258769296,0.008272313718406522,16.783612189057564,1.43,bt185739,bt,G,g
661428435106,2458732.2167419,17.243603283256615,0.11972810966588163,13.30849556564262,0.007547102974886455,16.957150297255914,2.43,bp164063,bp,G,g
661428435106,2458737.6721259,16.15713018642621,0.2303539178557534,13.379155061458066,0.015496854356711326,16.24665160362938,1.54,bt186167,bt,B,g
661428435106,2458741.3935468,13.111072522014393,0.1133396738596893,13.605970073198023,0.009396279172945,17.016685714931647,1.92,bp166059,bp,G,g
661428435106,2458742.3599954,12.90908067411699,0.11478774440838203,13.622827335046544,0.009665234151846351,17.002901806355652,1.48,bp166287,bp,G,g
661428435106,2458744.6488108,16.138844633673315,0.08552343242418764,13.38038452047764,0.005760031448659417,17.322427804789477,1.99,bH119209,bH,G,g
661428435106,2458746.3705434,12.800856063435504,0.1433833359736452,13.63196808660117,0.012175080430006724,16.761393910156382,1.48,bp167763,bp,B,g
661428435106,2458747.3815062,12.828765939881652,0.06992598330952278,13.62960341846036,0.005924693298910443,17.541044155942778,1.52,bp167912,bp,G,g
661428435106,2458748.5815901,16.834386212203945,0.11791577281150609,13.334572406084131,0.00761354270109717,16.973710857253266,1.38,bH120707,bH,G,g
661428435106,2458749.3679863,12.68105354547212,0.06632088485835295,13.642177281403395,0.005684694735007748,17.59851483151395,1.46,bp168312,bp,G,g
661428435106,2458750.3790267,13.013941316872389,0.06240642538247109,13.614043512133644,0.005212338784712265,17.664567343786977,1.48,bp168512,bp,G,g
661428435106,2458752.3076537,12.865513365901764,0.06427090171765808,13.626497821483728,0.00542999519671064,17.632604628732622,1.54,bp168922,bp,G,g
661428435106,2458752.6307013,13.14271898822349,0.04691348664867811,13.603352567018463,0.0038799368925101726,17.97439633327327,1.47,bt187325,bt,G,g
661428435106,2458754.3609045,12.559989935856896,0.0642578503612325,13.652592393764074,0.005560951073987755,17.632825129282296,2.01,bp169737,bp,G,g
661428435106,2458754.6031854,13.42287528905458,0.05410743753834506,13.580451734261365,0.004381507750046238,17.8194981945237,1.52,bt188109,bt,G,g
661428435106,2458755.5350528,16.375016797858898,0.06971485177731525,13.364611236849598,0.004627599088102174,17.544327340593156,1.46,bH123287,bH,G,g
661428435106,2458756.5799733,13.81674386114197,0.08471253909038753,13.549051355814811,0.006664294262292803,17.33277136381163,2.14,bt188855,bt,G,g
661428435106,2458757.5853581,14.57289894305514,0.09124498586723825,13.491200739127013,0.006805738024530411,17.25211809081327,1.44,bH124076,bH,G,g
661428435106,2458758.3513193,13.328705156222238,0.06798736843100611,13.588095719644379,0.005544373038926797,17.571570032996206,1.96,bp170313,bp,G,g
661428435106,2458760.2862335,12.547356825393658,0.07494006440409036,13.653685000378115,0.006491932354926144,17.465855456456964,1.53,bp170708,bp,G,g
661428435106,2458764.26864,12.394318478701525,0.206899015820688,13.667008993811976,0.01814462287492105,16.363244549406424,1.95,bp172108,bp,G,g
661428435106,2458764.5761406,11.741326342868156,0.12691108376966775,13.725772724370218,0.011748828552765019,16.8938917293772,1.45,bt190585,bt,G,g
661428435106,2458766.2939683,16.65793876598336,0.1456013728309972,13.346012469032303,0.009500716985225416,16.744726936875395,1.53,bp172750,bp,G,g
661428435106,2458768.3155949,18.92577549851111,0.12739580427213176,13.207431412046962,0.007316672455862594,16.8897527991257,1.56,bp173255,bp,G,g
661428435106,2458769.5646679,12.359141345888702,0.12186627325369409,13.670094874545882,0.010717843318234239,16.937931785592852,2.03,bt192240,bt,G,g
661428435106,2458771.3140272,17.20186677733104,0.13472859182004074,13.311126672585853,0.00851326913753974,16.828991185015298,1.45,bp174357,bp,G,g
661428435106,2458772.5693445,14.027899995966518,0.09351789268506785,13.532583969377388,0.0072462651845652095,17.22540383156131,1.46,bH128647,bH,B,g
661428435106,2458773.569905,14.141768456241575,0.06677572853100854,13.523806316670461,0.005132477868326765,17.591094024135053,1.43,bH129008,bH,G,g
661428435106,2458774.5681037,13.387291798179804,0.06462911572375431,13.583333798136186,0.005247442118182491,17.626570076924114,1.41,bl271862,bl,G,g
661428435106,2458775.5654847,14.144625014519676,0.06805904511992333,13.523587026165487,0.005230058971552773,17.57042598250103,1.55,bH129696,bH,G,g
661428435106,2458776.5622301,13.935757460094223,0.07277280029351862,13.539739174266225,0.0056761083931583115,17.497717894262788,1.94,bH130019,bH,B,g
661428435106,2458777.5587654,13.286211034638717,0.0866713393163247,13.591562756336636,0.007090657921369226,17.30795184222028,1.47,bH130323,bH,G,g
661428435106,2458778.5551744,14.080846205235732,0.06965272752430145,13.528493734695004,0.005376771064462501,17.545295292472584,1.37,bH130638,bH,G,g
661428435106,2458780.5339844,13.675979847454844,0.20743555881281564,13.560169491880462,0.016486821127785767,16.360432597359697,1.47,bH131003,bH,B,g
661428435106,2458781.5281237,13.995330164251925,0.07273397981548656,13.53510775133941,0.005648932378488922,17.49829723220778,1.39,bH131322,bH,G,g
661428435106,2458782.5235526,13.28156415612981,0.05940383041039231,13.59194256113786,0.004861579564110349,17.71810448752191,1.46,bl274324,bl,G,g
661428435106,2458782.5530323,13.941162976290466,0.0668205681747855,13.53931811163654,0.005209827364289469,17.59036520114092,1.57,bH131700,bH,G,g
661428435106,2458783.5217703,14.14640717017903,0.0792009323870426,13.52345023717088,0.0060855006469339714,17.40581487564509,1.44,bH132035,bH,G,g
661428435106,2458784.5184575,14.252419571703337,0.07678176758998269,13.515344125028133,0.005855738572157091,17.439495347011523,1.52,bH132382,bH,B,g
661428435106,2458785.5163806,13.77150577789227,0.11896516956915665,13.552612050638334,0.009389675247465007,16.964091041534,2.16,bH132714,bH,B,g
661428435106,2458786.2578864,14.453872568929096,0.06439319609290865,13.500105068565896,0.004842481080072202,17.630540657926574,2.19,bp177144,bp,G,g
661428435106,2458786.5080661,14.045363069363157,0.07634385055642462,13.531233197047536,0.0059081738113264635,17.44570545972824,1.52,bH133051,bH,G,g
661428435106,2458787.2565882,14.187702768142083,0.0600096686195926,13.520285418678279,0.004597495573415652,17.70708754007267,2.42,bp177501,bp,G,g
661428435106,2458791.5148694,14.575836327568055,0.07007232440259403,13.490981914900566,0.005225468253836221,17.538774301635843,1.48,bH134022,bH,G,g
661428435106,2458904.6465374,13.535918922285774,0.2062609976462621,13.571346261389523,0.016563096887563546,16.366597826390286,2.19,bp203705,bp,G,g
661428435106,2458906.6278321,12.817229249925896,0.07028701732871388,13.630580241759297,0.005960643317624871,17.53545282603315,1.54,bp204173,bp,G,g
661428435106,2458907.8800427,18.112459654047562,0.12995613530772712,13.255122044585743,0.007798867272075909,16.868148642376873,1.63,bH167462,bH,G,g
661428435106,2458908.8712263,18.57497591313778,0.11025552602444225,13.22774497411431,0.006451850254367378,17.04663969745805,1.42,bH167805,bH,G,g
661428435106,2458909.8705013,18.373739742211214,0.1002317894656126,13.239571721160154,0.005929527617882739,17.15012690142858,1.47,bH168152,bH,G,g
661428435106,2458918.8419754,15.528469598999633,0.13542364020567627,13.42224398190809,0.009479337804718125,16.823404402661097,1.45,bl316542,bl,G,g
661428435106,2458920.8702911,14.434488677243154,0.16106075142108725,13.501562111834753,0.012128315596613957,16.635166309089993,1.49,bl317294,bl,G,g
661428435106,2458922.591186,12.592048296547427,0.12109377902669452,13.649824670417443,0.010452919950377908,16.944836029880502,1.47,bp206484,bp,G,g
661428435106,2458928.5700391,12.38516030588861,0.08040793949493517,13.66781154178577,0.007056827047452126,17.38939327848269,1.48,bp208108,bp,G,g
661428435106,2458930.5606921,13.382467015210644,0.061392339202980296,13.583725168237272,0.004986435117355674,17.68235515791521,1.44,bp208841,bp,G,g
661428435106,2458932.0007567,11.564636998929867,0.4658095011163495,13.742235609030525,0.04378128558408869,15.482119754958408,1.47,bt240003,bt,B,g
661428435106,2458955.9762226,13.411115476701296,0.38587602216608025,13.58140336720795,0.031274837622928334,15.686521129152663,1.48,bt241339,bt,G,g
661428435106,2458957.9482918,13.891591430449163,0.12341839238473408,13.543185618112489,0.00965695162982548,16.924190898666176,1.54,bt241811,bt,G,g
661428435106,2458958.9393423,13.426708660983001,0.06032607164720713,13.580141708547371,0.004883685098372661,17.701377997533235,1.99,bt242157,bt,G,g
661428435106,2458960.9428167,12.857108803184417,0.0643028100024916,13.627207324449026,0.005436242297416754,17.632065731934464,1.45,bt242689,bt,G,g
661428435106,2458962.9309004,12.758976674430418,0.07272775262280519,13.63552601360581,0.0061957872517481695,17.498390192582157,1.49,bt243217,bt,G,g
661428435106,2458965.9189933,12.72257900445102,0.07007992854875193,13.638627731212063,0.0059872951350845305,17.53865648552338,1.58,bt244235,bt,G,g
661428435106,2458968.9132785,12.177231018864127,0.07106248778756671,13.686194259081502,0.006343136172094067,17.523539592951675,1.49,bt245285,bt,G,g
661428435106,2458973.8999771,11.783809512140545,0.10278748430692211,13.721851338717281,0.009481273972178494,17.122790019038888,1.54,bt245623,bt,B,g
661428435106,2458974.9597143,12.250360661203247,0.09233981938166688,13.679693435048266,0.008193176647523923,17.239168059621676,1.54,bt245999,bt,B,g
661428435106,2458983.408475,12.841085164553483,0.07680737011801791,13.62856130651252,0.006501496625679751,17.43913337360255,1.52,bp212850,bp,G,g
661428435106,2458984.8955063,12.183970030902309,0.17284755619345385,13.685593567060952,0.015420078840856423,16.558482502327557,1.52,bt248483,bt,B,g
661428435106,2458985.5386417,19.640240196780972,0.1145807893811795,13.167198635205482,0.006341283764151902,17.004861086672392,1.45,bp213571,bp,B,g
661428435106,2458986.9442201,11.74730505903285,0.07588712253678913,13.725220005173675,0.007021695813879759,17.452220397187613,1.44,bt249140,bt,G,g
661428435106,2458990.8600025,12.41556982220689,0.06221963777498216,13.66514898070698,0.0054471959022612025,17.66782191533916,1.43,bt249797,bt,G,g
661428435106,2458991.9214398,14.024629255313968,0.07121495476676154,13.532837148798546,0.005519401484339324,17.521212604502402,1.51,bt250141,bt,G,g
661428435106,2458993.8517186,11.954976602193241,0.07425974113282936,13.706193796110568,0.0067517580847611365,17.47575703405321,1.52,bt250553,bt,G,g
661428435106,2458998.8255249,11.610401115413612,0.08660262054064335,13.737947562341148,0.008107668482821236,17.308813027209386,1.53,bt251883,bt,G,g
661428435106,2458999.8482117,15.647444348630987,0.09338308355893714,13.413957083218408,0.00648689648181286,17.226970085278072,1.60,bt252214,bt,G,g
661428435106,2459001.8189837,14.064958252944813,0.1492509706097183,13.529719503663845,0.01153429060809066,16.717847701150156,1.52,bt252794,bt,B,g
661428435106,2459002.8193018,16.76329102120173,0.13568345897391781,13.339167410526453,0.008797915662103143,16.821323345170732,1.49,bt253055,bt,B,g
661428435106,2459013.7803301,16.272199685480935,0.11033732148071794,13.37144995956307,0.007370353946781027,17.04583451910945,1.48,bt255773,bt,G,g
661428435106,2459018.3753595,13.604376937807073,0.060823396892910345,13.565868981114171,0.004859640998578013,17.692463933536068,1.58,bp222724,bp,G,g
661428435106,2459019.3717306,13.174326255629305,0.06503790274526844,13.600744586469112,0.005365995283363959,17.619724290772144,1.95,bp223104,bp,G,g
661428435106,2459022.7737899,13.926138762381399,0.06996793918141407,13.540488826671858,0.005461105127813604,17.540392905199795,1.49,bt257930,bt,G,g
661428435106,2459025.3176751,13.395983325782657,0.048291369028025104,13.58262912654687,0.003918384879421025,17.942966817609516,2.09,bp224930,bp,G,g
661428435106,2459031.3017832,13.078062001457884,0.08968408153299906,13.608707142363478,0.007453910014160378,17.270852199369315,1.50,bp225673,bp,G,g
661428435106,2459038.492849,19.218755386513017,0.13512984338151596,13.190752474340034,0.007642548208309105,16.825762427920928,1.56,bp228060,bp,G,g
661428435106,2459044.7039673,11.981502670282683,0.07177654883369033,13.70378740008579,0.0065115361578320435,17.512684179657445,1.46,bt262462,bt,G,g
661428435106,2459045.8014086,12.173327027693524,0.06282143633959295,13.686542399324136,0.005609326832261889,17.65737095689771,1.52,bt262753,bt,G,g
661428435106,2459048.4873426,14.864197788143475,0.05444279407071871,13.469711933381706,0.0039811734827742305,17.812789597375293,1.57,bp229584,bp,G,g
661428435106,2459049.3886592,18.238076301406227,0.1015387875415413,13.247618051520407,0.006051528982760779,17.136060678296076,1.98,bp229913,bp,G,g
661428435106,2459052.5035229,13.61143857547284,0.053989053225904735,13.565305553143627,0.004311355716078644,17.82187633251081,1.95,bp231170,bp,G,g
661428435106,2459056.4985902,13.382119442181523,0.06213092470531217,13.583753367635918,0.005046555898854893,17.669371068089184,2.07,bp232740,bp,G,g
661428435106,2459066.7493842,15.271468357521334,0.17469713290904335,13.4403636306709,0.012434180099721106,16.546926167702647,1.59,bt267430,bt,G,g
661428435106,2459067.7679835,14.991664953572645,0.1687647781665412,13.460440953104227,0.012236130999196604,16.584436079237584,1.42,bt267716,bt,G,g
661428435106,2459068.767525,14.78915060837657,0.14792070171593227,13.475207543052006,0.010871711005451085,16.727568215465514,1.46,bt268049,bt,G,g
661428435106,2459069.7618027,14.089903930735435,0.11069090458037123,13.52779554236436,0.008539178210320011,17.04236077001411,1.46,bt268380,bt,G,g
661428435106,2459070.760937,13.80108632222828,0.09007412071436063,13.550282441572417,0.007094126553842488,17.26614053314468,1.57,bt268719,bt,G,g
661428435106,2459082.6070998,15.42389572044512,0.12405969048226059,13.42958042142417,0.008742764610103284,16.918563878180347,1.47,bt271789,bt,G,g
661428435106,2459086.3069196,12.533690309373485,0.09005521300763972,13.654868223121952,0.007809838816749378,17.26636846694521,1.50,bp239360,bp,B,g
661428435106,2459095.6918512,12.506070089592626,0.1610004291635268,13.657263476453787,0.013993242099908527,16.635573027214996,1.51,bt275820,bt,B,g
661428435106,2459097.4172955,16.80410967202714,0.2701422549778671,13.336526854036535,0.017473873449796746,16.07365930954049,1.53,bp241195,bp,G,g
661428435106,2459101.4204823,15.224465159236225,0.07767339694775088,13.443710510641028,0.005545521927696121,17.426959864218155,1.57,bp241974,bp,B,g
661428435106,2459112.3611352,13.846224473700405,0.0651358659207009,13.546737202096867,0.005113296725479863,17.61809013379153,1.49,bp244765,bp,B,g
661428435106,2459115.2816573,15.259765222995963,0.07878029720645398,13.441195992550556,0.005611538354735591,17.41159657420456,1.46,bp245513,bp,B,g
661428435106,2459122.3736796,12.558538808552305,0.14791480893629366,13.652717842310054,0.012802203240843073,16.727611469260076,2.05,bp247425,bp,G,g
661428435106,2459126.5936617,16.72205564837789,0.13751198197895845,13.341841461374086,0.008938467182041809,16.806789257287804,1.49,bt278394,bt,G,g
661428435106,2459128.588352,16.271610242612724,0.1091127020870259,13.371489289897418,0.007288815388871309,17.057952334302225,1.50,bt279129,bt,G,g
661428435106,2459129.5950275,15.821576023080263,0.10508540160537917,13.401941266344622,0.00721946173048219,17.0987846406528,1.50,bt279543,bt,G,g
661428435106,2459133.5672936,15.226005227081886,0.09650310003391936,13.443600685906103,0.006889178900539216,17.191287449688915,2.05,bt280920,bt,G,g
661428435106,2459140.5533829,13.871841962059062,0.11455694660619341,13.544730291364495,0.008976343629396455,17.005087037793068,2.32,bt283361,bt,B,g
661428435106,2459142.5551115,13.444495597852475,0.08583983968153223,13.578704339089311,0.006939953446954647,17.31841836681687,2.18,bt283852,bt,B,g
661428435106,2459146.5088972,14.530044705840705,0.10040110022550228,13.494398245953892,0.007510756703730282,17.14829443153008,1.43,bH173914,bH,G,g
661428435106,2459148.5162415,14.735240948413795,0.10093495835932287,13.4791725178793,0.007445545793531371,17.142536590966355,1.40,bH174589,bH,B,g
661428435106,2459150.5263848,14.481813848855944,0.23875975650097245,13.498008220527453,0.017920508933905458,16.207737793180094,1.45,bH175176,bH,B,g
661428435106,2459151.5119938,13.860451489601557,0.14198839465111066,13.545622179303978,0.011134933930044066,16.772008488952046,1.36,bH176310,bH,B,g
661428435106,2459153.5094154,14.030841987156027,0.16544612200297368,13.532356288010764,0.012816960056438578,16.605999131666657,1.99,bH175252,bH,B,g
661428435106,2459155.5026855,13.925075833435198,0.14410648083888328,13.540571699929435,0.011248590747103894,16.755931829961092,1.39,bH175606,bH,B,g
661428435106,2459255.8917397,12.693262418303657,0.3318465914286182,13.641132475601,0.028416872265250304,15.850297208609014,1.97,bl353082,bl,B,g
661428435106,2459256.8873726,15.295938674581231,0.1524451709743626,13.438625287943859,0.010833024132973438,16.694856432151852,1.46,bH204390,bH,B,g
661428435106,2459258.8767599,13.674328253746086,0.06036976464164997,13.560300619842947,0.00479872269960474,17.700591904665547,1.51,bl354109,bl,G,g
661428435106,2459259.8760427,13.846581889160596,0.06277763019049845,13.546709176125054,0.004928043260142539,17.658128318004056,1.56,bl354459,bl,G,g
661428435106,2459260.8802883,14.27580515604689,0.08576389703496339,13.513564092690283,0.00653004339810776,17.319379344565085,1.49,bH205717,bH,G,g
661428435106,2459265.8727828,14.348142332868033,0.07235520675259892,13.508076431769101,0.005481334240834779,17.50396613933671,1.44,bH207386,bH,B,g
661428435106,2459266.8834921,13.979394413541142,0.10299531246608758,13.536344726761286,0.00800831733348418,17.120596962699576,1.44,bH207745,bH,B,g
661428435106,2459267.8669341,13.45573815863663,0.060100208921635506,13.577796803779487,0.00485490377971765,17.705450657169287,1.63,bl357321,bl,G,g
661428435106,2459268.8757102,14.184376655046924,0.07344425842978447,13.520539984540106,0.005628073592937472,17.48774598620228,1.48,bH208454,bH,B,g
661428435106,2459270.6141983,16.91950431401574,0.09395588219614931,13.329096533568617,0.006035990003812291,17.220330674689283,1.61,bp281696,bp,B,g
661428435106,2459271.8772622,14.066816152874823,0.12750076350465273,13.529576093639815,0.009852107606437845,16.888858647853233,1.39,bH209428,bH,B,g
661428435106,2459273.8581513,13.989738496442339,0.12595679600414747,13.535541631015766,0.009786427452442384,16.902086599334513,1.39,bH210124,bH,B,g
661428435106,2459274.8579705,13.931043782964894,0.1438247160286741,13.540106479427735,0.011221787506389873,16.758056798402524,1.46,bH210482,bH,B,g
661428435106,2459276.5977368,14.407173734728012,0.11754249828018458,13.503618638983756,0.008868053335067882,16.977153318718795,1.51,bp282992,bp,B,g
661428435106,2459277.8322196,14.00896823031342,0.10102208969355224,13.534050246305876,0.00783830881952577,17.14159974176081,1.49,bH211477,bH,G,g
661428435106,2459278.8343876,13.399740382438798,0.09613979153103619,13.582324662110228,0.007798641646837704,17.195382671262124,1.53,bl361218,bl,G,g
661428435106,2459283.8076344,13.043010212918553,0.07139206121256508,13.61162103643255,0.005949551926175541,17.518515809006814,1.37,bl362962,bl,G,g
661428435106,2459285.6289464,13.352626265562812,0.05853510898662962,13.586148888654783,0.0047649890889120946,17.734099533180093,2.16,bp285195,bp,B,g
661428435106,2459285.8954321,21.538149982893202,0.13287050670830472,13.06704463006838,0.006705518530054097,16.844069133414063,1.45,bH214235,bH,G,g
661428435106,2459288.7996607,13.376261929942183,0.08488815342108172,13.584228711276566,0.006898020722283769,17.330522895338657,1.53,bH215232,bH,B,g
661428435106,2459290.8203313,19.966904729640483,0.10736779778634274,13.149288757930373,0.005844878292797601,17.07545549790169,1.52,bH215705,bH,B,g
661428435106,2459291.8010616,17.9794050303888,0.09468068549030631,13.263127332083744,0.005723981878292132,17.211987127516412,1.49,bl365668,bl,G,g
661428435106,2459292.6234616,12.914579422113043,0.06923549848643022,13.62236495366078,0.0058272107945557755,17.551818552907225,1.49,bp286778,bp,G,g
661428435106,2459294.7971091,21.207553930948514,0.12623904551185533,13.083839172060188,0.0064701640870044935,16.89965635595383,1.51,bH216933,bH,B,g
661428435106,2459295.5364394,13.180868515353609,0.06838360550208426,13.600205552821192,0.00563923431099732,17.565260623713545,1.58,bp287477,bp,G,g
661428435106,2459295.7994181,20.736447961004032,0.12209429219463419,13.108229706837475,0.006399899704021196,16.93590220764705,1.50,bH217304,bH,B,g
661428435106,2459296.6118163,12.67215119750561,0.07039471553011888,13.6429397571527,0.006038122016449345,17.533790465797466,1.55,bp287878,bp,G,g
661428435106,2459298.5396551,12.702830957532745,0.06384088753446354,13.640314325359896,0.005462740493925101,17.639893321262164,2.09,bp288261,bp,G,g
661428435106,2459299.9921452,12.514462958721898,0.07183357701130727,13.656535079324946,0.0062391790418679545,17.51182187889668,1.68,bt332365,bt,G,g
661428435106,2459302.8729275,14.239892607712235,0.09614446004409358,13.516298837241838,0.007338878933498107,17.195329949589823,1.40,bl369491,bl,G,g
661428435106,2459304.7610692,17.344311180059446,0.1330282963255108,13.302172980407146,0.008336795434868574,16.842780538517882,1.49,bH220320,bH,B,g
661428435106,2459305.7887114,15.324379145980208,0.10643545394703452,13.436608401082083,0.007549455003032946,17.084924819533178,1.46,bl370612,bl,G,g
661428435106,2459310.7431573,15.403885774780031,0.07917297107313907,13.430989898490711,0.005586744702710635,17.406198254604497,1.55,bl372499,bl,G,g
661428435106,2459311.8159618,14.00224470500126,0.05740005179571287,13.534571464363234,0.004455811333252112,17.755359900718062,1.45,bl372967,bl,G,g
661428435106,2459312.9754103,12.019979906091324,0.07506150012098173,13.700306268148905,0.006787747377737067,17.464097512350165,1.56,bt336346,bt,G,g
661428435106,2459314.5333897,12.349533674083267,0.08156708684072592,13.67093922557967,0.007179208490021827,17.373853231927498,2.04,bp293108,bp,B,g
661428435106,2459315.5436246,14.11849435949269,0.05932335720000793,13.525594660632523,0.004567194515090319,17.719576310331256,1.47,bp293465,bp,B,g
661428435106,2459315.9000312,13.446508034152991,0.05910093874456473,13.578541833071668,0.004777459742421225,17.723654663539108,1.44,bl374680,bl,G,g
661428435106,2459316.5115447,15.551020522587127,0.06670779521125907,13.420668386015704,0.004662618311795115,17.59219914436355,1.47,bp293857,bp,G,g
661428435106,2459316.7806711,14.328585106169879,0.08568369388578806,13.509557353358081,0.006499905551438778,17.320395159003535,1.51,bH224919,bH,G,g
661428435106,2459316.9756177,11.995690588595977,0.08052740604932891,13.702502484189715,0.007296769497144724,17.387781336907647,1.40,bt337736,bt,G,g
661428435106,2459319.7284416,13.697388904135133,0.05375580306741957,13.558471155596168,0.004265792636421123,17.826577225827933,1.43,bl376235,bl,G,g
661428435106,2459320.723554,13.237402970867421,0.057257569062380026,13.595558647826012,0.004701563308773729,17.75805834746074,1.50,bl376636,bl,G,g
661428435106,2459321.526165,20.194605307013376,0.12290838967927682,13.136977198455465,0.006615433860049142,16.92868678976191,1.64,bp295682,bp,G,g
661428435106,2459323.5034711,18.61365927788537,0.10195878425507524,13.22548622250589,0.005953948325803748,17.13157899056671,1.46,bp296437,bp,G,g
661428435106,2459323.7629162,14.042300676398987,0.06478757511083755,13.531469952297645,0.005014938713906495,17.623911298084902,1.42,bH227669,bH,B,g
661428435106,2459323.894993,12.97431033865416,0.06188820766508814,13.617354917749251,0.0051848452198570705,17.67362084809492,1.47,bl378028,bl,G,g
661428435106,2459326.9490022,18.265666990263142,0.13115702003952825,13.24597678337586,0.007804915001452199,16.858161759699307,1.55,bt339647,bt,G,g
661428435106,2459328.5430872,15.135588119975067,0.061499374385558435,13.450067370035644,0.004416554252228772,17.68046386681184,1.41,bp297948,bp,G,g
661428435106,2459329.6996804,14.03657332102422,0.13004526299400193,13.531912875840428,0.010070374264414593,16.867404268229215,1.45,bH229741,bH,G,g
661428435106,2459330.6950355,14.066230476764,0.1740270174491193,13.529621299533527,0.013447796258393652,16.551098918634914,1.49,bH230136,bH,B,g
661428435106,2459333.7690099,13.204310012079967,0.12844002261317314,13.598276341816655,0.010572965956115,16.880889678051098,1.45,bl381782,bl,G,g
661428435106,2459337.6732455,13.87089733817664,0.10001025024032814,13.544804228717135,0.007837041186967422,17.15252932657525,1.57,bH232190,bH,B,g
661428435106,2459339.9522417,14.000774758717055,0.07437666237642944,13.534685450207036,0.005774266040878545,17.47404889727825,1.60,bt342085,bt,G,g
661428435106,2459340.7581119,12.966453778205477,0.061126235761697116,13.61801258167514,0.005124111938934138,17.68707148104915,1.54,bl383678,bl,G,g
661428435106,2459341.7067904,13.840982836730673,0.07261397895038671,13.547148297014056,0.00570250241045701,17.500090023995856,1.57,bH233440,bH,B,g
661428435106,2459344.434985,13.777289763949428,0.04663477874926962,13.552156140821674,0.0036792415467676947,17.980865809772478,1.61,bp301327,bp,G,g
661428435106,2459344.8842419,14.016110524470808,0.069224669170876,13.533496838582211,0.005368408410389465,17.55198838918856,2.06,bt343329,bt,G,g
661428435106,2459345.8331859,16.65787324745976,0.0876400084852507,13.34601673942698,0.00571866992701741,17.29588458410021,1.51,bl385086,bl,G,g
661428435106,2459348.3955559,14.157391665391675,0.0527847106596006,13.52260750472981,0.0040526310817423136,17.846370248182428,1.57,bp302724,bp,G,g
661428435106,2459351.4164113,13.21571954805064,0.05124423234523142,13.597338587600692,0.004214696925630549,17.87852813232261,1.48,bp303157,bp,G,g
661428435106,2459351.679426,17.297312654106815,0.08805801620941998,13.305119033556942,0.005533532111273593,17.290718368064674,1.57,bl387118,bl,G,g
661428435106,2459351.9440454,12.128448784042146,0.07070871218277451,13.690552475765154,0.006336943595949869,17.528958292657205,1.51,bt344444,bt,G,g
661428435106,2459352.8118585,15.83979468426703,0.06223739453390501,13.400691752391563,0.004270847143736811,17.667512103096094,1.56,bH237040,bH,B,g
661428435106,2459355.8465236,12.640037070051134,0.07309177913036412,13.645694753220301,0.0062853918521731,17.49296927845561,1.50,bt345670,bt,G,g
661428435106,2459357.3989604,12.914006144591237,0.10293054802261586,13.622413150505263,0.008663541677670961,17.1212798988127,1.55,bp304113,bp,G,g
661428435106,2459358.608053,16.94599321305931,0.0933280968292873,13.327398051946844,0.005986287273614515,17.227609587259302,1.41,bH238563,bH,G,g
661428435106,2459359.7908617,15.170788882112147,0.11730423423263737,13.447545210486759,0.008404612536472657,16.979356389536132,1.44,bH239116,bH,G,g
661428435106,2459360.6518901,17.228323023759206,0.20012597262607063,13.30945810727103,0.012626198778331802,16.399381972357908,1.89,bl389871,bl,G,g
661428435106,2459365.6051341,16.484611937408296,0.06921007806026837,13.357368802490264,0.004563549691271069,17.55221726376564,1.58,bH241064,bH,B,g
661428435106,2459367.5976685,16.164056826051592,0.09134033102955091,13.378689700855386,0.0061422061044952014,17.250984158404677,1.48,bl392456,bl,G,g
661428435106,2459368.7063851,14.00889396422045,0.04249877183774743,13.534056002161577,0.003297499241048287,18.081699662304416,1.99,bl392979,bl,G,g
661428435106,2459369.4555787,12.920126917523671,0.10519621447668516,13.62189867263351,0.008850045523362155,17.097640331799663,1.57,bp306700,bp,B,g
661428435106,2459369.8765136,13.221292523235041,0.04747865060641873,13.596880836853426,0.003903342190585833,17.961394693071206,1.44,bl393555,bl,G,g
661428435106,2459370.8401747,13.854243783494494,0.06787187581292621,13.546108558917048,0.005324994940930678,17.573415980951165,1.49,bH243285,bH,G,g
661428435106,2459371.6969644,13.262631300603172,0.04846352904116294,13.59349138112181,0.003971892738614401,17.93910302238524,1.48,bl394225,bl,G,g
661428435106,2459372.570651,14.593445659148447,0.050054824438977144,13.489671009053124,0.0037282091658967526,17.904025755242973,1.41,bl394569,bl,G,g
661428435106,2459373.8121708,13.101354266690281,0.06562589058274128,13.606775146472694,0.005444665361443548,17.60995258621493,1.52,bl395191,bl,G,g
661428435106,2459374.8396556,13.55767494822376,0.11884150481148004,13.569602579084222,0.009527854090133223,16.96522025556565,1.46,bH244974,bH,G,g
661428435106,2459375.9196083,15.181654919216816,0.2218686005473015,13.446767833187717,0.01588506151781668,16.28740100135497,1.69,bt349764,bt,B,g
661428435106,2459378.3067513,12.993094861534004,0.07782268115525795,13.615784099257374,0.006510371218127597,17.424875138729725,1.50,bp309348,bp,G,g
661428435106,2459379.5625655,15.508617144099334,0.06099907401578204,13.423632935204937,0.004275258116532272,17.689332505591025,1.48,bH246864,bH,G,g
661428435106,2459379.742363,13.274317522219588,0.06475756063490999,13.592535117852002,0.005302619343420901,17.624414409275868,1.48,bl397783,bl,G,g
661428435106,2459381.7719686,11.785113405325825,0.07344627195169706,13.72173120730145,0.006774046337071776,17.48771622044905,1.46,bt351340,bt,G,g
661428435106,2459384.3222977,14.269572465638262,0.06613724178451254,13.51403821903234,0.005037873871878343,17.601525414055434,1.51,bp310260,bp,G,g
661428435106,2459386.5312841,13.854387236906199,0.11960864628186474,13.546097316747582,0.009383987606910131,16.958234173666188,1.53,bl399901,bl,G,g
661428435106,2459386.7219387,14.050734035484933,0.09196972360867617,13.530818089395948,0.007114723730911875,17.24352840812578,1.37,bH249208,bH,G,g
661428435106,2459387.8281075,21.46804459959102,0.5091289365264953,13.070584400139165,0.025777895858019803,15.385571158886888,1.41,bt353053,bt,B,g
661428435106,2459392.8480029,17.150020406749054,0.13716005853163774,13.314404019420792,0.008693110364137772,16.80957145700811,1.53,bH251120,bH,G,g
661428435106,2459393.5230902,14.241517243356501,0.07818805251559885,13.516174972183917,0.005967553326774731,17.419789621470255,1.39,bH251300,bH,G,g
661428435106,2459398.2519261,17.568568212666968,0.1084793382296068,13.288224699288937,0.006711550009954772,17.064273043570065,1.63,bp311892,bp,G,g
661428435106,2459400.4960169,13.469392026213491,0.0699992872383999,13.57669563921448,0.005648820795533618,17.539906566763893,1.46,bl405248,bl,G,g
661428435106,2459400.6363835,14.009375921192136,0.07672308994476612,13.534018649524493,0.005952775016715014,17.440325398228765,1.45,bH254301,bH,G,g
661428435106,2459401.6470117,16.62247280697119,0.07500719404876938,13.34832654439933,0.0049047791923275234,17.464883313434648,1.42,bH254688,bH,G,g
661428435106,2459401.6740261,20.679221450207756,0.1204622825961479,13.111230162224023,0.006331827530680544,16.950512890938892,1.99,bl405812,bl,G,g
661428435106,2459403.2589685,14.988932315868427,0.051517688652527004,13.46063887602561,0.0037359223783075602,17.87274968615921,1.99,bp312499,bp,G,g
661428435106,2459406.6900955,17.408532439690966,0.0968555443749744,13.298160219504432,0.006047480796539852,17.187329395408973,1.43,bH256554,bH,B,g
661428435106,2459407.4748399,13.161923669035748,0.05933640747175654,13.60176720269817,0.004900202789484894,17.719337490498507,1.52,bl408007,bl,G,g
661428435106,2459407.5006,14.073543366465243,0.06749626085244156,13.52905698303738,0.005213008480961795,17.579441325147247,1.40,bH256829,bH,G,g
661428435106,2459408.7754578,14.202965917630083,0.04898773232213528,13.519118010064009,0.0037490433647143933,17.92742227115906,1.67,bl408667,bl,G,g
661428435106,2459409.8024374,14.576664482383324,0.05282846894987526,13.49092022841458,0.003939327061273716,17.845470550570752,1.55,bH257858,bH,G,g
661428435106,2459412.2574786,13.401486036983147,0.05362072210610581,13.582183226765977,0.004349024685229134,17.82930896570132,1.48,bp314502,bp,G,g
661428435106,2459414.2427531,13.86106865591902,0.07317102089280732,13.545573835648085,0.005737921103780423,17.49179282540237,1.57,bp315262,bp,G,g
661428435106,2459414.6095309,14.992381870944602,0.058113307787376986,13.460389033284914,0.004213249064962815,17.74195162139454,1.53,bl411111,bl,G,g
661428435106,2459420.5553106,16.031411629362875,0.21556900377491484,13.387636208809425,0.014615939004946073,16.31867482471559,1.90,bp316358,bp,G,g
661428435106,2459421.3861311,12.274415691665885,0.16189351305648306,13.677563554189858,0.014336422544617314,16.629566993268067,1.70,bp316625,bp,G,g
661428435106,2459421.802229,13.988996821510435,0.1450455628834666,13.535599193540788,0.011270159149874217,16.74887949205119,1.49,bH262801,bH,G,g
661428435106,2459423.6945024,14.40628801425303,0.08284659691809136,13.50368538964327,0.006250787762601975,17.35695392732231,2.21,bH263533,bH,G,g
661428435106,2459424.6923375,13.866232449940346,0.07869913689496935,13.545169431471402,0.00616912635873168,17.412715687908168,1.45,bH263939,bH,G,g
661428435106,2459425.4843459,17.411888870058604,0.11145010836329702,13.297950905668293,0.006957396927930816,17.034939373736243,1.58,bp317391,bp,G,g
661428435106,2459426.6450034,14.074932070064449,0.06545826565874115,13.528949853556785,0.005055107080113634,17.612729375618418,1.44,bH264721,bH,G,g
661428435106,2459427.6313308,14.470751961983385,0.05841217057154159,13.498837873535297,0.004387573632557336,17.736382249595376,1.42,bH265118,bH,G,g
661428435106,2459428.48299,15.521342460011715,0.039109176417323366,13.422742419254941,0.0027388078367690206,18.17194393535487,1.39,bH265414,bH,G,g
661428435106,2459428.7829425,13.497012282698952,0.08932665734223559,13.574471514515153,0.0071937544939304114,17.275187904618143,1.48,bl417175,bl,B,g
661428435106,2459429.6735567,13.419510999111129,0.05006413738769891,13.58072389571339,0.004055106079678136,17.90382376741879,1.47,bl417508,bl,G,g
661428435106,2459430.6633158,13.994601471772246,0.06600471839788248,13.535164283653803,0.005126566788832437,17.60370315512847,1.39,bH266357,bH,G,g
661428435106,2459431.6162195,13.382447353293854,0.053953041029771456,13.583726763434225,0.0043822036632585465,17.82260079032081,1.43,bl418296,bl,G,g
661428435106,2459432.5751711,14.33369056020423,0.06069167620412759,13.509170560877962,0.0046023885466393195,17.694817781056333,1.44,bH267101,bH,G,g
661428435106,2459433.5565254,13.599960196843146,0.05719734718992317,13.566221528988429,0.004571412611096877,17.75920089468229,1.48,bl419075,bl,B,g
661428435106,2459435.4922066,14.308642019157416,0.04247479604422631,13.511069576242631,0.0032265994570272916,18.082312356072684,1.49,bl419606,bl,G,g
661428435106,2459436.6054688,13.145174091903572,0.057131859791418785,13.603149766820552,0.004724155584794957,17.7604447071632,1.47,bl420107,bl,G,g
661428435106,2459437.5574468,14.102857952981818,0.06682198089338769,13.526797793225915,0.005150203467251001,17.590342246778793,1.52,bH268856,bH,G,g
661428435106,2459443.5728347,14.186076309316338,0.08012308082559838,13.520409893125604,0.006139139769607845,17.393246511266483,1.42,bH270802,bH,G,g
661428435106,2459449.5932565,12.853859226590647,0.12503087894703865,13.627481774090338,0.010572943650193243,16.91009740091878,1.50,bl424169,bl,G,g
661428435106,2459450.7065081,17.797387378297046,0.2999492211534667,13.274174988766571,0.018319079940964343,15.960021264971624,2.20,bt363715,bt,B,g
661428435106,2459452.6981529,16.9577900824102,0.1564053070381747,13.326642485020148,0.010025231335779827,16.66701189854739,1.44,bt364347,bt,G,g
661428435106,2459453.6581188,18.366920176291057,0.13050974275727803,13.239974775962203,0.0077235821073386906,16.86353327731799,1.46,bt364591,bt,G,g
661428435106,2459454.5857485,14.619628449333582,0.06351112270228443,13.487724783828623,0.004721996134407166,17.645516136589563,1.35,bH273383,bH,G,g
661428435106,2459455.6089346,19.91637376857164,0.11978752486815096,13.152039952180964,0.006537527006240901,16.956611633150203,1.51,bl425769,bl,G,g
661428435106,2459456.533795,12.18059186824581,0.05731462573625479,13.685894643151745,0.00511457135325818,17.756976959401815,1.47,bl426128,bl,G,g
661428435106,2459457.6716432,15.941686666124802,0.0758364667145571,13.393729950234434,0.005170779215991084,17.452945384811407,1.58,bl426650,bl,G,g
661428435106,2459459.2582532,13.872686591565731,0.059695751917845,13.544664185008894,0.004677297828286008,17.71278204426706,1.58,bp323683,bp,G,g
661428435106,2459459.6381217,16.163467537875007,0.07838273561083674,13.37872928393643,0.005271061142314388,17.417089569992985,1.47,bl427288,bl,G,g
661428435106,2459460.338515,12.995960258341922,0.07230399361496587,13.615544685777074,0.006047363630334661,17.504734897353753,1.50,bp324106,bp,G,g
661428435106,2459460.6909493,16.40606516709858,0.07497885667805093,13.362554541545975,0.004967599264581253,17.46529357704988,1.47,bH275488,bH,G,g
661428435106,2459461.6955939,16.0690356065663,0.06938297726270139,13.385091089570288,0.004693267317333822,17.549508282124325,1.47,bH275854,bH,G,g
661428435106,2459462.6947093,13.620581830682132,0.07126284916497115,13.56457647293327,0.005686953730793604,17.52048265664154,1.58,bt366009,bt,G,g
661428435106,2459464.6927316,13.178439425365465,0.059624815704165515,13.600405660575017,0.004917849541607551,17.714072987245768,1.37,bt366766,bt,G,g
661428435106,2459465.5979942,15.578712347265174,0.07883922266797116,13.418736726358675,0.005500763178468878,17.41078477741717,2.07,bl429482,bl,G,g
661428435106,2459466.2870916,12.960234744585879,0.06939394167489299,13.61853345267515,0.005819971548294663,17.549336719599427,2.00,bp325213,bp,G,g
661428435106,2459469.2603502,13.419509501801087,0.17429583398513726,13.580724016856689,0.014117654109241368,16.54942309459791,1.59,bp326031,bp,G,g
661428435106,2459469.6257626,13.626106077852787,0.07540891795141164,13.56413620839473,0.006015380674145915,17.459083838675408,1.44,bt368208,bt,G,g
661428435106,2459470.2311763,12.953617778457938,0.14465765187342744,13.619087926761202,0.012138429650500998,16.751787083393477,1.63,bp326148,bp,G,g
661428435106,2459470.5930753,16.194585839269763,0.07631547652381321,13.376641007705675,0.005122181310499551,17.446109060548775,1.42,bH278744,bH,G,g
661428435106,2459475.2335597,12.72479404572124,0.10560290019572452,13.63843871755604,0.00902063802917945,17.093450997725544,2.13,bp326737,bp,G,g
661428435106,2459478.5846822,14.649921528762867,0.122290963507398,13.485477376208198,0.009073424732900483,16.934154694605077,1.42,bH281608,bH,G,g
661428435106,2459479.618624,13.40660601714972,0.11343672063968457,13.581768505129626,0.009197016988958927,17.01575645411276,1.47,bl434525,bl,G,g
661428435106,2459482.6039478,14.354954979369865,0.08481595947031596,13.507561035328383,0.006422260496554242,17.331446663060063,1.46,bH282898,bH,G,g
661428435106,2459483.6423194,11.730947022797517,0.13037526728609874,13.726732938503755,0.012080205185029703,16.8646525819543,1.43,bt372283,bt,B,g
661428435106,2459486.5488849,13.33018325997598,0.06888456173461524,13.587975322219219,0.005616916299222483,17.55733586236029,1.50,bl437117,bl,B,g
661428435106,2459489.5172548,14.23043420765048,0.05755857455484172,13.517020242923659,0.004396469361473037,17.752365536338097,1.52,bH285078,bH,G,g
661428435106,2459490.5277028,13.229421902422038,0.059854517260256805,13.59621345513803,0.004917770282892895,17.709898280259836,1.47,bl438289,bl,G,g
661428435106,2459491.598417,13.848428482475628,0.06470730176395192,13.546564390967465,0.005078845137227885,17.625257385161984,1.55,bH285845,bH,G,g
661428435106,2459493.5956419,12.174142281283709,0.0697946929327363,13.686469689480823,0.006231551670186182,17.543084609241482,1.54,bt374564,bt,G,g
661428435106,2459495.2923277,16.164278058111798,0.08678838045718727,13.378674840847392,0.005836029039464333,17.306486651067758,1.55,bp331843,bp,G,g
661428435106,2459497.3055035,14.73850000358012,0.056240013009970655,13.478932407592144,0.004147670991554906,17.77752708024999,1.55,bp332440,bp,G,g
661428435106,2459502.4994347,13.339924600880478,0.09348860327142952,13.58718218504644,0.007617587810612917,17.22574393287063,2.13,bl442215,bl,G,g
661428435106,2459503.5416228,13.115195355671004,0.1060186301778166,13.60562871240472,0.008786574532250336,17.089185139966936,1.57,bl442598,bl,G,g
661428435106,2459504.5586479,13.71660675653527,0.14790913157297045,13.556948902378885,0.011720886808350919,16.727653143499815,1.51,bH289734,bH,G,g
661428435106,2459505.5569128,14.313183311155411,0.1374834697639633,13.510725038804988,0.010440623224240761,16.807014400969365,1.39,bH290071,bH,G,g
661428435106,2459506.2764658,12.997135942938145,0.09364425862944195,13.61544646867185,0.007831512887729914,17.223937722086294,1.56,bp334135,bp,G,g
661428435106,2459507.548541,16.636267500036936,0.1599816717837603,13.347425884998785,0.010452652405577224,16.642465034476064,1.42,bH290743,bH,G,g
661428435106,2459508.548614,17.299691167272623,0.1462990859092961,13.304969746764652,0.009192114704013706,16.73953657989153,1.53,bl444367,bl,G,g
661428435106,2459509.5453895,18.87978335805996,0.13083203506765226,13.21007310592304,0.007532328685777899,16.860855369406035,2.03,bl444714,bl,G,g
661428435106,2459510.5078021,13.71722544896719,0.058649495203688194,13.55689993096519,0.004647401294491126,17.731979915206587,1.57,bl445031,bl,G,g
661428435106,2459511.5425914,20.518735554211577,0.12376755517629015,13.119689136488386,0.006556444519845828,16.92112358080263,1.44,bl445404,bl,G,g
661428435106,2459513.5063726,20.681595006412987,0.12739128136724506,13.111105548827593,0.0066952662041730795,16.889791346460818,1.47,bH292632,bH,G,g
661428435106,2459514.5243665,20.592987676039094,0.11858733486503319,13.115767223307746,0.006259377175133763,16.967544839376203,1.47,bH292977,bH,G,g
661428435106,2459515.5226121,18.832278658659547,0.11432966873727415,13.212808442924388,0.006598849842587236,17.007243248557586,1.59,bl446748,bl,G,g
661428435106,2459516.5264486,18.18931701276083,0.09894776928169419,13.250524641962436,0.005912917074171754,17.164125592083902,1.56,bl447076,bl,G,g
661428435106,2459517.520463,19.14172331472072,0.10911178953208703,13.19511303627909,0.006195877418169638,17.057961414803945,1.44,bH293914,bH,G,g
661428435106,2459518.5170888,18.529054172991152,0.10219361811059435,13.230432494645342,0.005994910406562698,17.129081172970245,1.51,bH294214,bH,G,g
661428435106,2459522.2489675,12.761199050878,0.14010469726212219,13.635336915019513,0.01193365245759351,16.78650887135726,2.00,bp336713,bp,G,g
661428435106,2459524.2514364,13.62406653377031,0.18258127065084165,13.564298732639053,0.014566715627043298,16.49900004852006,2.42,bp337342,bp,G,g
661428435106,2459621.8875556,22.013219788653874,0.20779182648329564,13.043356697841656,0.010260229222647285,16.358569460114694,1.46,bH321775,bH,G,g
661428435106,2459623.8811146,19.7410455251069,0.13461870125034836,13.161640247172565,0.0074122049455800235,16.829877120606753,1.49,bl478867,bl,G,g
661428435106,2459624.8848324,19.959998902634787,0.154492797968,13.149664339595692,0.008413174526321069,16.680370014914804,1.47,bH322779,bH,G,g
661428435106,2459631.8704052,16.22247967394503,0.12049528543546635,13.374772525584206,0.008073558357003493,16.950215474443326,1.55,bl481675,bl,G,g
661428435106,2459631.8716455,16.29734273841188,0.14336592145887167,13.369773624787902,0.009561836296022197,16.761525785435644,1.50,bl481676,bl,G,g
661428435106,2459632.8932723,15.227736295067277,0.14156149480527988,13.443477253901186,0.010104666053061512,16.7752777617387,1.54,bl482057,bl,G,g
661428435106,2459633.879731,16.414706457646496,0.15941947073690976,13.361982820543934,0.010556511251467686,16.64628720403054,1.45,bH325799,bH,G,g
661428435106,2459638.8600268,15.355890110373416,0.0720099079447661,13.434378133372709,0.005097173690864252,17.50915997211055,1.48,bH327434,bH,G,g
661428435106,2459639.8878143,14.455338002451553,0.07792628497894931,13.49999499470356,0.005859598970180142,17.42343068048751,1.52,bl484612,bl,G,g
661428435106,2459644.5890035,14.259928800281818,0.04787413268182995,13.514772229551856,0.0036491837701245118,17.95238831370844,1.46,bp358463,bp,G,g
661428435106,2459646.8402266,13.768151698541837,0.07300974777572869,13.552876516193544,0.005763912486798209,17.49418849118936,1.37,bH330026,bH,G,g
661428435106,2459646.8818272,13.56417304404112,0.05119039029799803,13.569082318220882,0.004102109904092122,17.879669509405765,1.43,bl486742,bl,G,g
661428435106,2459648.8378548,13.56028819021985,0.09237321902372966,13.569393323585109,0.0074043907801528966,17.238775415969428,1.45,bH330728,bH,G,g
661428435106,2459650.8313171,13.821210143204475,0.06721219238687882,13.548700446758563,0.005285841840066597,17.58402045685652,2.01,bH331431,bH,G,g
661428435106,2459651.8234685,13.6828954541927,0.05470516760235144,13.559620600547007,0.004345727766266587,17.807569729101157,2.43,bl488549,bl,G,g
661428435106,2459652.8346191,13.731728172460572,0.0654342783167635,13.555752627964374,0.005179553124590784,17.613127319231424,1.37,bH332155,bH,G,g
661428435106,2459653.8987479,13.25786079724443,0.06351814051045378,13.593881985357076,0.0052075865128203835,17.64539617228807,1.42,bl489323,bl,G,g
661428435106,2459654.8428999,13.335108567024687,0.060626086973804075,13.587574232722217,0.004941686098203484,17.695991765921818,1.46,bl489668,bl,G,g
661428435106,2459659.5774691,16.312737714717915,0.1481717170070231,13.368748488746755,0.009873034002916512,16.725727327705194,1.47,bp361602,bp,G,g
661428435106,2459665.8400853,13.364287083526118,0.08790836453599883,13.5852011314885,0.007149844174300214,17.292565110361934,1.39,bH336115,bH,G,g
661428435106,2459665.9892598,15.598754659186865,0.11660261504331473,13.417340803676858,0.008125134066296997,16.98586988533868,1.54,bt429067,bt,G,g
661428435106,2459666.8295572,12.908384546513933,0.06477127388566305,13.622885885406582,0.005454095229165311,17.62418451493708,1.49,bl494157,bl,G,g
661428435106,2459667.8352598,13.15620084980074,0.05894317609607557,13.602239384682886,0.004869845816516074,17.726556777235118,2.02,bl494553,bl,G,g
661428435106,2459669.8961805,20.699885010988197,0.11780063993353408,13.11014578994815,0.006185743243154624,16.974771487206503,1.52,bl495370,bl,G,g
661428435106,2459671.9058639,18.174359333870495,0.0994585229624996,13.251417846173775,0.0059483301826852904,17.15853559812081,2.08,bl496157,bl,G,g
661428435106,2459671.9737001,14.333070470497338,0.08475139152360843,13.509217531921838,0.006427169805148956,17.332273517526854,1.48,bt430713,bt,G,g
661428435106,2459673.9891639,13.274490649941681,0.08270575130076,13.592520957439627,0.00677220378034547,17.358801333590574,1.49,bt431431,bt,G,g
661428435106,2459675.8709248,17.503205204199414,0.08881436641168135,13.292271661275501,0.005515410101696364,17.281432556548978,1.47,bl497737,bl,G,g
661428435106,2459677.759928,14.483652122212009,0.055241090590401026,13.497870409525788,0.004145685299437323,17.796985001451326,1.39,bH340628,bH,G,g
661428435106,2459677.7612294,14.34687465922666,0.09815277049973155,13.508172361955832,0.007436309060721809,17.172884204741088,1.45,bH340629,bH,G,g
661428435106,2459677.8272819,18.91253617641669,0.10149780199671012,13.208191192876216,0.0058333634787745186,17.136499017913586,1.42,bl498520,bl,G,g
661428435106,2459678.8681132,16.211412120722507,0.07012550827503576,13.375513506270353,0.00470183460837367,17.53795055625425,1.46,bl498960,bl,G,g
661428435106,2459680.9714471,12.899117627563154,0.04012807219166218,13.623665614477297,0.003381430500357866,18.144019871130386,1.99,bt433772,bt,G,g
661428435106,2459681.5199632,13.394497520439243,0.06147860682518757,13.582749556834441,0.004988957035088695,17.680830568105385,1.48,bp364390,bp,G,g
661428435106,2459682.6026163,12.684850493482944,0.0745209422301929,13.641852240044933,0.006385650678726469,17.471944767929898,1.52,bp364812,bp,G,g
661428435106,2459685.7220122,21.169905438118175,0.1854542047004662,13.085768326996948,0.00952203862564982,16.482048900705934,1.95,bl501669,bl,G,g
661428435106,2459693.8606117,14.17121810214016,0.07981873423397275,13.521547667040927,0.006122232620177972,17.397378520297732,1.43,bH346749,bH,G,g
661428435106,2459694.7092414,16.123359781870676,0.07593981152639881,13.38142675958207,0.005119483439864211,17.45146682409782,1.48,bl504840,bl,G,g
661428435106,2459694.7564996,15.54300116881506,0.05936878301130801,13.421228423119206,0.0041517905828463725,17.7187452451861,1.48,bH347041,bH,G,g
661428435106,2459697.9216752,12.59625826548872,0.06395309550804791,13.649461730913607,0.0055186415507479354,17.63798668547556,1.46,bt437971,bt,G,g
661428435106,2459698.9049781,12.280498846579277,0.0653862451938241,13.677025600644676,0.005787387510341897,17.613924614664082,1.52,bt438297,bt,G,g
661428435106,2459702.8413016,13.147828702003482,0.05746968300304005,13.602930529304977,0.0047511302556684535,17.754043607402537,1.50,bl507862,bl,G,g
661428435106,2459703.7886552,13.885304509835223,0.06039777648508973,13.54367710121112,0.004728002688202453,17.70008823500653,1.34,bH350278,bH,G,g
661428435106,2459704.7099808,13.59964421519363,0.04720971187086824,13.566246755290381,0.00377325343189023,17.967562236781852,1.49,bl508586,bl,G,g
661428435106,2459706.7929023,13.902244306649472,0.06177233368163137,13.542353331842161,0.004829712345522509,17.675655589565075,1.40,bH351465,bH,G,g
661428435106,2459708.8225789,13.012008133234325,0.11212506876136222,13.614204807111502,0.009366354024120739,17.028383805477453,1.44,bl509994,bl,B,g
661428435106,2459709.9226083,13.793045200238021,0.048995402935982764,13.550915223764653,0.0038610670800661184,17.927252277350185,1.52,bl510461,bl,G,g
661428435106,2459709.9519334,18.36789973352132,0.1364083782413484,13.239916872275597,0.008072233543321223,16.815537997366828,1.47,bt441776,bt,G,g
661428435106,2459709.95322,18.412520843399754,0.16936915989013682,13.237282493576304,0.009998463246278093,16.580554778109487,1.48,bt441777,bt,G,g
661428435106,2459709.9545068,19.21446498447342,0.16351878279089496,13.190994881549303,0.009250208503074724,16.61872149733177,1.49,bt441778,bt,G,g
661428435106,2459712.4072568,15.713309384755556,0.14130130425595505,13.409396468374588,0.009774412915223381,16.777275185084232,1.57,bp368833,bp,G,g
661428435106,2459712.408497,15.077856319102164,0.21799623567236484,13.454216621061072,0.015715259852852024,16.306518125605386,1.56,bp368834,bp,G,g
661428435106,2459712.4097372,15.844593998154755,0.21125010711729628,13.400362834012359,0.01449198898223434,16.34064826685012,1.47,bp368835,bp,G,g
661428435106,2459712.7401094,13.292448494632211,0.16571130978438467,13.5910531568019,0.013550625301937952,16.604260236450997,1.54,bl511549,bl,B,g
661428435106,2459713.8247987,12.793754235315074,0.08823878452095826,13.63257061283761,0.007496761352554415,17.28849181864937,1.48,bl512010,bl,G,g
661428435106,2459714.8053217,13.57597382038811,0.08670183522851804,13.568138142716187,0.006941758027469075,17.307569885595285,1.92,bl512419,bl,G,g
661428435106,2459714.8065852,13.75629972153412,0.17134504660036207,13.55381154818631,0.013538859987065513,16.56796172653103,1.93,bl512420,bl,G,g
661428435106,2459714.8078374,13.840682539082435,0.20588476132096045,13.547171853691335,0.016168840186356746,16.368580103312993,1.47,bl512421,bl,G,g
661428435106,2459720.8106581,14.057740460117417,0.1884177497247857,13.530276819961484,0.01456862163985751,16.46483607967866,2.07,bl514518,bl,B,g
661428435106,2459721.7558313,12.74218566587011,0.10623647855840598,13.636955800083747,0.009062372519414502,17.086956444898874,1.46,bl514862,bl,G,g
661428435106,2459722.8615983,18.562419402653717,0.10405637018960931,13.228479169845677,0.006093211652675373,17.10946893074312,1.49,bl515373,bl,G,g
661428435106,2459723.7792897,14.202780328046645,0.05606926139653094,13.519132197427947,0.0042910506208214605,17.78082852356458,1.43,bH357328,bH,G,g
661428435106,2459724.8713044,16.63844083131951,0.10298151692690805,13.347284055688771,0.006727579379408368,17.120742399605444,1.44,bl516210,bl,B,g
661428435106,2459726.9133761,15.004073556220664,0.0574075423598563,13.459542660841176,0.004158837420467755,17.75521822408498,2.02,bl517084,bl,G,g
661428435106,2459727.7999345,18.205250865507885,0.09702996215603583,13.249573952729252,0.005793237948147432,17.185375956452916,1.48,bl517441,bl,G,g
661428435106,2459731.4787666,12.956126685026753,0.06516632145821481,13.618877657554691,0.0054671399739102625,17.617582595415058,1.50,bp373813,bp,G,g
661428435106,2459731.8268073,14.574051515566726,0.08810543519709199,13.491114871502072,0.006571046993065297,17.290133859614812,1.52,bt446955,bt,G,g
661428435106,2459733.8644294,13.5843578612581,0.05575885597042088,13.567467837426063,0.004461561802241032,17.78685597502784,1.53,bt447421,bt,G,g
661428435106,2459736.9233035,12.773833624636879,0.06577086241365444,13.634262484024616,0.0055966023937438734,17.607556770096625,1.46,bt448228,bt,G,g
661428435106,2459737.7227316,18.20835409995154,0.09378356816043239,13.249388895852919,0.005598455548720878,17.222323730909977,1.41,bH359940,bH,G,g
661428435106,2459737.7240183,17.815335486191554,0.10164494371432072,13.273080609531824,0.006201602802132031,17.13492616216213,1.43,bH359941,bH,G,g
661428435106,2459739.3272286,14.130674872009228,0.07586068380194189,13.524658362354655,0.005835338067642215,17.45259872874462,1.59,bp376238,bp,G,g
661428435106,2459740.4560622,12.783961913721875,0.08110986620357635,13.633401952003299,0.006896367389262519,17.379956398936606,1.53,bp376542,bp,G,g
661428435106,2459740.9134148,12.751991918819645,0.058077903445966236,13.63612055020365,0.004950454511060559,17.74261328549214,1.49,bt449221,bt,G,g
661428435106,2459741.811548,14.198371526233924,0.05668102159844928,13.519469282051183,0.004339216365161053,17.769046438406463,1.38,bl520192,bl,G,g
661428435106,2459741.8140185,14.313480271895767,0.10404272670134009,13.510702512880773,0.007900938009436698,17.109611297811654,1.40,bl520194,bl,G,g
661428435106,2459742.8124944,14.602774078355653,0.1040364424386867,13.488977206711441,0.007743945705143847,17.10967687911432,1.46,bH362089,bH,G,g
661428435106,2459747.727609,14.117604085122036,0.0990865189866347,13.525663126402934,0.007628967166068515,17.162604182796443,1.52,bl522655,bl,G,g
661428435106,2459749.6681451,14.348172507304772,0.051238921024523695,13.508074148446061,0.0038816427211289632,17.878640671662065,1.46,bl523416,bl,G,g
661428435106,2459751.7735162,13.963502845046799,0.0645075384771443,13.537579677665999,0.005021439851243493,17.628614436182698,1.39,bH365611,bH,G,g
661428435106,2459754.7729116,12.058774643734772,0.06558313793333746,13.696807674600572,0.005911547532716793,17.610660130527613,1.50,bt451868,bt,G,g
661428435106,2459756.7924306,13.134918438504416,0.10504407162569104,13.603997171353186,0.008692732981795197,17.09921174357347,1.43,bl525125,bl,B,g
661428435106,2459756.8763322,12.09745092329456,0.06540223863934753,13.693330949915325,0.005876394149158294,17.61365907656132,1.48,bt452509,bt,G,g
661428435106,2459758.6580612,14.367546701660968,0.05378899040143732,13.50660907858037,0.004069330354628098,17.825907129395294,1.42,bH366961,bH,G,g
661428435106,2459758.7280733,13.361333586958597,0.052104734580069895,13.585441104823943,0.004238767088382018,17.860447641553467,1.53,bl525809,bl,G,g
661428435106,2459759.8752541,12.841882156159084,0.0634038479438232,13.628493921569762,0.005366598539672898,17.647351572019485,1.49,bl526340,bl,G,g
661428435106,2459760.742385,13.194101346153765,0.05529527389017393,13.599116083163246,0.004555335524521865,17.79592057753536,1.48,bl526653,bl,G,g
661428435106,2459761.7428313,13.357329635048162,0.047008005195254915,13.585766512988842,0.0038252898758191814,17.972211056172817,1.45,bl527082,bl,G,g
661428435106,2459762.8202941,13.128031677642864,0.06205003161112283,13.604566582309626,0.005137532281300758,17.670785593731512,1.97,bl527567,bl,G,g
661428435106,2459766.2502053,13.152422813667586,0.08428729257402572,13.602551217844006,0.006965760123516278,17.338235351658867,1.54,bp380967,bp,G,g
661428435106,2459767.5791127,13.599716881866918,0.04556884821353072,13.56624095391602,0.003642087345206429,18.005970482427884,1.97,bl529524,bl,G,g
661428435106,2459767.6878277,13.83640589413848,0.06941675261405275,13.547507388138806,0.005453221924037415,17.548979878754274,1.39,bH370678,bH,G,g
661428435106,2459769.8032639,14.856067165503449,0.05879607313385888,13.470305986739003,0.004301863638170554,17.72926980786942,1.43,bH371263,bH,G,g
661428435106,2459769.81678,16.985634547171976,0.08731108922099351,13.324861182714614,0.0055872718552458745,17.299967096060325,1.54,bl530224,bl,G,g
661428435106,2459776.3256334,16.885000656187607,0.13401986298754365,13.331312917659599,0.008627406482422151,16.834717687422003,1.54,bp383151,bp,G,g
661428435106,2459777.3643851,15.130966627281133,0.10987154657671296,13.45039893879322,0.007892793437915489,17.05042751697703,1.56,bp383595,bp,G,g
661428435106,2459780.8068115,15.162596835988072,0.11040384712556486,13.448131653514706,0.007914487403199664,17.045180093804035,1.49,bt457922,bt,G,g
661428435106,2459782.5273459,13.253838268891197,0.05395032645614987,13.594211455353726,0.004424503906095509,17.822655419030376,2.17,bl531360,bl,G,g
661428435106,2459785.3061945,14.720732958089249,0.05055649504381987,13.480242036183288,0.0037330146644603554,17.893198217040563,1.59,bp385217,bp,G,g
661428435106,2459789.2162106,16.111490156613772,0.07922943407460077,13.382226346518902,0.005345188386918756,17.405424226868547,1.51,bp386443,bp,G,g
661428435106,2459790.7903484,12.905292995536923,0.06949430542440499,13.623145949772471,0.005853202134264702,17.547767564861953,1.48,bt460116,bt,G,g
661428435106,2459792.3283376,13.04095947232022,0.05517722028684367,13.61179175916729,0.004598989788252959,17.798241066829693,1.50,bp386872,bp,G,g
661428435106,2459793.5542346,14.911067094017332,0.04731240437484647,13.466293811359257,0.00344888304573667,17.965203063758153,1.39,bH376692,bH,G,g
661428435106,2459794.5582584,16.474509187306708,0.07916236403013682,13.35803441015953,0.005222980962925511,17.406343723720695,2.13,bl536321,bl,G,g
661428435106,2459795.75276,14.016319474705035,0.05544886412517407,13.53348065269791,0.00430002359696879,17.79290897640244,1.46,bl536742,bl,G,g
661428435106,2459796.6961776,14.938021917786596,0.06764055104791891,13.46433289147974,0.0049218255603187665,17.577122768914457,2.00,bl537101,bl,G,g
661428435106,2459797.6051686,17.451393319778223,0.1104789808368667,13.295490355371665,0.006881161093288038,17.044441463332333,1.54,bl537445,bl,G,g
661428435106,2459804.6501824,14.198953223864214,0.10063527307073751,13.51942480108806,0.007703819053181388,17.145765037997304,1.99,bl539824,bl,G,g
661428435106,2459805.7479603,12.39316729139983,0.2787064881379924,13.667109841937064,0.02444426253673064,16.039772914006523,1.44,bt463563,bt,G,g
661428435106,2459806.6957214,13.01484938134184,0.131571883459889,13.613967756138479,0.01098844194149886,16.854732882222272,1.44,bt463862,bt,G,g
661428435106,2459808.4222017,19.01444228977689,0.12658943106326684,13.20235664303872,0.007236457718848953,16.896646991443188,1.59,bp390132,bp,G,g
661428435106,2459809.7263979,13.304897443135184,0.05921277690500403,13.590036794107705,0.004837445331860597,17.721602039709957,2.10,bl541702,bl,G,g
661428435106,2459812.3882162,20.164972427438265,0.11868661814638995,13.138571541002806,0.006397588397484821,16.9666362233396,1.61,bp390481,bp,G,g
661428435106,2459814.4943333,16.10205236407001,0.06091909518622177,13.382862535683405,0.004112296141755531,17.69075700078961,1.42,bH384063,bH,G,g
661428435106,2459814.495632,15.569007742747159,0.06203928704958927,13.419413285720873,0.004331297715103986,17.670973615708203,1.45,bH384064,bH,G,g
661428435106,2459815.6912167,13.41125085633661,0.06365405584651329,13.581392407207655,0.005159040858953408,17.64307540939249,1.46,bl543006,bl,G,g
661428435106,2459816.6991575,13.591854394619759,0.0707056381604646,13.56686883872744,0.00565441273066214,17.529005495466656,1.46,bH384981,bH,G,g
661428435106,2459818.5514802,13.622884437863036,0.05300711609357157,13.564392940928718,0.004229385546012081,17.841805169859253,1.40,bl544117,bl,G,g
661428435106,2459819.4829961,14.243111536734265,0.13934913232921148,13.516053434209423,0.010634365095946901,16.792379939238838,1.57,bp392467,bp,G,g
661428435106,2459819.7176353,13.823617550514495,0.06845448138004444,13.548511347422394,0.0053826029768553494,17.564135900102155,1.42,bH386086,bH,G,g
661428435106,2459819.7189373,13.565078505696182,0.0790998741371978,13.569009843497465,0.00633819583322485,17.407201130307474,1.43,bH386087,bH,G,g
661428435106,2459820.7009639,13.058444687173981,0.06033656054277267,13.610336987745004,0.005022284012558597,17.701189236961955,1.50,bl545035,bl,G,g
661428435106,2459822.4309611,15.083514586076804,0.08000259753144026,13.453809253279157,0.0057651911725626415,17.39488039161053,2.26,bp393054,bp,G,g
661428435106,2459823.6403026,13.179385343141758,0.05794585072654504,13.6003277317485,0.004779025630942339,17.745084753190177,1.54,bl546215,bl,G,g
661428435106,2459824.6377638,13.258989953571229,0.06201790514494548,13.593789518425982,0.005084155482276429,17.67134788031661,1.51,bl546621,bl,G,g
661428435106,2459825.6793863,13.826570639606715,0.07038990934503506,13.548279430320534,0.005533604320368792,17.533864596749748,1.43,bH388383,bH,G,g
661428435106,2459826.2562756,20.464755155856203,0.1849249737699148,13.122549239701558,0.009822028396666486,16.485151697010053,2.17,bp393677,bp,G,g
661428435106,2459830.2668917,17.24923103355709,0.15785761578668522,13.308141274530982,0.009947363140520457,16.656976763636134,1.48,bp394499,bp,G,g
661428435106,2459832.5474325,14.02177332548866,0.11259338993518168,13.53305826709786,0.008728148476932934,17.02385837402909,1.41,bH390873,bH,G,g
661428435106,2459833.5201851,13.545755047375104,0.08393085763158203,13.570557577676281,0.006734891688114864,17.34283645921284,2.00,bl548883,bl,G,g
661428435106,2459835.371771,13.28207686706013,0.13351191506791163,13.591900649050643,0.010926126107043741,16.838840547989633,1.49,bp396068,bp,G,g
661428435106,2459837.3038278,13.896998908816277,0.06028718501806033,13.542763063744523,0.004715374115133752,17.702078096739175,1.41,bp396730,bp,G,g
661428435106,2459839.61086,20.082301121172073,0.14551410307724766,13.14303193539146,0.007875965129219375,16.74537789460115,1.48,bt468885,bt,G,g
661428435106,2459842.5790501,20.34464514569734,0.11757685579676208,13.128940324214911,0.00628179696911058,16.97683600583687,1.50,bl552339,bl,G,g
661428435106,2459843.5341769,14.040700252716482,0.0492874939403616,13.531593702458203,0.00381557628995669,17.920798769724538,1.44,bl552599,bl,G,g
661428435106,2459844.5347724,16.06408089593355,0.07653556524913076,13.385425916026373,0.005178686059380608,17.442982376429285,1.39,bl552993,bl,G,g
661428435106,2459845.5501811,20.49253912742981,0.11359217820333306,13.121076189833174,0.006025107877012605,17.014269542689618,2.02,bl553379,bl,U,g
661428435106,2459846.5358109,21.12617908282983,0.11892168837608712,13.088013230017637,0.006118603096651485,16.964487945393888,1.46,bH395947,bH,G,g
661428435106,2459847.5441128,20.821543747445677,0.11721331497602237,13.103783307887888,0.0061189400119998376,16.980198239827466,1.45,bH396304,bH,G,g
661428435106,2459848.5364958,20.927447054492426,0.11801479881160482,13.098274992640835,0.0061296036203550425,16.972799435566003,1.42,bH396659,bH,G,g
661428435106,2459849.5331746,20.03672728922356,0.11243261636357277,13.145498654182042,0.006099267801998158,17.025409818860172,1.44,bH397020,bH,G,g
661428435106,2459851.5003233,21.177983255092098,0.12293138246107482,13.085354120824174,0.006309433069380881,16.928483697353375,1.39,bH397598,bH,G,g
661428435106,2459852.5684596,16.05880482193558,0.07994644620559314,13.385782572938233,0.0054112564450834455,17.395642703513094,1.47,bl555894,bl,G,g
661428435106,2459853.5682792,16.82863079798082,0.08888421743223156,13.334943665835118,0.005741006560630893,17.28057897871829,1.40,bH398374,bH,G,g
661428435106,2459857.3071503,12.773160596349397,0.09595406400267975,13.634319690846866,0.008165394529283167,17.197482177922886,1.51,bp401592,bp,G,g
661428435106,2459858.5728638,14.593633973284238,0.10466677373485252,13.489656998780244,0.007795743851652104,17.103118517411044,1.50,bl557891,bl,G,g
661428435106,2459858.5741041,14.426025286329809,0.12063900854792103,13.50219889953747,0.009089777295868491,16.948921213037757,1.54,bl557892,bl,G,g
661428435106,2459859.5596549,14.300982696821947,0.09864695467880591,13.511650919328726,0.007497733058698175,17.16743140461825,1.49,bl558183,bl,G,g
661428435106,2459861.3160107,12.758313441727454,0.10505015367463325,13.635582453435797,0.008949846715074906,17.099148881296053,1.50,bp402928,bp,G,g
661428435106,2459864.5734419,12.90597885645111,0.08194309374302323,13.623088249088028,0.006901342482127089,17.3688597199,1.41,bt474585,bt,G,g
661428435106,2459865.5522003,14.841848239402117,0.05709874493645518,13.4713456559434,0.0041816795449391595,17.761074205677055,2.26,bH402244,bH,G,g
661428435106,2459866.529535,14.143732835372987,0.04649766023709171,13.523655511667979,0.0035733802121824545,17.984062862103634,1.48,bl560641,bl,G,g
661428435106,2459867.5296144,14.33683545455834,0.062226303123110914,13.508932370223745,0.004717727717372694,17.667705610866143,1.46,bH402908,bH,G,g
661428435106,2459868.538139,14.353263282087298,0.06236615469654107,13.50768899429627,0.004722918910558622,17.66526819237399,1.36,bH403259,bH,G,g
661428435106,2459869.5457236,13.36579958235308,0.05754345763347687,13.585078260600847,0.0046796479456948014,17.752650726592563,1.46,bl561688,bl,G,g
661428435106,2459870.5312085,14.229660495376796,0.06149754586205342,13.517079276278015,0.004697593352099172,17.68049614882617,1.42,bH403924,bH,G,g
661428435106,2459872.2472874,15.382263908937807,0.0943463392494392,13.432514976921134,0.00666679296080754,17.215827977233044,2.37,bp404609,bp,G,g
661428435106,2459873.2432345,16.66089333489111,0.12290367526737749,13.34581991231655,0.008018234598370491,16.928728436274948,2.22,bp404847,bp,G,g
661428435106,2459874.2501624,20.279029487929396,0.12563395129969432,13.132447705456709,0.006733983142454735,16.90487306410153,1.99,bp405063,bp,G,g
661428435106,2459875.2439598,20.23658951321626,0.14271693299528773,13.134722316338355,0.007665674148330328,16.766451851217983,2.16,bp405310,bp,G,g
661428435106,2459877.5280092,13.269115025504851,0.06828758864101955,13.592960725135502,0.005593865128497602,17.56678616828978,1.46,bl564402,bl,G,g
661428435106,2459879.5040679,14.715588447267866,0.06104274701037618,13.480621538882318,0.004508879288488057,17.688555438303332,2.21,bH406859,bH,G,g
661428435106,2459880.2627326,16.758364384813582,0.09329333609392251,13.339486549152994,0.006051055924883907,17.228014053013688,1.66,bp406695,bp,G,g
661428435106,2459885.5025899,14.475933216787174,0.11727677488670349,13.498449195111368,0.008805978405855501,16.979610575553043,2.38,bH408803,bH,G,g
661428435106,2459886.5004302,13.7286973980494,0.18758921137075682,13.555992290784717,0.014852196883319393,16.469620967391066,2.32,bH409097,bH,G,g
661428435106,2459986.8902015,13.260777116641373,0.3824675277588006,13.593643183230286,0.0313500159149167,15.696154189932582,1.98,bl598220,bl,G,g
661428435106,2459987.8855142,13.801227576923582,0.16383347284095404,13.550271329073853,0.01290319000908333,16.616634018293524,1.43,bl598601,bl,G,g
661428435106,2459996.8732586,14.788960451167911,0.12071005606698582,13.475221503413817,0.008871927348425946,16.948281982336297,1.35,bH438735,bH,B,g
661428435106,2459997.8756098,14.199339978207238,0.06647939029283385,13.519395227959167,0.005088983498594991,17.595923042146154,1.42,bH439149,bH,G,g
661428435106,2459999.6187982,14.137934055600155,0.044774707133725805,13.52410074322065,0.0034423813080868746,18.02505872679349,1.50,bp431557,bp,G,g
661428435106,2459999.621279,14.175981155067301,0.07186786098030508,13.521182804254314,0.0055105349916510175,17.511303813836093,1.55,bp431559,bp,G,g
661428435106,2460001.8738474,13.881581268173964,0.07283457584833658,13.543968272380063,0.005703097917811409,17.496796622796516,1.45,bH440801,bH,G,g
661428435106,2460001.8902798,14.534021986230705,0.06051331156009741,13.494101090198738,0.004525611610784288,17.698013311125496,1.43,bl603968,bl,G,g
661428435106,2460001.8915203,14.53077711876706,0.08406816181013826,13.49434351885526,0.00628861319689031,17.341061732772044,1.55,bl603969,bl,G,g
661428435106,2460003.5964408,13.99604109859917,0.05489660341002985,13.535052599546173,0.0042633642383224195,17.8037769254497,2.05,bp432900,bp,G,g
661428435106,2460004.864377,16.60609146499697,0.07800338734053187,13.349397058151247,0.005105734288303229,17.422356954992935,1.37,bH442048,bH,G,g
661428435106,2460007.8302082,14.899045991093288,0.056952535531829496,13.467169470390537,0.004154959315039946,17.76385795225821,1.58,bl606501,bl,G,g
661428435106,2460010.8344362,20.57807089796504,0.19649723327165905,13.116553974354863,0.010379201737002776,16.419249511983043,1.96,bl607684,bl,G,g
661428435106,2460012.8233315,19.649354388930963,0.1697911806934453,13.166694908522821,0.009392452674806094,16.57785279060113,1.47,bl608515,bl,G,g
661428435106,2460012.8245722,19.28535991966764,0.2683092010303744,13.186996251162357,0.015122374543041816,16.081051696364995,1.44,bl608516,bl,G,g
661428435106,2460014.8341716,18.879155312430708,0.1678806383198574,13.210109224092779,0.009665631310069605,16.590139081873026,1.36,bH445641,bH,G,g
661428435106,2460016.8370584,17.55276538995763,0.19023423236214682,13.289201752045813,0.011780271366378225,16.454418935771212,1.47,bH446400,bH,G,g
661428435106,2460017.6316665,12.621537906282143,0.09272131320641427,13.647284932413083,0.007985083659556663,17.234691676727497,2.02,bp436417,bp,B,g
661428435106,2460021.5712475,12.738751262786865,0.06732308527129095,13.6372484781593,0.00574446153234805,17.582230585102145,2.14,bp437325,bp,G,g
661428435106,2460023.8123776,16.562905337673257,0.07923015969834353,13.352224322946324,0.005199555092949975,17.40541428318575,1.39,bH449175,bH,G,g
661428435106,2460025.5794238,12.941291373793465,0.06881205070505367,13.620121583589334,0.005779616973895321,17.55847935973356,2.37,bp438462,bp,G,g
661428435106,2460026.8709323,13.841950854820412,0.05319207579501706,13.547072364867628,0.004176974351133547,17.838023264483994,1.46,bl614356,bl,G,g
661428435106,2460029.7831496,15.52320460432832,0.0666047984605031,13.422612167877702,0.004663761247183328,17.59387681517376,1.45,bH451719,bH,G,g
661428435106,2460032.523217,12.767414346236256,0.06314686155912684,13.634808239903315,0.0053760214196608164,17.651761184681888,2.40,bp439785,bp,G,g
661428435106,2460033.7826575,15.030715467659228,0.03897561827191035,13.457616488136818,0.00281854862868117,18.17565807857323,2.04,bH453464,bH,G,g
661428435106,2460033.7871207,13.796367105302672,0.0531758681682121,13.550653767480267,0.004189498312375497,17.838354138743583,1.99,bl617432,bl,G,g
661428435106,2460034.8184967,13.605379054479856,0.04756882232618437,13.56578900727289,0.0038003528936498845,17.9593346124158,2.22,bl617913,bl,G,g
661428435106,2460035.7773722,13.614458928323236,0.04632365041237984,13.56506465702964,0.0036984058045633384,17.988133672711157,1.95,bl618338,bl,G,g
661428435106,2460036.7626972,13.782619080657915,0.05211648612465459,13.551736238694874,0.004110129878204258,17.86020279549649,1.53,bl618782,bl,G,g
661428435106,2460037.7918034,13.646065106642302,0.08395881600528457,13.562547024762019,0.006687611549648742,17.342474847707162,1.42,bl619263,bl,G,g
661428435106,2460039.5578076,17.96607167288691,0.11869625886273534,13.263932802533017,0.0071811843471375186,16.966548034377414,1.44,bp442230,bp,G,g
661428435106,2460048.7293565,14.060393398728499,0.08185428889781095,13.530071942104222,0.006327849486618232,17.370037011545293,1.44,bH459843,bH,G,g
661428435106,2460050.7724614,13.907992182674528,0.07145213944207915,13.541904527518465,0.00558422581338024,17.517602518688435,1.44,bH460719,bH,G,g
661428435106,2460051.7359062,13.43633542838045,0.04874097520942406,13.57936352940201,0.00394298885750537,17.932905075693288,1.50,bl625793,bl,G,g
661428435106,2460052.7798056,14.02079147519061,0.07141423914894834,13.533134296549822,0.005536361704354642,17.51817857754559,1.39,bH461654,bH,G,g
661428435106,2460053.8579915,18.22899201110016,0.09590310377195402,13.248158985768224,0.005718500728755256,17.198058954589037,1.39,bH462180,bH,G,g
661428435106,2460054.8072718,12.753889371197394,0.06990389767797466,13.635959008422464,0.005957594210253513,17.541387132276686,1.48,bl627299,bl,G,g
661428435106,2460056.759939,12.856848759026844,0.0606032318583872,13.627229284457014,0.005123578828808486,17.69640114917671,1.48,bl627826,bl,G,g
661428435106,2460057.7623736,14.122255830548642,0.06522922269597119,13.525305435643435,0.0050205384938565795,17.616535103234302,1.42,bH463502,bH,G,g
661428435106,2460058.7285641,13.73623852763652,0.08314378828416845,13.555396063096772,0.006579216190498422,17.3530660904421,1.46,bH463858,bH,G,g
661428435106,2460059.7880873,16.898906696419793,0.0726705559714612,13.330419102030755,0.004674251190955629,17.49924440442215,1.46,bH464357,bH,G,g
661428435106,2460059.8266619,19.97477542109489,0.1144213218147836,13.148860859316848,0.006226403018341101,17.006373210184293,1.42,bl629213,bl,G,g
661428435106,2460063.5073951,12.52997282361162,0.08561165106640886,13.655190299658848,0.007426683503106396,17.321308429611406,2.00,bp447692,bp,G,g
661428435106,2460064.4872052,12.764485141836902,0.09968583656558683,13.635057366944016,0.008488722339833655,17.156056966875838,1.95,bp448092,bp,G,g
661428435106,2460066.5119187,12.906524803575598,0.09807672211559781,13.62304232138052,0.00825978598861963,17.17372575497903,1.55,bp448611,bp,G,g
661428435106,2460069.4228969,13.136037737563882,0.13354141989159832,13.603904653707053,0.011050038084040677,16.838600637445722,1.97,bp449759,bp,G,g
661428435106,2460070.8733279,14.197894002380881,0.12124581062509916,13.519505798468135,0.009282286835667251,16.943473757768487,1.42,bl634346,bl,G,g
661428435106,2460076.6951568,17.072847303658232,0.13292027762059888,13.319300732039663,0.008462476121374789,16.843662512227482,1.57,bl637068,bl,G,g
661428435106,2460077.7531698,15.303639093964724,0.07561465883160792,13.438078834371447,0.005370608000583904,17.456125618967253,1.46,bl637567,bl,G,g
661428435106,2460078.7418774,15.953627128706886,0.061761576683837666,13.392917028736564,0.004207955220953577,17.675844675492232,1.50,bH472867,bH,G,g
661428435106,2460079.709409,15.642290013716995,0.0762367978700123,13.41431478827358,0.005297567336282028,17.44722899495666,1.45,bl638421,bl,G,g
661428435106,2460080.7782463,13.940529371072662,0.04382082682251592,13.539367457861012,0.0034167521357956632,18.048439192240092,1.47,bl638961,bl,G,g
661428435106,2460082.742306,14.421313426251265,0.05120273710038729,13.502553583009348,0.003859228863360701,17.879407668190975,1.93,bl639654,bl,G,g
661428435106,2460083.7413788,14.231647398940748,0.08908791247628081,13.5169276842889,0.006804179780439587,17.278093654968583,1.57,bl640031,bl,B,g
661428435106,2460084.5967229,18.010497213022955,0.09959556216709167,13.261251366067448,0.00601071944618597,17.15704064312597,1.55,bp453687,bp,G,g
661428435106,2460084.7508259,15.036436038655737,0.10795458557062505,13.457203344170292,0.007803839988144314,17.069537875134273,1.51,bH475243,bH,G,g
661428435106,2460085.7475902,14.857903973098779,0.04275323935907504,13.470171754360527,0.003127689641214492,18.075218045800842,1.49,bH475689,bH,G,g
661428435106,2460086.75012,13.613928771215605,0.05819827069365265,13.565106937224293,0.004646637348224981,17.740365410958447,1.55,bl641169,bl,G,g
661428435106,2460088.379624,12.385020404771986,0.07586082803544787,13.667823806186195,0.006657834955676748,17.452596664442233,1.47,bp454302,bp,G,g
661428435106,2460089.3808954,12.778635961439273,0.08717426829794558,13.633854377013462,0.007415082465782705,17.301669834470935,2.01,bp454615,bp,G,g
661428435106,2460091.3735819,12.82796240018206,0.0715208984549722,13.629671426519106,0.006060206959693833,17.516558207725264,1.49,bp454870,bp,G,g
661428435106,2460091.7638262,13.171534792718687,0.05918637143815674,13.600974663774391,0.004884245719666837,17.722086323123076,1.48,bl643000,bl,G,g
661428435106,2460092.3693358,13.489672091550723,0.12542881181637128,13.575062139978105,0.010106670057842913,16.906647340866996,1.47,bp455318,bp,G,g
661428435106,2460094.7253361,13.197228562813036,0.06633260016866373,13.598858776511802,0.005463317696899437,17.598323057636545,1.51,bl643931,bl,G,g
661428435106,2460096.7629743,13.31350980983487,0.10176053107989969,13.589334215732379,0.008308047576697309,17.133692199297982,1.45,bl644893,bl,G,g
661428435106,2460104.7510705,12.912735987177841,0.0819376544050501,13.622519943370081,0.006897273197563563,17.368931792870576,1.43,bl648594,bl,G,g
661428435106,2460109.5709826,14.542519795456181,0.05721729813220841,13.493466463187783,0.004276612047695355,17.758822246293064,2.33,bH484164,bH,G,g
661428435106,2460112.731344,15.893642033282594,0.0933848259291038,13.397007053946217,0.006386531505022731,17.226949827468502,1.54,bl651495,bl,G,g
661428435106,2460113.7247584,17.320214073576253,0.0780861994009584,13.303682483564142,0.004900418859497894,17.421204897863326,2.04,bH486117,bH,G,g
661428435106,2460114.6683299,12.702616749983244,0.06612928798436171,13.640332634259192,0.005658649888233611,17.601655994767192,1.45,bl652435,bl,G,g
661428435106,2460116.3745593,14.775235550579886,0.0579235662043919,13.476229589177066,0.004261211121319893,17.745502380437237,2.00,bp457891,bp,G,g
661428435106,2460117.5032413,13.030317288618264,0.07196799986353825,13.612678144969612,0.00600339079053146,17.509792029112052,1.47,bp458207,bp,G,g
661428435106,2460118.2893044,13.717830005942012,0.038232485656038095,13.556852080550122,0.0030294186185517327,18.196559275784566,1.95,bp458467,bp,G,g
661428435106,2460119.5019658,12.867703234513405,0.06810642807978042,13.6263130315542,0.0057530644610388985,17.569670351930768,1.56,bp458882,bp,G,g
661428435106,2460120.314698,13.896646996078298,0.1535483787772481,13.542790558115135,0.012010120985407503,16.687027523053764,1.58,bp459139,bp,B,g
661428435106,2460126.5121036,13.261383193252792,0.1251232518941539,13.593593561381063,0.010255607027233426,16.909295554015475,1.92,bp459592,bp,G,g
661428435106,2460130.5011653,13.675115676804374,0.13944114987733738,13.560238100566487,0.01108337734320312,16.791663222814503,1.46,bH492176,bH,G,g
661428435106,2460136.5699978,16.935079707452974,0.0895229245030204,13.328097509640834,0.005745914888779276,17.272804958618373,1.96,bp462475,bp,G,g
661428435106,2460138.2294406,12.919372323398875,0.06873458347120436,13.621962086413614,0.005782905074864569,17.559702348429276,1.52,bp463067,bp,G,g
661428435106,2460140.6821345,14.396370048936934,0.058192954322014705,13.504433118857929,0.004393691673982219,17.74046459673759,1.93,bH496141,bH,G,g
661428435106,2460141.7007878,13.619068336608706,0.07388858553391707,13.56469712465257,0.0058971493455454455,17.481197229342683,1.37,bH496491,bH,G,g
661428435106,2460149.4600257,17.040216500992113,0.21239721607371867,13.32137785151819,0.013548333684441291,16.334768561253654,1.42,bH498918,bH,B,g
661428435106,2460150.2111428,12.969363589685962,0.07654216960404403,13.617768958145422,0.006414964763987532,17.442888690861626,1.54,bp466178,bp,G,g
661428435106,2460151.7863053,13.757136087829625,0.08446686394520066,13.553745538751937,0.0066737588441325236,17.335924686053566,1.42,bH499874,bH,G,g
661428435106,2460154.6064422,14.470793212678355,0.10565454044074551,13.498834778512364,0.00793611587807102,17.092920198104096,2.08,bH500929,bH,G,g
661428435106,2460154.6411824,13.770111306752757,0.09335579448037683,13.552721995366657,0.007369126319467119,17.227287413315054,1.43,bl667673,bl,G,g
661428435106,2460159.4856627,13.234790289641046,0.14200204251742793,13.595772961961623,0.01166244744621351,16.771904133448125,1.49,bp467955,bp,G,g
661428435106,2460162.5206631,12.444489872630271,0.2010703792867992,13.66262287575487,0.017562371967936127,16.394270368562786,1.47,bp469229,bp,G,g
661428435106,2460166.4869476,13.431689023516517,0.0776121059352994,13.579739051617425,0.00628074284362754,17.427816941968043,2.03,bp470598,bp,G,g
661428435106,2460168.2827959,15.126147965166462,0.07990199406604974,13.4507447613233,0.0057417125463838,17.39624656675309,1.52,bp471303,bp,G,g
661428435106,2460175.7418457,14.050673149461067,0.04497214214001107,13.530822794225143,0.003479033543495329,18.020281674853376,1.46,bt516523,bt,G,g
661428435106,2460177.7254155,15.339585697145795,0.14164791461258563,13.435531547218735,0.010037111015817422,16.77461514875063,1.56,bt517137,bt,G,g
661428435106,2460178.7261233,14.455008210172268,0.12135925479677968,13.50001976558766,0.009125711418270337,16.942458358908816,1.47,bt517440,bt,G,g
661428435106,2460188.6958986,12.941730850272561,0.11992427907634601,13.620084713434032,0.010072259944592536,16.955372820470515,1.48,bt519552,bt,G,g
661428435106,2460190.6920964,12.942170661998835,0.11718211485396177,13.62004781640641,0.009841615235819012,16.980487282172177,1.50,bt520290,bt,G,g
661428435106,2460192.6833143,13.180168684334697,0.06366221359898978,13.600263200922733,0.0052501648436424735,17.64293627293705,1.42,bt521031,bt,G,g
661428435106,2460194.6775409,12.914035718417733,0.05994632222785903,13.622410664108944,0.00504559901494761,17.708234251910127,1.56,bt521668,bt,G,g
661428435106,2460195.6810597,13.066034710261247,0.05970085258160317,13.60970610335743,0.004966482372498035,17.71268927822338,1.49,bt522037,bt,G,g
661428435106,2460198.6737325,12.486354014779863,0.07821063299548736,13.658976512419503,0.0068083571475839955,17.419476109312196,1.54,bt523104,bt,G,g
661428435106,2460202.6591448,12.709572942217099,0.07158100803152764,13.639738227398887,0.006121798416537308,17.515646086441073,1.49,bt523687,bt,G,g
661428435106,2460203.6579334,13.15629462066622,0.0633584043169298,13.602231646122041,0.005234591711794922,17.648130033938983,2.06,bt523973,bt,G,g
661428435106,2460205.6620748,12.73357524253703,0.08168525658432403,13.637689725067625,0.006972772429039742,17.372281417536996,1.55,bt524267,bt,G,g
661428435106,2460206.6571265,13.28713738477909,0.06392357517140024,13.591487058545733,0.00522927888177249,17.638487970012825,2.14,bt524567,bt,G,g
661428435106,2460207.6095289,13.184536746295578,0.07111690126639461,13.59990343486569,0.005863003086483451,17.522708548631293,1.50,bt524871,bt,G,g
661428435106,2460218.6041334,14.318981651228631,0.13002567074256804,13.510285290861422,0.009870272499092995,16.867567854497384,1.50,bH504518,bH,G,g
661428435106,2460219.5296605,14.588677229184107,0.0537872863843514,13.49002583293746,0.004007521778956432,17.82594152569714,1.46,bH504879,bH,G,g
661428435106,2460220.5236597,13.209693538050969,0.054070113569584966,13.597833766791947,0.004449146560920697,17.820247407005976,1.53,bl672235,bl,G,g
661428435106,2460221.5959901,14.410414517989809,0.05546119482100708,13.503374438414086,0.004183356928343757,17.792667557669496,1.50,bl672538,bl,G,g
661428435106,2460222.5884102,15.229330226707946,0.06967646691806205,13.443363612668499,0.004972988897142042,17.544925309431523,1.43,bl672966,bl,G,g
661428435106,2460224.5239127,14.223234600314612,0.0725580960875153,13.517569688730745,0.005544976087616155,17.50092591547741,1.37,bH506659,bH,G,g
661428435106,2460225.5888594,21.85907201398697,0.12706616143738542,13.050986320169262,0.006318447223118499,16.89256583532572,1.55,bH507124,bH,G,g
661428435106,2460227.2987765,13.405935717566571,0.05956407119808049,13.581822790809277,0.0048294693495546355,17.715179676248763,1.47,bp483525,bp,G,g
661428435106,2460228.5121832,13.298148730740683,0.05329432118993816,13.59058765745557,0.004356140930741169,17.835938274019597,2.00,bl675436,bl,G,g
661428435106,2460230.4869268,13.456518915600016,0.08217480845445768,13.577733806751764,0.00663770805306031,17.365793860354167,2.42,bl676229,bl,G,g
661428435106,2460231.2656747,13.157260023516068,0.06689612954578468,13.602151978221531,0.005526468592924026,17.589138133372934,1.47,bp484322,bp,G,g
661428435106,2460233.3214891,12.925451230243194,0.07062020800965996,13.621451338924528,0.005938755583485313,17.530318130367036,1.56,bp484696,bp,G,g
661428435106,2460235.5006175,20.268509048533016,0.11522803750662693,13.133011114364434,0.006179431676751498,16.99874519816679,1.55,bl677986,bl,G,g
661428435106,2460240.273973,13.459149670739736,0.15637420572927105,13.57752156561044,0.01262872966772393,16.667227819449018,1.48,bp486605,bp,G,g
661428435106,2460241.536154,16.260569152699127,0.1117181974439303,13.372226265516161,0.00746793191359252,17.03233081191644,1.45,bH512390,bH,G,g
661428435106,2460242.5216569,15.653214601178787,0.12134556685465216,13.413556773935287,0.008426215230375945,16.94258082449686,1.47,bl680738,bl,G,g
661428435106,2460244.2667667,12.250323570053858,0.11987941074259481,13.679696722401662,0.01063675637494484,16.95577911259226,1.47,bp487859,bp,B,g
661428435106,2460245.5254659,15.14878258862361,0.1313632001320465,13.44912129039882,0.009425581644249064,16.85645631211871,1.49,bl681942,bl,G,g
661428435106,2460247.5114407,14.647120651508857,0.07004676555894995,13.485684974902313,0.0051981403350554985,17.53917039559009,2.09,bl682414,bl,G,g
661428435106,2460248.5205407,15.857358476365603,0.0747395387345515,13.399488512035603,0.005123087125789341,17.468764578409314,1.97,bH514393,bH,G,g
661428435106,2460251.5113413,15.418708636981552,0.06981847518755097,13.429945617845414,0.004921919774848715,17.542714712108133,2.12,bH515094,bH,G,g
661428435106,2460253.5065559,15.260801856091456,0.07993667222372564,13.441122238345377,0.00569352043352951,17.39577545006064,2.02,bH515556,bH,G,g
661428435106,2460356.8838724,14.861649410565452,0.16927929962840976,13.469898092301795,0.012380808727443368,16.581130977640733,1.42,bH537753,bH,G,g
661428435106,2460357.6355732,12.713564279560583,0.1675012517831064,13.639397314359162,0.014320655798926624,16.592595468973244,2.00,bp510394,bp,G,g
661428435106,2460359.6212941,12.921231912227507,0.08325744525813972,13.621805818943837,0.007003761229688561,17.35158291020206,1.96,bp511177,bp,G,g
661428435106,2460360.6220012,12.655153401185329,0.07977916103439116,13.644397087565805,0.00685226615878758,17.39791694915774,1.42,bp511576,bp,G,g
661428435106,2460364.8651404,12.382683870856315,0.2980632330040857,13.668028658395766,0.026164099672039535,15.966869591926134,1.93,bH540552,bH,G,g
661428435106,2460366.8738303,14.78153616365081,0.2010507530170292,13.475766696687113,0.014784216252828806,16.39437635131255,1.41,bH541272,bH,G,g
661428435106,2460367.8691872,14.20653225673943,0.16778557728378657,13.518845417884728,0.01283744858959931,16.590754045229392,1.47,bH541691,bH,G,g
661428435106,2460387.9142296,19.683263681912724,0.25797096399753583,13.16482284619923,0.014245768703191185,16.12371354503499,2.28,bl731705,bl,G,g
661428435106,2460388.8774676,22.144193886100627,0.13687204520296553,13.036915934007594,0.006718418513781088,16.81185371962825,1.43,bH547002,bH,G,g
661428435106,2460389.9050675,18.756464917414327,0.1149415613411033,13.217188149585189,0.006660982240986893,17.00144788094398,1.94,bl732587,bl,G,g
661428435106,2460390.9154848,17.23587380138971,0.18410349274092638,13.308982358317978,0.011610231916038265,16.48998554181547,2.18,bl733023,bl,G,g
661428435106,2460394.8118522,20.981376579820424,0.2637384139869005,13.095480675578395,0.013663173530373277,16.09970713595816,2.10,bH549317,bH,G,g
661428435106,2460395.8072781,21.771817371377075,0.23214506548083375,13.055328915616801,0.011589826821057412,16.23824196980436,2.23,bH549762,bH,G,g
661428435106,2460396.80622,22.536590598520196,0.22087927759873252,13.017845083939214,0.010653171794261318,16.29225317833525,2.08,bH550187,bH,G,g
661428435106,2460397.8054077,21.622357937118228,0.2568259116696208,13.06280799129625,0.012910645566627677,16.12854351537002,2.06,bH550636,bH,G,g
661428435106,2460398.8157654,18.61668082781611,0.15370427036925502,13.225309989565112,0.008974202256687396,16.685925777239994,2.02,bl736286,bl,G,g
661428435106,2460399.8568317,15.936781268626007,0.10785743491770497,13.394064092246285,0.007356337539290378,17.0705153924021,1.96,bl736764,bl,G,g
661428435106,2460416.8549355,14.244452743319899,0.07161347732466963,13.515951200369082,0.005464635084627685,17.515153705919243,2.19,bH556739,bH,G,g
661428435106,2460417.8201796,14.741710397509248,0.05539042599565698,13.478695934318258,0.004084124782973661,17.794053848383577,2.01,bH557169,bH,G,g
661428435106,2460418.8458226,14.472726760482194,0.05768597380187734,13.498689715102019,0.0043324348254837166,17.749965040465906,1.43,bH557658,bH,G,g
661428435106,2460420.7802188,14.205709755572713,0.10203607959657122,13.518908279470592,0.007807338322302274,17.130756201667484,1.40,bH558529,bH,G,g
661428435106,2460423.7631022,15.757341873824956,0.19725423065038336,13.406358228182329,0.013606785596384572,16.415074794939898,1.95,bH559631,bH,G,g
661428435106,2460424.7240365,13.950372736714947,0.15681039760567547,13.538601093341363,0.012218030841958131,16.66420347142161,2.17,bl746504,bl,B,g
661428435106,2460427.6904242,14.775104511126045,0.2644209651878636,13.4762392184591,0.019452592865185726,16.09690089605309,2.00,bl747523,bl,B,g
661428435106,2460431.8959399,13.538918471757183,0.06816301407767293,13.571105689715907,0.005472389308472344,17.568768646175567,1.47,bt589057,bt,G,g
661428435106,2460433.8047389,13.133891270491004,0.05968554303825312,13.60408208068204,0.004939555910953223,17.71296773751513,1.44,bl749290,bl,G,g
661428435106,2460433.8447884,13.678196705869317,0.07408782165539597,13.559993509727096,0.005887489605645362,17.478273547044836,1.93,bH562680,bH,G,g
661428435106,2460434.8491359,13.104591302908434,0.05490183717316424,13.606506919750885,0.004553816947926199,17.803673417857127,2.01,bl749779,bl,G,g
661428435106,2460435.8815036,20.751861482104378,0.1254844064856703,13.1074229726564,0.006572716097001044,16.90616620921004,1.95,bH563520,bH,G,g
661428435106,2460438.8798461,18.568360371853178,0.12851396560504322,13.228131731658522,0.00752296326932062,16.88026479897345,1.99,bt591348,bt,G,g
661428435106,2460439.7865163,12.807471845587802,0.060102418419524004,13.6314070976611,0.005100828364959594,17.705410742370333,1.44,bl751580,bl,G,g
661428435106,2460440.7749553,13.105441066531018,0.10871878538704342,13.606436517767564,0.009017063387038202,17.061879131974983,1.38,bH565238,bH,G,g
661428435106,2460442.8827194,16.207268750732666,0.1170866505714032,13.375791038033597,0.007852532120282396,16.981372155009446,1.51,bt592486,bt,G,g
661428435106,2460443.8778447,16.048772779244015,0.10666853569697696,13.386461051548338,0.007224481406462653,17.082549778165664,1.54,bt592859,bt,G,g
661428435106,2460445.4519002,14.927326657427496,0.05732717146641737,13.46511053061282,0.004174367207759513,17.756739326115536,1.95,bp533242,bp,G,g
661428435106,2460446.4566107,13.526539802222988,0.09299175249277356,13.57209883533207,0.007472568248633685,17.231529530533464,1.94,bp533651,bp,G,g
661428435106,2460446.6741677,13.09871677605726,0.05946918891480389,13.606993742756268,0.004934866814712471,17.716910573173944,2.38,bl754094,bl,G,g
661428435106,2460447.380248,15.82626258236915,0.10081661618580494,13.401619704597778,0.006924141305788137,17.143810319782244,1.54,bp533772,bp,B,g
661428435106,2460448.673328,12.908195321768199,0.07420780837450625,13.622901801392224,0.006248794604200962,17.476516597720973,2.00,bl754812,bl,G,g
661428435106,2460449.6386894,14.237694329965263,0.08477367979768893,13.516466460274504,0.006471926000967009,17.33198802363428,1.39,bH568466,bH,G,g
661428435106,2460450.8518451,14.890373521530256,0.10425809597128426,13.46780164212193,0.00761055571884979,17.107366138199755,1.96,bt595205,bt,G,g
661428435106,2460470.418053,13.236972125403188,0.06465856233307002,13.595593986489721,0.005309450329605936,17.626075501557384,1.58,bp536008,bp,,g
661428435106,2460471.4530839,12.682070276696708,0.07065841226767869,13.64209023361627,0.006056000349659809,17.529730925494334,1.47,bp536462,bp,,g
661428435106,2460472.3883473,13.278503138894408,0.0739677082908955,13.59219282083891,0.006054875469312923,17.480035203055543,1.48,bp536794,bp,,g
661428435106,2460474.3244104,12.911727227753971,0.07023551187543951,13.622604765782057,0.005912682814937005,17.53624873168875,1.57,bp537132,bp,,g
661428435106,2460475.3168794,13.283400579399027,0.06894038932558602,13.591792448291585,0.005641266732925004,17.556456282290203,1.45,bp538155,bp,,g
661428435106,2460477.3133315,12.628318897611576,0.10603288434430928,13.646701771247084,0.00912656198273992,17.089039172939177,1.44,bp537486,bp,,g
661428435106,2460486.4611865,15.246368928228692,0.18506995436450802,13.442149560977239,0.01319415756114962,16.484300816759408,1.48,bp540271,bp,,g
661428435106,2460486.6217902,13.225465848594498,0.07371319196749211,13.59653817629663,0.00605823913233188,17.48377756730344,1.46,bl761182,bl,,g
661428435106,2460486.8779847,18.423148777110477,0.15972576466856572,13.236655974072216,0.009423739866443027,16.644203171583193,1.48,bt603015,bt,,g
661428435106,2460487.5441326,13.967615001654337,0.1538851461596553,13.537259982810589,0.011975305962915317,16.684648858033515,1.42,bp540756,bp,,g
661428435106,2460488.6637823,13.32849152882765,0.05915147694968934,13.588113121548966,0.004823882995454171,17.72272662901151,1.55,bl762047,bl,,g
661428435106,2460489.6230381,12.545420218369852,0.17504029002286586,13.653852589988515,0.015165788111973293,16.54479555085966,1.45,bp541610,bp,,g
661428435106,2460490.7254631,12.783540469973202,0.055999739466722036,13.633437745623604,0.004761535520775278,17.782175595195795,1.45,bl762725,bl,,g
661428435106,2460492.5097889,13.483373167003135,0.053889304368973226,13.575569236636351,0.004344263865602085,17.823884167606426,1.47,bl763353,bl,,g
661428435106,2460493.6006505,13.268490529207336,0.049956968781906794,13.593011825317745,0.004092481575374474,17.906150413949803,1.48,bl763846,bl,,g
661428435106,2460494.6103215,14.04428845735002,0.0577448920902489,13.531316270001872,0.0044691610575521845,17.74885667618451,1.46,bH581861,bH,,g
661428435106,2460494.7413519,14.199517619905626,0.0768280149505502,13.51938164487592,0.005881094987741349,17.43884158089807,1.49,bl764375,bl,,g
661428435106,2460495.847263,17.159566068838462,0.09898124367087954,13.313799869253977,0.006269873486678165,17.16375834570526,2.36,bH582466,bH,,g
661428435106,2460498.6997162,15.684497125000725,0.07284739042303853,13.4113891249207,0.005048421092556689,17.496605614285382,1.40,bH583363,bH,,g
661428435106,2460499.7594035,17.719283513410666,0.11672003525965359,13.27895022971152,0.007159973677664884,16.984777086241404,1.48,bt605513,bt,,g
661428435106,2460500.8263873,16.57027978932537,0.07364063310941636,13.351741018413394,0.00483058629310794,17.484846827439917,1.41,bH584306,bH,,g
661428435106,2460501.828199,14.751446468787428,0.07780221973430572,13.477979103257365,0.005732836459456436,17.42516064195613,1.46,bt606021,bt,,g
661428435106,2460502.8291999,16.905102048257802,0.11558806960480918,13.330021130422248,0.0074320288474763714,16.995358084452853,1.37,bH585114,bH,,g
661428435106,2460503.547377,14.06907237743475,0.07288492655677403,13.52940196267584,0.0056309857631003215,17.49604631019787,1.41,bH585344,bH,,g
661428435106,2460504.562215,14.293088150267517,0.06767285103438248,13.512250441885547,0.005146364872529381,17.576604427569944,2.24,bH585771,bH,,g
661428435106,2460515.7032082,14.864974427420046,0.06262243012278301,13.469655206246845,0.004579076752634937,17.660815819399435,1.96,bl772580,bl,,g
661428435106,2460516.7372327,14.725440453350888,0.08409125468145344,13.479894887641342,0.006207185312167176,17.340763530421683,1.45,bH590676,bH,,g
661428435106,2460517.7756178,13.19679412325903,0.08041281006459652,13.598894518449152,0.0066232167839182675,17.389327513911446,1.55,bt609689,bt,,g
661428435106,2460520.6970908,14.612282258849126,0.05941058879753316,13.488270490554644,0.004419345712729649,17.71798097009597,1.38,bH592339,bH,,g
661428435106,2460520.7895238,12.680619784007666,0.07192327924105586,13.64221442016156,0.006165114857755207,17.510466910881036,1.51,bt610428,bt,,g
661428435106,2460521.6843493,13.979396662000012,0.04702410565127281,13.536344552130473,0.0036563207663704847,17.971839250243434,1.50,bl775098,bl,,g
661428435106,2460522.5115537,19.700746736180825,0.11919994813601281,13.163858902404073,0.0065766624358180375,16.96195044533618,1.51,bp545671,bp,,g
661428435106,2460523.5077272,19.188854008543643,0.1072359044093328,13.192443025546103,0.006074399524349956,17.07679006418505,1.46,bp546053,bp,,g
661428435106,2460527.772417,13.038768438832857,0.07963024537148701,13.611974190854978,0.006638250762736361,17.399945476549547,1.63,bt611649,bt,,g
661428435106,2460528.4596937,18.93422300290579,0.1135562498912796,13.206946902703255,0.006518921129460774,17.01461300682736,1.95,bp547303,bp,,g
661428435106,2460528.7606798,13.070085073354818,0.09660203067308328,13.609369586236701,0.008033781468447588,17.19017497188261,1.49,bt611975,bt,,g
661428435106,2460529.4945794,16.561147314236354,0.08218253656740923,13.352339571507006,0.005393880170259753,17.36569175731726,1.49,bp547724,bp,,g
661428435106,2460529.7558025,12.905010702124866,0.08597268904821222,13.623169699681146,0.007241262886904686,17.31673933447859,1.52,bt612309,bt,,g
661428435106,2460529.7570197,12.702545298494512,0.10232655460706577,13.640338741480083,0.008756081026566193,17.127669732860827,1.52,bt612310,bt,,g
661428435106,2460530.4889965,16.57338144172784,0.09251726063443101,13.35153780753127,0.006067695972219758,17.23708369854126,1.51,bp548120,bp,,g
661428435106,2460530.5790537,13.994299021336436,0.034799386050030794,13.535187748769083,0.002702916349145326,18.29871165656394,1.55,bl776752,bl,,g
661428435106,2460530.755099,12.85399183778414,0.1515083643072771,13.627470572782725,0.012811818053107783,16.701549087560533,1.43,bt612648,bt,,g
661428435106,2460531.5721346,13.977169164386813,0.0399851511122578,13.536517568718045,0.0031095081030379705,18.147893757326788,1.49,bl777161,bl,,g
661428435106,2460532.7465707,12.833187283071915,0.0704182294002102,13.629229291644592,0.005964344788830876,17.533427859073743,1.55,bt613276,bt,,g
661428435106,2460533.7456898,13.003101562975825,0.06550445966724246,13.614948235548333,0.005475655119163156,17.611963439976382,1.46,bt613607,bt,,g
661428435106,2460534.7409278,12.78896240971303,0.06425489713711878,13.632977345138642,0.0054611372884968415,17.632875029738152,1.52,bt613934,bt,,g
661428435106,2460535.7518243,12.361870141700894,0.08272688049320932,13.669855179465264,0.007274022558439137,17.358523991338377,1.52,bt614203,bt,,g
661428435106,2460544.5387609,14.084109198026205,0.06976659533161836,13.528242163238659,0.005384313251835969,17.543521787539163,1.50,bH599163,bH,,g
