# "asas_sn_id":661427690542,"ra_deg":267.61705,"dec_deg":-46.12787,"name":"ASASSN-V J175028.09-460740.3"
asas_sn_id,jd,flux,flux_err,mag,mag_err,limit,fwhm,image_id,camera,quality,phot_filter
661427690542,2458231.6127533,11.43636487941118,0.0691923053068285,13.754345614393236,0.006576305347061866,17.552496110437275,1.53,bn044582,bn,G,g
661427690542,2458283.5063282,11.737269991461561,0.06801519357483783,13.726147885437127,0.006298701340882544,17.571125765387762,2.01,bn056497,bn,G,g
661427690542,2458283.8005102,9.136787483098258,0.05780722531483116,13.998081813365808,0.006877027694453092,17.74768530093371,2.04,bj092975,bj,G,g
661427690542,2458288.5778787,8.790720830300982,0.07357687302946081,14.040004401666415,0.00909764552104496,17.48578729482549,2.00,bj095129,bj,G,g
661427690542,2458290.5590116,8.986286634752155,0.08258053084761052,14.01611495446026,0.009988713939566579,17.360446435698314,2.08,bj096054,bj,G,g
661427690542,2458291.6601457,9.786014545017371,0.07430250553141744,13.923550979984416,0.00825296065087635,17.4751319646544,2.08,bj096606,bj,B,g
661427690542,2458292.5704257,10.50804984514122,0.08351043057877419,13.846260311773882,0.008638349502387765,17.34828880417346,2.00,bj097004,bj,B,g
661427690542,2458293.6449959,10.652391530351768,0.24784398703359398,13.831447820723985,0.02528968610592342,16.167194644168465,2.12,bj097533,bj,B,g
661427690542,2458303.6372965,9.736306262295283,0.03817946710609249,13.929080056101464,0.004262337240581888,18.198065955469,2.02,bj101826,bj,G,g
661427690542,2458309.7699823,8.813855258711627,0.07038231428245469,14.037150836680414,0.00867980166213781,17.53398175387374,2.07,bj103764,bj,G,g
661427690542,2458311.7425408,9.119787026068096,0.06257109948582658,14.000103881308615,0.007457637383866613,17.661706145509005,2.00,bj104659,bj,G,g
661427690542,2458314.7313447,11.879913273621062,0.10585669851442901,13.713032446789935,0.009685392996556795,17.090844748992243,2.01,bj106020,bj,G,g
661427690542,2458320.8129935,11.459539340603897,0.10182921877473843,13.752147722587491,0.009658672147371832,17.13295958166875,2.01,bj107824,bj,G,g
661427690542,2458322.685753,9.347101248107386,0.1652756818035221,13.973373254764043,0.019219592839822393,16.60711821791706,2.11,bj108629,bj,B,g
661427690542,2458328.6956133,10.10472653168406,0.13171905149115937,13.888754210975963,0.01416890220697014,16.853519124700366,2.03,bj110738,bj,G,g
661427690542,2458329.4842158,11.11496209508036,0.08709163642532244,13.785295657332025,0.00851688214423488,17.30269948421958,1.96,bj111016,bj,G,g
661427690542,2458332.5485089,10.940635149960585,0.08268937462818422,13.802459283898386,0.008215222772597331,17.35901634290584,1.97,bj112403,bj,G,g
661427690542,2458344.7532373,12.308759858751463,0.1802368786009316,13.674529875338209,0.015916278561068503,16.513031467611714,1.53,bj117622,bj,G,g
661427690542,2458346.6467636,9.372615082459875,0.03890699179136888,13.970413668161104,0.004512103409433945,18.17757147807929,1.99,bj118421,bj,G,g
661427690542,2458349.5585942,9.973806394832671,0.060642337876845975,13.902913287990422,0.006608869476641919,17.695700771890685,2.16,bj119465,bj,G,g
661427690542,2458358.6393443,10.053783965084524,0.09445675359692393,13.894241750015217,0.010212113638113106,17.21455807358424,1.98,bj123024,bj,G,g
661427690542,2458359.5023891,10.09993669512305,0.050402662542584936,13.889268993034758,0.005424341203062542,17.89650691432588,1.99,bj123340,bj,G,g
661427690542,2458360.4913356,8.569163764021525,0.07997944887144107,14.067719515662931,0.010145002003686275,17.395194593597484,1.99,bj123758,bj,G,g
661427690542,2458363.6524825,9.357805843583662,0.05764480202310248,13.972130546839567,0.006695735576340725,17.750740231518066,1.98,bj124895,bj,G,g
661427690542,2458364.6795639,12.262807178613844,0.11464015383966716,13.678590873696306,0.010161528355963997,17.004298710980265,2.27,bj125339,bj,G,g
661427690542,2458368.6429092,11.102725531523086,0.08856738194207457,13.786491612702589,0.008670744236806523,17.284456093710517,1.96,bj126936,bj,G,g
661427690542,2458371.5212028,9.826714874869461,0.03924123995053048,13.919044734662418,0.00434056775112505,18.168283806876453,1.95,bj128088,bj,G,g
661427690542,2458373.5144351,9.90296930097241,0.048119015250318184,13.910652040414881,0.005281575238334038,17.946848784002142,1.98,bj128892,bj,G,g
661427690542,2458376.6163562,10.442978215900359,0.06507844846237229,13.85300469212061,0.006773684912330414,17.61904763554743,2.00,bj130168,bj,G,g
661427690542,2458383.5965445,9.20636313297018,0.09093529452278656,13.989845369596107,0.01073634724268394,17.2558094170988,1.98,bj132848,bj,G,g
661427690542,2458385.5191033,9.688920540061755,0.07537691541526982,13.93437713672672,0.008456197928390082,17.459544708398763,2.03,bj133373,bj,G,g
661427690542,2458392.6165682,11.61079973722463,0.07867488729200843,13.737910286221364,0.0073652275273486745,17.413050287880814,1.48,bF001567,bF,G,g
661427690542,2458393.6133612,9.249209994127808,0.051979546575911514,13.984804022824648,0.006108576536115046,17.863059394501153,1.49,bF001925,bF,G,g
661427690542,2458394.6099984,11.576793851152644,0.07092323499717235,13.741094872669507,0.006659052049660356,17.525669269677692,1.93,bF002281,bF,G,g
661427690542,2458396.6076672,11.313494709186115,0.06258312664955476,13.766073677059802,0.006012743136506333,17.661497469740816,1.92,bF002947,bF,G,g
661427690542,2458397.6049018,9.086318770040771,0.04287118362288071,14.004095700165266,0.005128491946288705,18.0722269263541,1.95,bF003300,bF,G,g
661427690542,2458398.6011067,11.378230835625496,0.06707229853820448,13.759878771628351,0.006407382076998222,17.586282637250246,1.43,bF003638,bF,G,g
661427690542,2458399.5331256,9.657835047760905,0.08039394754163431,13.937866163434569,0.009048065654112866,17.38958222614484,1.52,bF003939,bF,B,g
661427690542,2458401.5498363,9.39730629942523,0.040991235762381575,13.967557165662576,0.004741325825337001,18.120913083478847,1.50,bF004126,bF,G,g
661427690542,2458404.5825272,10.720455330568859,0.05426549690520068,13.824532543369372,0.005502027101249309,17.816331151024166,2.21,bF004726,bF,G,g
661427690542,2458408.5674918,10.451347286192945,0.05661261940718587,13.852134924575171,0.005887801275025004,17.770357487180327,2.24,bF006139,bF,G,g
661427690542,2458409.5166293,9.63205885469991,0.04800195976178044,13.94076780331147,0.005416914909512576,17.949493190068175,2.11,bF006481,bF,G,g
661427690542,2458410.5637136,10.589426392902569,0.06725641781835968,13.837884532481903,0.006903565808387459,17.58330628045821,2.06,bF006900,bF,G,g
661427690542,2458411.5610684,9.195641963568576,0.06290560482953035,13.991110488590765,0.007435658945214939,17.655917255456444,2.05,bF007279,bF,G,g
661427690542,2458412.5144118,8.58418220365093,0.08636796723671494,14.06581830433752,0.010936187400282767,17.31175886612001,2.09,bF007621,bF,G,g
661427690542,2458413.5266596,9.338967739342975,0.09387659310096157,13.974318434352204,0.010926237027232695,17.22124731113636,2.12,bF008014,bF,B,g
661427690542,2458414.5481457,9.781627243499765,0.12722561528140106,13.924037850321698,0.014137597847463485,16.891204211789482,2.04,bj142821,bj,G,g
661427690542,2458415.5467258,9.164388747075932,0.09418104695735006,13.994806863827918,0.011170488948013495,17.21773182659397,2.08,bF008752,bF,G,g
661427690542,2458417.5401378,9.423869249917605,0.08564097357464473,13.96449249245682,0.009877897526630318,17.320936622064703,1.96,bF009361,bF,G,g
661427690542,2458418.5413908,9.750940652530018,0.04059528142812778,13.927449339318452,0.004525235818012077,18.13145172016045,2.21,bF009741,bF,B,g
661427690542,2458423.5210927,9.536592468458865,0.05145413860580723,13.951582561963608,0.0058646116747704,17.874089831267533,1.95,bF010734,bF,G,g
661427690542,2458424.5141892,9.117390664822208,0.0433723986036047,14.00038921232018,0.005170767959691964,18.059607010445138,1.97,bF011057,bF,G,g
661427690542,2458425.5140811,9.13217474015582,0.06579110551259151,13.99863008995219,0.00783078217884806,17.60722265126377,1.97,bj145848,bj,G,g
661427690542,2458426.515292,9.100093195469674,0.046897255764585026,14.002451022229232,0.0056016215339817505,17.97477203563352,1.44,bF011740,bF,G,g
661427690542,2458429.5056589,9.435336244824372,0.08696015543266881,13.963172168218579,0.01001786323522244,17.304339843098873,2.10,bF012795,bF,G,g
661427690542,2458525.8932093,10.486163513508332,0.3084845607645631,13.848524058535489,0.03197635672445177,15.92955702878925,2.13,bj179338,bj,G,g
661427690542,2458526.8925963,8.928829072125698,0.2333346873799513,14.02307934932101,0.028405142280903635,16.232692347634966,2.14,bj179670,bj,G,g
661427690542,2458527.8880706,10.625356357550018,0.10172172108507864,13.834206861000533,0.010405965166277913,17.134106362366715,2.05,bj180001,bj,G,g
661427690542,2458528.883486,8.780164159042664,0.07783434685907341,14.041309032773263,0.0096356456896815,17.42471239789917,2.15,bj180362,bj,G,g
661427690542,2458531.8895969,9.880891158432458,0.07068661214224327,13.913075333754385,0.007775945796355158,17.52929769305027,1.99,bj181472,bj,G,g
661427690542,2458538.8879843,8.636719653881283,0.09473144540766894,14.059193565486666,0.011922230490990476,17.21140520194397,2.05,bj184110,bj,G,g
661427690542,2458544.8911024,8.806942047661945,0.06073802177742704,14.038002775872764,0.007496312401196559,17.693989004074407,1.47,bF050676,bF,G,g
661427690542,2458549.8475886,10.528333025471602,0.05155298639221622,13.844166587753715,0.005322386235178766,17.872006040395593,1.45,bF052345,bF,G,g
661427690542,2458552.8675674,8.794110767211052,0.054702973872500525,14.03958579347443,0.006761315132729066,17.807613269040523,2.20,bF053459,bF,G,g
661427690542,2458554.8357659,8.965644604180248,0.04544045196803583,14.018611823405516,0.005509006635663567,18.009034005485404,1.54,bF054194,bF,G,g
661427690542,2458555.8347255,10.451244867605801,0.05358213924668442,13.852145564362552,0.005572681191638747,17.830090489788212,2.27,bF054574,bF,G,g
661427690542,2458558.8467015,8.65794666072683,0.07006851543074719,14.056528357496571,0.008796708134216645,17.538833321385447,2.02,bj191611,bj,G,g
661427690542,2458564.8072727,8.768742128899484,0.1339503274312167,14.042722375941892,0.0166042266781457,16.83528116258018,2.06,bj193996,bj,B,g
661427690542,2458566.8472308,8.728226715368859,0.10023719601161113,14.047750576007134,0.012482887702013576,17.15006833792839,1.97,bj194848,bj,G,g
661427690542,2458567.8575158,10.151701420588376,0.08843243790350169,13.883718532509313,0.009468581780543616,17.286111616939973,1.95,bj195266,bj,G,g
661427690542,2458568.8797714,8.546081045002877,0.09625545583225993,14.070648104674348,0.012242511499586712,17.194077223894926,2.06,bj195694,bj,G,g
661427690542,2458571.6516242,11.0159054322466,0.07420358027567522,13.79501512479136,0.00732178267261951,17.476578460897663,1.47,bn122269,bn,G,g
661427690542,2458573.7693898,10.590153859743928,0.07464063299472204,13.83780994770937,0.007660995665865784,17.470202326900832,1.99,bj197412,bj,G,g
661427690542,2458574.7887102,9.11072432255233,0.04244799451137568,14.001183358010332,0.0050642652368128,18.082997670234754,2.15,bF061706,bF,G,g
661427690542,2458575.76518,10.783629240542684,0.08318200731140037,13.818153253114033,0.008384489425744438,17.352567120548002,2.22,bj197807,bj,G,g
661427690542,2458576.767742,9.179939853194918,0.04319757381473363,13.992966032980412,0.005114835754058969,18.063992222903895,2.17,bF062497,bF,B,g
661427690542,2458577.5525265,8.411300257960068,0.05155000650336015,14.087907781655382,0.006661587869425444,17.87206880042083,1.97,bn124104,bn,G,g
661427690542,2458578.7620277,9.112037690316885,0.043497196446880604,14.001026853641388,0.005188692470570848,18.05648744646289,2.17,bF063182,bF,G,g
661427690542,2458579.7809229,10.79663998936135,0.05373473682064082,13.81684407178691,0.00540976847321796,17.827002796062168,2.10,bF063598,bF,G,g
661427690542,2458580.7604075,8.467733360837432,0.0819521071908943,14.08064768695706,0.010519742838548387,17.368740299360077,1.52,bj199779,bj,G,g
661427690542,2458581.7636073,10.673785075898536,0.0746187658283842,13.82926948794838,0.007598743424619633,17.47052045727715,1.94,bj200204,bj,G,g
661427690542,2458582.7823976,9.187160849445274,0.04383209683574082,13.9921123220334,0.005185887598777193,18.048159994218096,2.09,bF064804,bF,G,g
661427690542,2458583.7620471,10.966548732923142,0.05500025972085101,13.799890690099181,0.005451386070208966,17.801728760658115,2.18,bF065190,bF,G,g
661427690542,2458584.7386144,8.786006878377629,0.07230142902370525,14.040586774958896,0.008944735748133963,17.504773408628523,1.99,bj201450,bj,G,g
661427690542,2458586.8898727,8.406190787110162,0.08850644521160696,14.088567515933786,0.01144426295751197,17.285203366394953,1.95,bj202419,bj,G,g
661427690542,2458588.7357529,9.09042581368806,0.07947705661530526,14.003605054985353,0.009503196746466575,17.402036174186478,2.06,bF066899,bF,G,g
661427690542,2458589.7256196,11.286841195009472,0.08938146162145283,13.768634585788304,0.008607701743422324,17.27452198085002,2.08,bF067294,bF,G,g
661427690542,2458590.8360571,8.684970262101816,0.08983997702453646,14.053144782948845,0.011243809246628454,17.268966530972257,1.99,bj204078,bj,G,g
661427690542,2458591.8655142,9.879177220296318,0.07437833970363891,13.91326368175563,0.008183477187847623,17.47402441225451,2.01,bF068224,bF,B,g
661427690542,2458593.7609062,10.416224130049976,0.13487384055011162,13.855789831751535,0.014074389986963925,16.827821300761624,2.01,bj205256,bj,G,g
661427690542,2458594.76293,8.881424407389847,0.11233424021155021,14.028859062942692,0.01374806893711311,17.02636023084158,2.00,bj205687,bj,G,g
661427690542,2458595.7871294,10.536781295683657,0.08941638300629166,13.843295707758596,0.009224042706364875,17.274097865979947,2.07,bF069643,bF,B,g
661427690542,2458596.7833312,9.062426283683296,0.08165206184055207,14.006954404981443,0.009793430407354746,17.372722721899827,1.97,bj206574,bj,G,g
661427690542,2458599.6370987,12.320110637114817,0.09426849734468654,13.673529102534122,0.008316951121743405,17.216724150413924,1.50,bn129445,bn,G,g
661427690542,2458600.7007287,8.92308142165828,0.06262543361399828,14.023778482606781,0.00762865654551272,17.660763746668508,1.43,bF071183,bF,G,g
661427690542,2458601.7035243,11.254438635965839,0.06435583736132142,13.77175602840168,0.006215503002373243,17.631170747761008,1.42,bF071608,bF,G,g
661427690542,2458602.6829308,8.75973541351921,0.0772780066368354,14.043838150864305,0.009589083383873811,17.432500833804415,2.05,bj208615,bj,G,g
661427690542,2458603.8892158,9.282142981764363,0.05378657788980759,13.980944987308217,0.006298510132219836,17.82595582727833,2.02,bj209224,bj,G,g
661427690542,2458604.6867421,8.869991770191898,0.07000682361081781,14.030257580076618,0.00857885502732243,17.539789678831717,1.49,bj209506,bj,G,g
661427690542,2458605.6861333,11.551827620037837,0.07316568108988664,13.743438873290543,0.00688444433590649,17.49187206208437,1.41,bF073293,bF,B,g
661427690542,2458606.9147503,10.450317855839524,0.07105791182004324,13.852241872016757,0.0073908623392542,17.523609509636792,1.99,bj210576,bj,G,g
661427690542,2458607.837548,9.611603899986209,0.031006117705514848,13.94307595987674,0.0035064180967620652,18.424022133016223,1.92,bF073966,bF,G,g
661427690542,2458608.8706557,8.982585454733144,0.0493465704721753,14.016562228522178,0.00597128486786926,17.919498173678058,1.95,bF074418,bF,G,g
661427690542,2458611.6725496,11.492024493593686,0.08713421476503634,13.749074264889774,0.008241463726280054,17.302168806991485,1.44,bF075141,bF,B,g
661427690542,2458612.8349067,8.438643955095523,0.08484602211540655,14.084383963696489,0.010928762674751298,17.331061896806336,1.94,bj212749,bj,G,g
661427690542,2458613.83704,9.586524572262482,0.03742112636586503,13.945912647799666,0.0042429492614967056,18.219848472671856,1.98,bj213199,bj,G,g
661427690542,2458615.4000906,8.770657163886545,0.04755246613365385,14.04248528426134,0.005893225812266261,17.95970799908591,2.13,bn133780,bn,G,g
661427690542,2458615.8273532,9.611792300367373,0.0334498406632768,13.943054678193452,0.0037826995552841707,18.34165547802297,2.00,bj214069,bj,G,g
661427690542,2458617.4088186,8.568681340413299,0.09971758578080604,14.067780641758356,0.012649400285820445,17.155711222832714,1.58,bn134582,bn,B,g
661427690542,2458618.6442399,9.141501876982227,0.1289384619859515,13.997521740359414,0.015331233756187676,16.87668439764244,1.95,bj215271,bj,G,g
661427690542,2458619.6403144,11.823435126585121,0.15138930721099664,13.718206440271722,0.01391757920035955,16.702402607535607,2.02,bj218370,bj,B,g
661427690542,2458620.6478923,8.77274275638966,0.10334993715471119,14.042227135520509,0.012805218542379076,17.11686506925091,2.08,bj215724,bj,B,g
661427690542,2458620.9319264,11.831849948766747,0.13957453669425943,13.71743398900297,0.01282229352007257,16.790625124138533,1.62,bF076751,bF,B,g
661427690542,2458621.6909371,10.407374147599377,0.10009880533758454,13.856712702699053,0.010454418928052118,17.151568375745654,2.25,bF077002,bF,B,g
661427690542,2458626.459206,9.77852253530852,0.06091705401033748,13.9243825198825,0.00677138994184279,17.690793380444955,1.95,bn137612,bn,G,g
661427690542,2458626.8859794,10.795106800497816,0.0981887409049312,13.816998263911975,0.009886599017533294,17.172486383909593,1.96,bj218585,bj,G,g
661427690542,2458627.8634148,9.59604760491793,0.12049951807145765,13.944834637813619,0.013649133729502093,16.950177336474617,2.03,bF079406,bF,B,g
661427690542,2458631.6103154,12.00138089017786,0.0724342851397349,13.701987574146239,0.006560321628870477,17.502780165474352,1.99,bF080017,bF,G,g
661427690542,2458635.6080845,11.937191449669477,0.07234180043585452,13.707810224349897,0.006587176900834572,17.504167328342433,1.51,bF080463,bF,G,g
661427690542,2458636.6171824,9.014870825146705,0.053884752695001426,14.012666852131442,0.006497085149656465,17.8239758764529,1.48,bF080913,bF,G,g
661427690542,2458637.6331343,11.506578092817131,0.09799537759015538,13.747700149081108,0.009257027928954832,17.17462663482406,1.97,bj221065,bj,G,g
661427690542,2458638.664117,8.892387329027523,0.05072786450676387,14.02751969436853,0.0062006951698488355,17.8895241609734,1.41,bF081832,bF,B,g
661427690542,2458639.7360911,9.966788819971269,0.07223611102825449,13.903677481368714,0.00787791468300213,17.505754719328642,1.62,bF082328,bF,B,g
661427690542,2458640.893878,12.189070469548376,0.1374916948187265,13.685139152604215,0.012260778600102573,16.806949447905268,1.97,bj222657,bj,B,g
661427690542,2458641.4385777,8.64141062993316,0.06051639655115658,14.058604015277625,0.00761203172958578,17.697957961302095,1.45,bn141077,bn,G,g
661427690542,2458641.8297739,9.315311330417487,0.054538542957656824,13.977072186809494,0.00636382648429615,17.8108817833826,2.06,bj223067,bj,G,g
661427690542,2458642.762059,8.577971597124892,0.08626930878566048,14.066604112544516,0.010931603905278734,17.31299981554118,1.95,bj223472,bj,G,g
661427690542,2458645.3079018,8.76302610657744,0.05465138981908332,14.043430358447571,0.0067789007887780126,17.80863758442487,1.93,bn142261,bn,G,g
661427690542,2458645.8117271,9.326161993877136,0.06257455738104656,13.975808235265607,0.007293013276514189,17.66164614563162,1.46,bj224893,bj,B,g
661427690542,2458646.9193342,12.008324753780645,0.07361448539306414,13.701359561088815,0.00666335618274058,17.48523241026926,1.97,bF085563,bF,G,g
661427690542,2458647.7626891,9.90875619412029,0.04677527171155627,13.910017765567497,0.005131086651739928,17.977599814091334,2.06,bF085887,bF,G,g
661427690542,2458648.5524366,8.949997104137857,0.06522009844235206,14.020508385293331,0.00792083064670573,17.616686986470267,1.50,bn143043,bn,G,g
661427690542,2458654.4605976,9.683058332124977,0.12127482360882519,13.935034251999564,0.013613515061356322,16.94321398237173,2.01,bn145423,bn,B,g
661427690542,2458654.7032465,8.633516765301822,0.1334636380378327,14.059596280544639,0.016803021957782854,16.839233214054946,1.97,bj228451,bj,G,g
661427690542,2458655.2950451,9.146727474663482,0.12402104779660394,13.996901273430728,0.014738111210687264,16.91890212099192,1.96,bn145732,bn,G,g
661427690542,2458655.5364173,12.345691373218273,0.12736367466597587,13.671277082407,0.011213529694348348,16.89002665960758,1.60,bj228780,bj,B,g
661427690542,2458656.7376396,8.425524866056058,0.11234160671279093,14.086073210639874,0.014492918129179981,17.026289034251366,1.93,bj229403,bj,B,g
661427690542,2458658.2931957,9.829414279321439,0.04695385650730989,13.918746523235313,0.005192252468063341,17.973462440434155,1.59,bn146174,bn,G,g
661427690542,2458659.2726696,8.74358947795335,0.06029980732280976,14.045841225352662,0.007496151208197282,17.70185080036105,1.49,bn146583,bn,B,g
661427690542,2458660.8322523,10.818625734643817,0.08754071427625171,13.814635380191023,0.008795289959571406,17.297115396800134,1.50,bj230647,bj,G,g
661427690542,2458661.5131093,11.653496740664075,0.07925650236470777,13.733924974689383,0.007392491202657062,17.405053354556266,1.95,bn147215,bn,G,g
661427690542,2458661.6893289,10.161311293129986,0.09714196388889768,13.88269123168821,0.010391285941113989,17.184123413386295,1.58,bj230834,bj,B,g
661427690542,2458662.6036891,10.227259449349713,0.05450946919270711,13.875667438656158,0.0057932844403706316,17.81146072910275,1.94,bj231085,bj,G,g
661427690542,2458668.4458656,9.339242520997697,0.034212139645678714,13.974286489065497,0.003981812039564393,18.31719002132786,1.92,bn147600,bn,G,g
661427690542,2458668.7018715,8.44744604271089,0.08173942766705831,14.083252056183468,0.010517640898410613,17.37156163021479,2.00,bj232112,bj,G,g
661427690542,2458669.2421022,8.95978435887281,0.0425685631939493,14.019321728952418,0.005164206584827733,18.079918131963055,2.11,bn147780,bn,G,g
661427690542,2458669.5866493,10.169471122733922,0.034633518778617034,13.88181970370467,0.003701778455620615,18.303899065754955,1.97,bF092209,bF,G,g
661427690542,2458670.81188,10.679584041132582,0.0816649406237883,13.828679778041247,0.008311769397251896,17.372551484844884,1.48,bj233086,bj,G,g
661427690542,2458673.3245579,8.78446707014724,0.05342440794676895,14.04077707438432,0.006610532907014357,17.833291316493984,1.50,bn148323,bn,G,g
661427690542,2458674.5829276,9.650542494539419,0.04128615068593172,13.938686303751053,0.004650127261858114,18.113129628146726,1.50,bF093916,bF,G,g
661427690542,2458676.5979752,8.907551304547663,0.07129356923907225,14.025669791225361,0.008699698423618007,17.520014717034837,2.04,bF094741,bF,B,g
661427690542,2458677.4906403,11.856452013294813,0.10581763424983799,13.715178752488622,0.009700976947732315,17.091245491834385,1.97,bn149738,bn,G,g
661427690542,2458678.502087,8.894316095607609,0.11347458093055032,14.027284222773291,0.013867500825048024,17.01539414259621,2.05,bn150184,bn,G,g
661427690542,2458678.5887434,10.95678129712127,0.1252961736381493,13.800858139785417,0.012429881494552342,16.907796090245938,2.01,bj235715,bj,G,g
661427690542,2458682.820849,11.724835157474427,0.13035424083736316,13.727298758356536,0.012084553028807407,16.864827699660488,2.03,bF097244,bF,B,g
661427690542,2458683.6749441,9.765033317968069,0.04446357514603354,13.925881298720501,0.0049492891023617805,18.032629662128844,2.08,bF097570,bF,G,g
661427690542,2458684.5495878,8.848352778150202,0.06653907787943888,14.0329095489116,0.008173847321069851,17.594948666497544,1.40,bF097913,bF,G,g
661427690542,2458684.7378946,8.282849302498722,0.1023925319655271,14.104616222503354,0.013436949814327402,17.12696990549783,1.96,bj238490,bj,G,g
661427690542,2458685.5537011,11.418769653755163,0.08408623289406324,13.756017341791916,0.008004196774616638,17.340828370686125,1.54,bn152067,bn,G,g
661427690542,2458685.584531,11.282864700695367,0.28368700275428604,13.769017171534832,0.02732953429437063,16.020542014298314,1.47,bj238821,bj,B,g
661427690542,2458688.8078814,11.918935744193027,0.1352738003096287,13.709471926107867,0.012336398368337949,16.82460638385724,1.98,bj239500,bj,B,g
661427690542,2458689.6451198,10.171513631053413,0.05873946522870809,13.88160165868224,0.006277064272802907,17.730315640605735,1.99,bj239761,bj,G,g
661427690542,2458690.3563321,9.628260998888464,0.038417845712694944,13.941195986191062,0.004337078933921949,18.191308091265448,1.49,bn152572,bn,G,g
661427690542,2458690.7467104,8.88919495892898,0.07452754487022611,14.027909544020387,0.009113108815835698,17.471848574731627,1.95,bj240162,bj,G,g
661427690542,2458691.3997055,8.573092956149896,0.04917722086944428,14.067221790504153,0.0062350310697031845,17.923230656432207,1.52,bn153039,bn,G,g
661427690542,2458692.5610907,8.764102737788193,0.11061993141853903,14.043296972369731,0.013719494109908302,17.043057149237125,1.95,bj240810,bj,B,g
661427690542,2458695.7267123,9.407528578417873,0.058879488559082954,13.966376756521761,0.006803002887791699,17.72773053903454,1.93,bj242224,bj,G,g
661427690542,2458697.792304,9.1662136247482,0.06328609044736078,13.99459068590595,0.007504650400183199,17.649369942471544,1.49,bF102482,bF,G,g
661427690542,2458698.4520709,9.157829245138238,0.04854242580698327,13.99558426851181,0.005761573501706176,17.937336922683183,1.46,bn154605,bn,G,g
661427690542,2458698.7838913,11.479163867399606,0.06679154046324084,13.750289983355376,0.006324458936395403,17.590836961345627,2.02,bF102900,bF,G,g
661427690542,2458699.4522884,11.439010134864722,0.06755271778431612,13.75409451034552,0.006418987857443112,17.57853354577512,1.98,bn154998,bn,G,g
661427690542,2458699.7844085,9.311657735626724,0.041723971207335446,13.977498111196727,0.004870469244498764,18.101676518854003,2.01,bF103324,bF,G,g
661427690542,2458700.434424,9.31991450210616,0.05087548980701677,13.976535801545836,0.005933471324217909,17.886369102814246,1.96,bn155398,bn,G,g
661427690542,2458700.7472233,9.68925854712077,0.04667148244303922,13.93433926046396,0.0052356815512751,17.98001162205302,1.93,bj244295,bj,G,g
661427690542,2458702.288379,10.00096204735265,0.04506954238978677,13.899961174342197,0.0048983920547268425,18.017932740149774,1.48,bn155596,bn,G,g
661427690542,2458702.769879,11.140922888015897,0.06121617471032085,13.782762701612691,0.0059725142168321164,17.685475141890013,1.95,bF104379,bF,G,g
661427690542,2458703.7298842,9.519045268775248,0.07178382206121116,13.953582141892264,0.008196819254630333,17.512574165920334,1.54,bF104775,bF,G,g
661427690542,2458704.553008,9.175422796171173,0.07547654328338779,13.993500408960045,0.008941246935720347,17.45811060672051,1.99,bj245895,bj,G,g
661427690542,2458709.3021454,8.920378813000248,0.08230629069441901,14.024107378465676,0.0100290986880596,17.364058037097216,1.50,bn157019,bn,G,g
661427690542,2458709.5835523,10.447897237549236,0.14754543069295586,13.852493391384861,0.01535002350215846,16.730326200294506,1.97,bj247802,bj,B,g
661427690542,2458710.6258163,8.153268659880345,0.2409884257336436,14.12173623958598,0.0321274757329871,16.19765014982575,2.00,bj248281,bj,B,g
661427690542,2458712.6105602,8.46006661778822,0.0846363038334835,14.08163116515042,0.010874143973555454,17.333748889050796,1.96,bF108242,bF,G,g
661427690542,2458713.4887405,11.114356923702635,0.15447956650912611,13.785354773535673,0.01510771819235314,16.680463006234426,1.48,bn158616,bn,B,g
661427690542,2458713.7094465,9.218741123924367,0.14231205751548268,13.9883865735149,0.01677962500076352,16.769536367369927,1.59,bj249629,bj,B,g
661427690542,2458714.7109998,9.297758202645593,0.13526129416669125,13.979120002936178,0.01581275213110252,16.8247067654525,1.57,bj250071,bj,B,g
661427690542,2458715.5673285,10.640984531567593,0.0522330049437275,13.832611092599365,0.005335503045342078,17.857778083086554,2.07,bF109462,bF,G,g
661427690542,2458716.5592423,9.150771544867142,0.04437783590813949,13.996421339697545,0.005271334545345326,18.03472531150105,2.01,bF109882,bF,G,g
661427690542,2458717.4218705,11.448227583673326,0.07704605018727681,13.753219986425147,0.00731516788194648,17.435764663307694,1.51,bn159992,bn,G,g
661427690542,2458717.5568384,10.740010090034641,0.05445579922710836,13.822553898844452,0.005511269134778923,17.812530270440384,1.98,bF110305,bF,G,g
661427690542,2458718.4784627,8.911421128658068,0.09589663494469904,14.02519820306566,0.011696840634179924,17.19813219181034,1.53,bn160324,bn,B,g
661427690542,2458718.5503217,8.667091187368332,0.07864134974115629,14.055382207668892,0.009862562436645218,17.413513214460007,1.96,bj251695,bj,G,g
661427690542,2458719.5664628,10.448654758043952,0.073842782883889,13.85241467338129,0.0076817443295480875,17.48187047291357,1.95,bj252136,bj,G,g
661427690542,2458721.7020966,9.318966035334023,0.06024510908398633,13.976646300104195,0.007026939895846192,17.70283612374213,1.95,bj252956,bj,G,g
661427690542,2458725.6927506,9.416349354640632,0.03619482670726994,13.965359215201724,0.00417807384379763,18.256024357280538,1.47,bF113496,bF,G,g
661427690542,2458727.4035341,11.134956779130919,0.06713843503732336,13.78334428318609,0.006553825153587473,17.585212576824397,1.98,bn162508,bn,G,g
661427690542,2458727.7079071,9.539236014628942,0.03956360723172353,13.951281637282229,0.004508109542325868,18.159400907073433,1.98,bF114274,bF,G,g
661427690542,2458728.449557,9.031993357687194,0.04797941817662719,14.010606598462289,0.005774089885921733,17.9500031684846,1.51,bn162969,bn,G,g
661427690542,2458728.6907627,9.168536408341275,0.04739338650701273,13.994315587499726,0.0056186231102528334,17.963346255353038,1.47,bF114664,bF,G,g
661427690542,2458730.3177645,9.586694418333863,0.03034990272841413,13.94589341179876,0.0034411261343335227,18.447247352698234,1.94,bn163720,bn,G,g
661427690542,2458730.6867488,9.112977142784164,0.04726206123379371,14.000914919844174,0.0056372143684770915,17.96635896510453,1.95,bF115453,bF,G,g
661427690542,2458743.2768723,8.544529720103188,0.06292362737043956,14.070845210516463,0.008004565421648057,17.655606235116284,1.45,bn166669,bn,G,g
661427690542,2458747.6567077,9.98396715726703,0.10832526639788505,13.901807763011169,0.011793393640583731,17.065816197086395,2.05,bF120557,bF,B,g
661427690542,2458751.5275011,10.47765577166279,0.07052370242331246,13.849405306720652,0.007316159258975537,17.531802850821016,2.01,bj263721,bj,G,g
661427690542,2458751.6453746,9.411854208681145,0.06329858759932465,13.965877644141607,0.007310229321710105,17.64915556249133,1.95,bF122051,bF,G,g
661427690542,2458752.3038576,9.420026737201981,0.03685917671125919,13.964935283611394,0.004253100721467644,18.236276535031497,1.47,bn168959,bn,G,g
661427690542,2458752.6418741,8.774340093038784,0.07317846224992745,14.042029463206447,0.009065275103310018,17.491682413658218,1.95,bF122436,bF,G,g
661427690542,2458753.3423669,10.306030465114343,0.06176008163661199,13.867337067477186,0.006513712893173726,17.675870957958367,1.50,bn169379,bn,G,g
661427690542,2458757.2720764,8.389736569713182,0.055616691452812166,14.090694810829085,0.007205580889204703,17.789627736894793,1.50,bn170179,bn,G,g
661427690542,2458757.6284838,9.43787358272524,0.08454875548848524,13.96288023275403,0.009737449900934067,17.334872562934255,1.53,bF124287,bF,G,g
661427690542,2458758.6232584,8.653014684890747,0.06260719590850916,14.057147020407799,0.00786446139047696,17.661079979544184,1.50,bF124643,bF,G,g
661427690542,2458760.2293215,9.788638494932803,0.08859941051609335,13.923259897692034,0.009838314810845537,17.284063530495988,1.95,bn170703,bn,G,g
661427690542,2458763.612977,10.100873601782261,0.17073074482164974,13.889168280888446,0.018372361031478216,16.571861274031885,1.97,bF125882,bF,B,g
661427690542,2458764.4997486,8.833010590401576,0.060087922450208615,14.034793744437955,0.007394190068783788,17.705672640267803,1.99,bF126151,bF,G,g
661427690542,2458765.2760887,8.75822198749385,0.08219334826508855,14.04402575052509,0.010200768611241641,17.365548930385753,1.53,bn172473,bn,G,g
661427690542,2458765.4848179,10.799534140404527,0.1503681889770561,13.816553067966556,0.015134327235395997,16.70975068857196,2.00,bF126501,bF,G,g
661427690542,2458766.2696727,9.691223201603721,0.07732866449744043,13.93411913213723,0.008673094659398702,17.431789337012212,1.51,bn172772,bn,G,g
661427690542,2458767.300227,9.255762353411754,0.08372089187115296,13.98403513391578,0.009831817839577798,17.345555995963537,1.99,bn172904,bn,G,g
661427690542,2458767.568009,10.095955248723584,0.1420319185294419,13.889697080149823,0.015291521835956636,16.771675727887764,1.51,bj269317,bj,G,g
661427690542,2458769.3392685,11.277521574396948,0.1854985176900241,13.769531455794553,0.01787882401696004,16.48178950259707,1.47,bn173692,bn,B,g
661427690542,2458771.249185,8.64500714895693,0.07363679719072452,14.058152230411435,0.009258522933216658,17.484903384589163,2.03,bn174351,bn,G,g
661427690542,2458773.585356,9.408373920144937,0.12931501850993563,13.966279198818201,0.01493986143846051,16.87351819565997,1.53,bF129204,bF,G,g
661427690542,2458778.2622194,9.550929345765752,0.02938740007812186,13.949951541464031,0.003344473089001848,18.482237697780818,2.01,bn176277,bn,G,g
661427690542,2458778.5705843,8.20778398441916,0.11992892238323412,14.114500827305275,0.015882182642362425,16.955330783037887,1.59,bF130829,bF,B,g
661427690542,2458782.5609075,8.81164358553708,0.09024130811118763,14.037423316191209,0.011131677924731574,17.264127156220543,1.42,bF131883,bF,G,g
661427690542,2458783.5493403,9.729975808726474,0.035023173906463104,13.929786221033156,0.00391251407382651,18.291751859900337,2.13,bF132233,bF,G,g
661427690542,2458784.5339135,8.623371208734568,0.09463945647368371,14.060872918530373,0.011929090368245035,17.212460017894344,1.55,bF132569,bF,B,g
661427690542,2458785.5342088,9.70367354900287,0.05203614954631904,13.932725178360242,0.005828826766475081,17.86187772860599,2.04,bj275377,bj,G,g
661427690542,2458786.2678843,9.375930100219296,0.04493670221328514,13.97002971998771,0.005209535588905155,18.021137617643205,1.56,bn177194,bn,G,g
661427690542,2458786.5275651,8.766286338447038,0.059718289265040185,14.043026491857978,0.007404638803440961,17.71237221617888,2.17,bF133243,bF,G,g
661427690542,2458787.2675939,9.296529352119899,0.04192814936025506,13.979263510183122,0.004902267681345971,18.096376376991007,1.94,bn177552,bn,G,g
661427690542,2458791.5264757,9.876205021236828,0.05732492942808272,13.913590379980096,0.006309073755162554,17.756781789571047,2.14,bF134207,bF,G,g
661427690542,2458792.5115091,8.314397777104455,0.11576776093351474,14.100488626863651,0.015134532425226723,16.993671527256232,1.96,bj277341,bj,G,g
661427690542,2458793.5083688,9.902764452227194,0.09802464988501568,13.910674499739233,0.010759473579092276,17.17430236193244,2.09,bj277690,bj,G,g
661427690542,2458794.5053433,8.500563963188302,0.14798149896186055,14.07644627329774,0.018922209878060488,16.727122056080205,2.22,bj278039,bj,G,g
661427690542,2458795.5046848,9.416434349993601,0.2762980568549531,13.965349415000821,0.03189359832817657,16.049196034874203,2.16,bj278389,bj,G,g
661427690542,2458894.8882428,8.808860661797524,0.13058227450887291,14.037766271312337,0.016113009428847667,16.862930039030193,1.48,bj308704,bj,G,g
661427690542,2458900.8719842,8.880304921151158,0.09108235831254159,14.028995926501324,0.01114855449922587,17.254054944241865,1.42,bj310196,bj,G,g
661427690542,2458903.6155239,8.778643397683833,0.05074768931928217,14.041497103137939,0.006283491579500607,17.88909993038454,2.18,bn203369,bn,G,g
661427690542,2458904.6146694,10.092942664304644,0.04635728186858047,13.890021106950286,0.0049924339742223435,17.987345702838176,1.46,bn203725,bn,G,g
661427690542,2458905.8696051,11.565468018931051,0.09792572763403337,13.74215759222067,0.009203346386296978,17.175398593333796,1.50,bj311766,bj,G,g
661427690542,2458906.8612754,8.904686693590342,0.05997258502079875,14.02601901313179,0.007320593599417055,17.707758689444745,1.53,bF166942,bF,G,g
661427690542,2458907.8717752,11.628573807354822,0.10418800978779932,13.736249487992696,0.009738755465802867,17.108096256034802,1.50,bj312473,bj,G,g
661427690542,2458909.8524454,11.67591133370265,0.07321473111732929,13.731838651488408,0.0068158473630787,17.49114443204386,1.98,bF168013,bF,G,g
661427690542,2458910.8554204,8.969928499657334,0.048959438174605824,14.018093169166994,0.005932798753814427,17.928049547701182,1.53,bF168384,bF,G,g
661427690542,2458911.5966227,8.729251964863357,0.04969637656807133,14.047623048943604,0.006188136261262612,17.9118287992597,1.51,bn205213,bn,G,g
661427690542,2458912.6247878,10.042068060175874,0.04410973534225214,13.895507721077902,0.004774451259953747,18.0413044813775,1.42,bn205523,bn,G,g
661427690542,2458913.8451498,11.518389797590563,0.07019798272464513,13.746586193422326,0.0066243768856863,17.536829031407667,1.46,bF169439,bF,G,g
661427690542,2458915.8392531,11.66536377396814,0.08005711893545837,13.732819906214406,0.007459570847908594,17.394140719369787,1.53,bF170135,bF,G,g
661427690542,2458916.8855356,9.039939280505985,0.0548561800861516,14.009651838745858,0.006595872035437087,17.80457670595344,1.45,bF170513,bF,G,g
661427690542,2458919.893656,10.974056653654182,0.13996897362571806,13.799147627495875,0.01386362340975763,16.78756116646914,2.03,bj316901,bj,B,g
661427690542,2458920.8363988,9.066097208554417,0.210846163000942,14.006514693926793,0.025278861089345007,16.342726356218648,1.99,bj317248,bj,B,g
661427690542,2458922.587481,10.285371191421014,0.08229672885391745,13.869515698083612,0.008697106257105703,17.364184178603693,2.32,bn206526,bn,G,g
661427690542,2458924.8049295,8.870389682198542,0.08079119518845744,14.030208874531798,0.009899961518649695,17.384230529104336,1.41,bF173292,bF,G,g
661427690542,2458928.6554223,9.741003709794363,0.0856699171165806,13.928556350422816,0.009559535947316032,17.320569744611134,1.51,bn208206,bn,G,g
661427690542,2458930.5532593,10.564648654175397,0.05747594683020055,13.84042797626292,0.005913481583273179,17.753925275562604,1.51,bn208881,bn,G,g
661427690542,2458932.5476564,10.589357130277168,0.06088553136638333,13.837891634017263,0.006249664128242556,17.691355359921314,1.51,bn209546,bn,G,g
661427690542,2458976.4210177,11.314827294018196,0.28612944439259186,13.765945798766435,0.027486965338705895,16.011234232576992,1.47,bn210435,bn,B,g
661427690542,2458979.4106246,8.390257622191289,0.10699299031997914,14.090627382255063,0.013860924639677474,17.07925229725425,1.96,bn211582,bn,G,g
661427690542,2458981.4116304,8.864620590912748,0.12773518727945074,14.03091524136238,0.015662553568428834,16.88686423875576,1.98,bn212360,bn,B,g
661427690542,2458987.3995509,8.975187972756821,0.043704088705071996,14.017456739692228,0.0052928634351545505,18.051335438982605,2.11,bn214227,bn,B,g
661427690542,2458991.3793728,8.919899658016725,0.04270234257894427,14.024165699967133,0.005203599988706846,18.07651136057735,1.94,bn215269,bn,G,g
661427690542,2458994.3822316,11.231064870628963,0.08325403915184576,13.77401328293913,0.008057430159973409,17.351627329155313,2.09,bn216424,bn,B,g
661427690542,2458997.3704239,8.760441412047888,0.04770792371688668,14.043750648532434,0.005919386522166202,17.956164321036297,1.50,bn216652,bn,G,g
661427690542,2459001.3606411,8.863671506295836,0.06291206505608572,14.031031491199112,0.007714938370653384,17.65580575916384,1.98,bn217626,bn,G,g
661427690542,2459002.3438491,12.21982136610039,0.09519477803971105,13.682403479096072,0.008467602080732642,17.206107797485714,1.94,bn217941,bn,B,g
661427690542,2459009.3162072,9.0865429434205,0.12448595040525148,14.004068913723113,0.014891341679715453,16.91483976309932,1.56,bn220682,bn,G,g
661427690542,2459014.6636845,8.880855382813376,0.05311418041658449,14.028928627276953,0.0065008157786650145,17.839614400334277,1.51,bn221335,bn,G,g
661427690542,2459016.5204291,9.73199803377657,0.036450976558754296,13.929560590994114,0.004071170848656973,18.248367691439782,2.02,bn222004,bn,G,g
661427690542,2459020.285257,12.168678053647312,0.07909981990733235,13.686957119432972,0.007065522215118135,17.40720187467463,2.01,bn223452,bn,G,g
661427690542,2459021.2980412,9.21872268288112,0.039316553971356985,13.988388745408876,0.0046357164893172514,18.166201997291243,1.50,bn223767,bn,G,g
661427690542,2459025.2788229,8.99502567466998,0.04112954841946807,14.01505960403673,0.004970083744910088,18.117255758408962,1.95,bn224922,bn,G,g
661427690542,2459031.3094555,9.10800560849694,0.09018002863602317,14.001507398853288,0.010762155236828306,17.264864689247982,1.53,bn225705,bn,G,g
661427690542,2459038.5263022,9.720660571741988,0.08144003876904579,13.930826175780687,0.00910656026073323,17.375545682102093,2.06,bn228113,bn,G,g
661427690542,2459047.3397838,8.96186475992209,0.05239735453626255,14.01906965764639,0.006355111102520489,17.85436720978946,1.51,bn229080,bn,G,g
661427690542,2459049.3962509,8.801586371237708,0.047710365361464176,14.038663234468252,0.005892016574837929,17.956108755547895,1.95,bn229945,bn,G,g
661427690542,2459051.4827226,8.70027889514235,0.05280660525962208,14.051232685942585,0.006597315404440371,17.8459199884226,1.56,bn230788,bn,G,g
661427690542,2459054.4311945,9.842500771311768,0.04688049137709347,13.91730197854238,0.00517724682259542,17.975160223731418,1.55,bn231983,bn,G,g
661427690542,2459060.2724563,11.68551023538982,0.09068368497145918,13.730946421908685,0.008435166356411661,17.258817712540917,1.94,bn233910,bn,G,g
661427690542,2459065.3784437,8.954695908155514,0.2982125146357628,14.019938516627652,0.0361982183395366,15.966325949236504,2.04,bn235628,bn,G,g
661427690542,2459072.3229072,10.528371327603043,0.05718841770515232,13.844162637846821,0.005904172797323716,17.759370409917587,1.95,bn236674,bn,B,g
661427690542,2459081.3684244,8.751114267980736,0.053547443767888434,14.044907235547704,0.006651009396474929,17.830793752840812,1.55,bn237957,bn,G,g
661427690542,2459083.259419,8.759019944322528,0.0518133299121647,14.043926834197656,0.00642981032342022,17.86653685095181,1.47,bn238292,bn,G,g
661427690542,2459096.2907369,10.360169074514408,0.0758497920164997,13.86164851476077,0.007957922840053195,17.45275462576815,1.93,bn240815,bn,G,g
661427690542,2459100.3978291,9.751106780994489,0.0478142838381673,13.927430841600287,0.00532986140111588,17.953746473185078,2.12,bn241627,bn,G,g
661427690542,2459103.3908391,8.647081646268337,0.07236535549062988,14.057891723207806,0.009096478825599587,17.503813861703733,2.02,bn242732,bn,G,g
661427690542,2459121.2926747,8.592339903389412,0.08989562632167214,14.06478700002989,0.01137206376898809,17.26829420498369,1.58,bn246719,bn,G,g
661427690542,2459128.3019653,9.85892211342787,0.04916413153927727,13.915492033149157,0.0054203971587800165,17.923519681534955,1.50,bn248115,bn,G,g
661427690542,2459130.3157728,9.917065551980746,0.05422977191725308,13.909107662439247,0.0059438352957252106,17.817046166796786,1.56,bn248871,bn,G,g
661427690542,2459135.3328921,8.62879605608638,0.05588508741533671,14.06019011117303,0.007039760800837908,17.784400774966457,1.49,bn249713,bn,G,g
661427690542,2459136.2659912,10.156013629106978,0.055992230828395925,13.883257434747204,0.005992619022410596,17.782321184213828,1.49,bn249940,bn,B,g
661427690542,2459146.2750398,10.135158389404886,0.16506157647474481,13.885489271997024,0.017702215411386474,16.60852563977948,1.53,bn252438,bn,G,g
661427690542,2459148.5022827,9.060803715225592,0.07464692248092468,14.007148816388684,0.00895483025220531,17.470110842746486,2.31,bF174464,bF,G,g
661427690542,2459148.5512555,9.089862756723786,0.1870190932730359,14.00367230708966,0.022363552515960415,16.472925743766375,1.62,bj321225,bj,G,g
661427690542,2459151.5318074,10.28631071337064,0.07628791637679164,13.869416525541347,0.008061359465630136,17.446501228103983,1.93,bF176210,bF,G,g
661427690542,2459153.5252917,10.426787231258656,0.09661736174561138,13.85468934370786,0.010072025939858354,17.190002675506683,2.01,bF175150,bF,G,g
661427690542,2459155.5144258,10.859043615074153,0.07563345532377765,13.810586678622062,0.007570673849373232,17.455855757325804,1.49,bF175501,bF,G,g
661427690542,2459156.5151569,9.017970979420191,0.053912322397887825,14.012293538839538,0.006498174652171532,17.823420510266846,1.94,bF175828,bF,G,g
661427690542,2459157.5119669,10.627802851282505,0.06192847220620527,13.83395689846031,0.00633372275415819,17.672914696522362,1.98,bF176704,bF,B,g
661427690542,2459157.5132598,10.560732475032514,0.08574342735606746,13.840830519298944,0.008825086496725781,17.319638513340085,1.97,bF176705,bF,G,g
661427690542,2459158.5223447,8.956762366785853,0.06920750047533396,14.019687992195067,0.008398742862028505,17.552257700497943,1.50,bF176991,bF,B,g
661427690542,2459159.5054367,10.884074756640773,0.1043526955352527,13.808086832170714,0.01042135831563403,17.10638143191631,2.03,bF177240,bF,G,g
661427690542,2459251.8850312,10.859780665184859,0.15021785053938558,13.810512987525353,0.015035319529875578,16.710836752972146,2.00,bj351694,bj,G,g
661427690542,2459254.8768103,9.381341437761593,0.04825602280292551,13.969403265843042,0.005591119249503328,17.943761798753574,1.54,bF203348,bF,G,g
661427690542,2459256.8715542,9.235855543208997,0.04810287614789082,13.986372793392487,0.00566116855106126,17.947213000662767,1.47,bF204005,bF,G,g
661427690542,2459258.8662653,9.364883140058565,0.046337523963888974,13.971309716307447,0.005378270408772809,17.987808552349236,2.08,bF204667,bF,G,g
661427690542,2459263.6069496,8.740890136643161,0.052736541891282275,14.046176468113941,0.006557950877610744,17.847361490762857,1.95,bn279228,bn,G,g
661427690542,2459268.6152704,11.565100644816948,0.07556881680382753,13.742192080899455,0.007102404102453017,17.45678405535492,1.94,bn280876,bn,G,g
661427690542,2459269.8493606,10.60490928474435,0.05993958372502901,13.836298227586765,0.006143543493952623,17.708356305231373,1.45,bF207352,bF,G,g
661427690542,2459271.8600708,11.17642890515841,0.1684554339546358,13.779307972648326,0.016383026645915167,16.586428049426424,1.95,bF207978,bF,G,g
661427690542,2459272.5995848,11.635120880425603,0.13184225631530008,13.735638373158942,0.012316743574517588,16.85250404438355,1.95,bn282053,bn,G,g
661427690542,2459273.8412501,10.659040385849135,0.145208577691042,13.830770353025306,0.014807656676419246,16.747659932552367,1.96,bj359448,bj,G,g
661427690542,2459275.833203,11.444789788987727,0.12041841806005876,13.753546071721985,0.011436608907734855,16.950908317515896,1.99,bj360195,bj,B,g
661427690542,2459275.8790837,12.372854910729162,0.15076478957253722,13.66889082168941,0.013244701603377927,16.706890796730246,1.96,bj360203,bj,B,g
661427690542,2459276.8980306,9.038698013872036,0.08760854412102717,14.009800930527987,0.010535441968110097,17.296274453223305,1.51,bF209732,bF,B,g
661427690542,2459277.892505,12.541226013743369,0.13497158155872954,13.654215635715188,0.011698078055840395,16.82703476930552,1.98,bj360911,bj,G,g
661427690542,2459278.8193525,9.526605976012942,0.06549926727549316,13.952720114765205,0.0074732654959692195,17.612049507263873,1.44,bF210356,bF,B,g
661427690542,2459279.8106956,9.43481646429948,0.0697184595610607,13.963231981675655,0.008032051772522463,17.544271154572833,1.93,bj361518,bj,G,g
661427690542,2459283.8208651,10.61679586547587,0.06043417981961979,13.83508195468982,0.006187302338976142,17.699434030263383,1.46,bF212065,bF,G,g
661427690542,2459287.8260426,10.93486169561703,0.08975173910006948,13.803032386177811,0.008921579519506171,17.270033430036456,2.11,bj364429,bj,G,g
661427690542,2459291.7745803,8.701744877257532,0.07824471752487074,14.051049756660042,0.009773741612164853,17.419003043890832,1.54,bj365641,bj,G,g
661427690542,2459291.8494441,12.180840798604544,0.07815009868979479,13.685872454579615,0.006973718879501376,17.42031678445992,1.50,bF214413,bF,G,g
661427690542,2459292.6271739,10.559897859175821,0.051568778432060695,13.84091632854221,0.005308102481894972,17.871673501681396,1.99,bn286654,bn,G,g
661427690542,2459293.7951487,10.166435878912251,0.05568371232116254,13.882143807678165,0.005953489992267486,17.788320158672796,1.98,bF214892,bF,G,g
661427690542,2459294.7783726,9.310027663220719,0.05376711890341068,13.977688193736968,0.006277373458090012,17.826348697572882,1.52,bj366273,bj,G,g
661427690542,2459294.8091884,9.335114507222839,0.051231485234796696,13.974766498532528,0.005965261267149762,17.878798245081093,1.53,bF215269,bF,G,g
661427690542,2459296.7832091,9.253031548392718,0.05150925756051229,13.984355515018356,0.006050808661196535,17.87292738611447,1.45,bF215991,bF,G,g
661427690542,2459297.7874152,10.022472076151903,0.04193454514082661,13.897628484967111,0.004547882696070942,18.096210769849975,1.46,bF216366,bF,G,g
661427690542,2459299.7534179,9.172193160021935,0.07394250516793303,13.993882642045804,0.008762603100894786,17.48040521054452,1.55,bF217048,bF,G,g
661427690542,2459300.7665449,9.648401913477455,0.09226066803073958,13.938927156962357,0.010393776680875993,17.240099124255668,2.12,bj368600,bj,G,g
661427690542,2459300.8031038,9.04352859528012,0.09892079173937889,14.009220831919237,0.011889452063305573,17.164421652200147,1.48,bF217425,bF,G,g
661427690542,2459304.7787125,9.091275832880486,0.08333070877222992,14.003503535707281,0.009963052384081173,17.350627922071876,1.97,bj369917,bj,G,g
661427690542,2459309.7667573,9.804130024484008,0.0614533802691331,13.921542966469252,0.006813164686681575,17.681276170365,1.95,bj371831,bj,G,g
661427690542,2459310.773187,9.369767728618495,0.06560473051375931,13.970743559531726,0.007610593106920366,17.610302721770122,1.53,bj372229,bj,G,g
661427690542,2459313.4828913,9.049175329773163,0.041134895123040464,14.008543115166425,0.004940985326909869,18.117114625511128,1.98,bn292534,bn,G,g
661427690542,2459314.7238496,9.56873643514566,0.03915498715666665,13.947929141339177,0.004447794015125137,18.170672896818694,1.95,bF222066,bF,G,g
661427690542,2459315.7215936,8.86475529950691,0.05720426269645133,14.030898742417499,0.007014130036126866,17.759069630518642,1.52,bF222467,bF,G,g
661427690542,2459317.4762651,8.947102558591535,0.04614757311067181,14.020859583306706,0.0056063295605023634,17.99226844513147,1.49,bn294104,bn,G,g
661427690542,2459318.7358834,9.37869798876285,0.06032497140578412,13.96970924476314,0.0069914417941389605,17.701397799632193,1.48,bF223693,bF,G,g
661427690542,2459319.7112975,8.85661953230838,0.056723095528865605,14.031895651258417,0.006961520520715237,17.76824080290076,1.46,bF224082,bF,G,g
661427690542,2459320.7062784,9.30055493888373,0.0502583129164312,13.978793466030528,0.0058736926296440424,17.899620846452496,1.57,bF224441,bF,G,g
661427690542,2459321.7672906,11.114497594473624,0.09694567088847805,13.785341031815523,0.00948092600056,17.186319560402097,1.95,bj376791,bj,G,g
661427690542,2459321.7967119,12.327178885765543,0.10036717765707684,13.672906376561142,0.008849937145706845,17.148661331734004,1.45,bF224879,bF,G,g
661427690542,2459322.8047738,9.010596678399637,0.0691478505907136,14.01318174540162,0.008341368484952358,17.55319389910328,1.51,bj377237,bj,G,g
661427690542,2459324.694802,9.493843883029617,0.04352691542614653,13.956460407548787,0.004983425594158776,18.05574588249131,1.41,bF226028,bF,G,g
661427690542,2459324.7535917,9.062902846178012,0.051352094398572044,14.006897311270121,0.006158897966674175,17.87624520888286,1.50,bF226073,bF,G,g
661427690542,2459327.7120864,9.079089222712932,0.07065807311686821,14.004959912154934,0.008459246462273542,17.529736136893593,1.50,bF226960,bF,G,g
661427690542,2459328.694837,9.385614668442585,0.10874303727718328,13.968908822171349,0.01259362947848031,17.06163696390203,1.50,bj379369,bj,G,g
661427690542,2459329.746513,10.76126923471723,0.11024052510197901,13.820406879568337,0.011134993011137228,17.046787428399853,1.45,bF227756,bF,B,g
661427690542,2459331.792533,12.468345824350454,0.15629146598656043,13.660543523672004,0.013625065476968469,16.667802449441734,2.00,bj380677,bj,G,g
661427690542,2459332.8658242,8.966135440495142,0.15075540484100125,14.01855238493856,0.01827594191130131,16.706958383200355,2.00,bj381149,bj,G,g
661427690542,2459336.6816907,9.494990893468566,0.07374430517160209,13.956329240915661,0.008442014778816906,17.483319391445246,1.46,bF229771,bF,B,g
661427690542,2459338.6597971,9.688159024243078,0.0685644487938851,13.934462475210523,0.007692542472669075,17.562393139039376,1.95,bj382706,bj,G,g
661427690542,2459341.691107,9.07580794107091,0.04809443102113688,14.00535237995945,0.005759989170902292,17.947403633439585,1.53,bF231407,bF,G,g
661427690542,2459345.5693273,8.6515214475922,0.05008337281994518,14.057334400385965,0.006292355517708674,17.903406690540542,1.47,bn301121,bn,G,g
661427690542,2459346.6441416,9.67767917502088,0.0314555087225505,13.935637570521614,0.0035329514165801635,18.408398828141138,1.59,bj385058,bj,G,g
661427690542,2459346.6863054,9.360196566569027,0.04767480558860224,13.971853199454094,0.005536255621196969,17.956918284623185,1.50,bF232847,bF,G,g
661427690542,2459348.4265301,11.99916821087082,0.07631891780054044,13.702187768402617,0.006913424662237457,17.446060102792554,2.19,bn302021,bn,G,g
661427690542,2459349.7175694,11.657418702132924,0.10240081047045009,13.733559633773364,0.009548016727911056,17.126882126545503,1.51,bj386116,bj,G,g
661427690542,2459350.6562232,9.764656254319535,0.03260662129019451,13.925923223775506,0.0036296187740942377,18.36937611297419,1.99,bF234069,bF,G,g
661427690542,2459352.3692323,10.464397471792411,0.052897209521040496,13.85078005426223,0.005494532009672194,17.84405870553091,1.56,bn302733,bn,G,g
661427690542,2459353.715382,11.267070715179875,0.07203929596123027,13.770538072094357,0.006949772886492844,17.508716961902387,1.97,bF235347,bF,B,g
661427690542,2459356.6126734,9.78558779556313,0.06603859098706323,13.923598327904616,0.007335387373704571,17.603146115208762,1.97,bF235721,bF,G,g
661427690542,2459356.7036732,9.266775657600052,0.07580722379408941,13.982743999353843,0.008891890700984484,17.453364130857114,1.56,bj387887,bj,G,g
661427690542,2459357.7194898,11.975820032360197,0.13661519086900428,13.704302469814012,0.012399549449010458,16.813893128382617,1.97,bj388332,bj,B,g
661427690542,2459357.9387105,9.973467211486694,0.10522852625650285,13.902950211696998,0.011468311918223395,17.09730689126086,1.50,bF236371,bF,G,g
661427690542,2459359.7078114,11.270628546441454,0.1243038219336206,13.770195280561081,0.011988049235329337,16.916429406508144,1.46,bF237032,bF,B,g
661427690542,2459359.71517,12.134699590726438,0.14246274927689073,13.68999304900228,0.012760992826698637,16.76838730844696,1.95,bj389198,bj,G,g
661427690542,2459360.8071532,8.942471543267304,0.1729049707786791,14.021421705253935,0.021016581905759297,16.55812191439503,2.06,bj389699,bj,G,g
661427690542,2459364.8692084,8.57455046407787,0.09442094003532289,14.067037220637477,0.011969310460075627,17.214969811785505,1.94,bj391057,bj,B,g
661427690542,2459364.913127,8.712376459131095,0.08850958919599786,14.049724040068874,0.011042460764216793,17.285164798841542,1.51,bF238838,bF,G,g
661427690542,2459366.6318518,9.465210600072634,0.03787629975046605,13.9597399187324,0.004349601162894288,18.206721749265622,1.47,bF239497,bF,G,g
661427690542,2459367.6886647,11.669672608897715,0.1015437877902521,13.732418941925362,0.009458164430127435,17.136007212841935,1.99,bj392235,bj,G,g
661427690542,2459368.668363,9.366430885083266,0.043615486372704015,13.971130290260707,0.005061494388127688,18.053538811892,1.46,bF240369,bF,G,g
661427690542,2459369.729353,12.281078860990366,0.07674252622219059,13.676974321964373,0.006792219992732748,17.44005038326808,1.44,bF240842,bF,G,g
661427690542,2459369.744264,11.987447243749916,0.11123600278046814,13.703248850104192,0.01008627576963577,17.037027175740196,1.93,bj393157,bj,G,g
661427690542,2459370.7283595,9.674738850381432,99.99,13.935967494868551,99.99,99.99,1.97,bj393513,bj,G,g
661427690542,2459371.8041572,10.878579901919506,0.0845420206128848,13.808635107455245,0.008447196370728929,17.334959052551802,1.47,bj394015,bj,G,g
661427690542,2459373.779121,11.474903876070945,0.06428263635106381,13.750692981806221,0.006089151732423776,17.632406412229756,1.51,bF242487,bF,G,g
661427690542,2459374.7332605,8.97013739386716,0.062416274924912335,14.018067884532261,0.007563292970147868,17.664395996671036,1.55,bj395275,bj,G,g
661427690542,2459375.7342058,11.607876349777234,0.09710719637533116,13.738183689200676,0.00909307587601881,17.184512072452623,1.52,bj395707,bj,G,g
661427690542,2459376.7334661,8.883306717650633,0.07705671856314618,14.028628978694078,0.009428617681252341,17.435614334510362,1.50,bj396150,bj,G,g
661427690542,2459376.7667409,9.061904666451728,0.044357814306119285,14.007016899836016,0.00532062710046239,18.035215265166954,1.95,bF243740,bF,G,g
661427690542,2459377.8729974,9.816218928999692,0.04709784346864484,13.920205032775963,0.005215175872540262,17.970138056523833,1.51,bj396705,bj,G,g
661427690542,2459380.7656523,9.018130146067005,0.04500377934188898,14.012274375829767,0.0054243119877693015,18.01951814487011,1.48,bF245330,bF,G,g
661427690542,2459384.5260583,9.974256631412652,0.04303094222462448,13.90286427690047,0.004689348290912271,18.068188472213308,1.54,bF246201,bF,G,g
661427690542,2459385.5659139,8.667895503140548,0.07951977527820421,14.05528145480762,0.009971802072897305,17.40145275124035,1.93,bF246651,bF,G,g
661427690542,2459387.5166694,8.600125298935515,0.11480273396109891,14.063803675498932,0.014509739806691445,17.002760034795987,1.99,bF247447,bF,B,g
661427690542,2459392.7125832,9.07780500634889,0.0927726910236688,14.005113497915353,0.011108399164438986,17.23409022593697,1.92,bF248996,bF,G,g
661427690542,2459394.5641125,9.618280484114802,0.040534908648091464,13.942322028208821,0.004580827455168337,18.133067614936614,1.48,bF249725,bF,G,g
661427690542,2459394.581412,9.66689042980148,0.040783076377605,13.936848632100382,0.004585697041580431,18.12644065473329,1.49,bj402415,bj,G,g
661427690542,2459395.7359905,11.431322337957635,0.10263326426980128,13.754824444618329,0.00975896686728961,17.124420256592007,1.51,bF250261,bF,B,g
661427690542,2459396.6009975,9.352882755897124,0.05882176599625776,13.972701896700414,0.00683604230252244,17.728795463644765,1.44,bj403303,bj,G,g
661427690542,2459397.8507998,9.855016441618442,0.06315718799140004,13.915922239353872,0.006965905920973039,17.651583648309142,1.95,bj403925,bj,G,g
661427690542,2459401.4997201,9.674738850381432,99.99,13.935967494868551,99.99,99.99,1.48,bj405385,bj,G,g
661427690542,2459403.2359231,9.456655747494683,0.025724469742406643,13.96072167324144,0.0029567937018535897,18.626774532867692,1.47,bn312185,bn,G,g
661427690542,2459405.3161973,9.03295757139211,0.035421919674403377,14.010490696489054,0.004262400913356513,18.279460376745714,1.54,bn312506,bn,G,g
661427690542,2459406.5469682,9.788032638442672,0.08904227418281022,13.923327100161949,0.009888103586145006,17.278650002542882,1.51,bj407331,bj,B,g
661427690542,2459406.7500415,9.035019107126983,0.04666975894487655,14.010242933938294,0.0056145978499493755,17.980051717177673,1.52,bF254546,bF,G,g
661427690542,2459408.7861776,8.813587206580783,0.051159566200198674,14.03718385722821,0.006309374699229175,17.88032347822249,2.04,bF255382,bF,G,g
661427690542,2459409.8291893,10.4099924853735,0.08962995018767911,13.856439582262375,0.009358686765291715,17.271507723788094,1.52,bj408836,bj,G,g
661427690542,2459410.6848383,8.774896872428888,0.07611685643544558,14.041960569551037,0.00942868215086925,17.44893850150518,1.54,bj409152,bj,G,g
661427690542,2459411.6090451,10.59288506917943,0.07821630130675747,13.837529971546056,0.008025926672144922,17.41939742349257,2.00,bj409519,bj,G,g
661427690542,2459411.6719667,11.740124095331444,0.06594971814209466,13.725883903505618,0.006105938545395202,17.604608251978625,1.52,bF256543,bF,G,g
661427690542,2459412.6236006,9.083596639119312,0.06720257932804698,14.00442101990959,0.008041559393305912,17.584175755948976,1.94,bj409960,bj,B,g
661427690542,2459413.5897561,9.941393674583544,0.04588334032988274,13.906447442286574,0.0050167207580009,17.9985030433588,1.97,bF257302,bF,G,g
661427690542,2459415.6263657,12.044859232333344,0.08328872757355067,13.69806130031683,0.007516171328960134,17.351175043215598,2.00,bF258156,bF,B,g
661427690542,2459416.6646289,8.934127326849442,0.12390454071735757,14.022435278203575,0.015074650682566106,16.919922555906428,2.00,bj411705,bj,G,g
661427690542,2459422.5254526,9.748508397120622,0.04571661163930842,13.927720196999012,0.005097392046955475,18.002455525248834,1.95,bj414139,bj,G,g
661427690542,2459424.5289257,9.499329399235949,0.03249960286924845,13.955833253399863,0.0037187525358898157,18.37294547612944,1.51,bF261763,bF,G,g
661427690542,2459425.640251,12.439361248655906,0.08042242359226981,13.663070421657736,0.007027344577450066,17.389197719527154,1.95,bF262254,bF,G,g
661427690542,2459426.5796202,9.29806120983571,0.062273500371607775,13.979084620158002,0.0072798603744230715,17.666882416572268,1.59,bj415873,bj,G,g
661427690542,2459427.575751,10.43182342721171,0.05027692076625108,13.854165053717862,0.005238664870159238,17.899218933297618,1.95,bF263022,bF,G,g
661427690542,2459429.6488598,12.20571277352435,0.07563557388836906,13.68365775762067,0.006735582086756419,17.455825345254127,1.98,bF263891,bF,G,g
661427690542,2459430.6361211,9.045236667509762,0.06244638446921192,14.009015785766152,0.007504115962122865,17.663872364976065,1.94,bj417589,bj,G,g
661427690542,2459431.6010823,12.088295844904076,0.11391457995991182,13.69415292168539,0.010242981905575817,17.011192328660986,1.57,bj417980,bj,G,g
661427690542,2459432.5558325,9.300447443590123,0.060756259302077745,13.978806014981354,0.007100670444665706,17.693663044024742,1.55,bj418353,bj,G,g
661427690542,2459434.2509387,11.168007427290789,0.07285672585175183,13.780126387014688,0.007090977851931149,17.49646648557421,1.51,bn319198,bn,G,g
661427690542,2459436.7513324,8.716424599096477,0.0825831756935785,14.049219678100808,0.010298296094406452,17.360411662864937,1.48,bj419917,bj,G,g
661427690542,2459438.561998,9.226887600697086,0.06114677490101305,13.987427546801253,0.007203283343014756,17.686706722100972,1.45,bF267208,bF,G,g
661427690542,2459439.6251205,12.129450766349159,0.07853212760289653,13.690462782223008,0.007037499875990738,17.41502220250255,2.02,bF267623,bF,G,g
661427690542,2459440.66963,9.032991706700797,0.1055947978549066,14.010486593528293,0.012706416425133297,17.093534303602972,1.49,bj421495,bj,B,g
661427690542,2459443.5233663,8.825552630318171,0.09606017469011706,14.035710849375251,0.0118307870036529,17.196282181218738,1.94,bj422067,bj,G,g
661427690542,2459447.4821792,8.53887089952401,0.12460059223872041,14.071564503676012,0.0158610462601074,16.913840345012375,1.97,bj422961,bj,G,g
661427690542,2459451.3392425,9.04134944911424,0.09165454351690597,14.009482484543422,0.011018764884978962,17.247255614535618,1.54,bn321947,bn,G,g
661427690542,2459456.6286362,8.780852733681384,0.0784549398332104,14.041223888453903,0.009711711504653215,17.416089877238242,1.50,bj425899,bj,G,g
661427690542,2459457.6294995,11.98300191303396,0.11173717993605467,13.703651550656378,0.010135478349555124,17.032146345744742,1.43,bj426313,bj,G,g
661427690542,2459458.5918312,9.020417927194009,0.06760429961759704,14.011998973751798,0.008146289336043182,17.577704816824205,1.94,bj426739,bj,G,g
661427690542,2459459.3101981,9.067146779460275,0.04750918845763352,14.006389006858997,0.005695333217009209,17.96069658156244,2.06,bn323416,bn,G,g
661427690542,2459459.6038252,12.269625305026892,0.11382283088679514,13.677987371626887,0.010083475679124737,17.0120671545884,2.01,bj426948,bj,G,g
661427690542,2459460.328123,10.994592324871608,0.07519593616005563,13.797117795962246,0.0074340831203494615,17.46215468519423,1.46,bn323803,bn,G,g
661427690542,2459460.6229749,8.878130032963005,0.0676517651789649,14.029261868276608,0.008282659422132676,17.57694277956326,1.96,bj427332,bj,G,g
661427690542,2459461.6318442,11.466713109896777,0.06765272527986081,13.75146825512399,0.006412959864924397,17.576927371112305,1.49,bF273752,bF,G,g
661427690542,2459462.6347293,8.76002396572835,0.07302056406051761,14.043802386494066,0.00906049785219399,17.494027652910372,1.55,bj428156,bj,G,g
661427690542,2459465.63793,11.252417472196765,0.06505901847743292,13.771951031264377,0.006284545041696416,17.619371844074916,2.06,bF275132,bF,G,g
661427690542,2459466.6080505,8.99167641615523,0.049070427575933225,14.01546394845209,0.005931866184859325,17.925591005869386,2.02,bF275497,bF,G,g
661427690542,2459467.6318031,11.259064185856964,0.06334091350019946,13.77130988485004,0.006114968161247376,17.648429805294075,1.95,bF275901,bF,G,g
661427690542,2459467.6513175,11.098621043288304,0.09540648011081407,13.786893065066232,0.009343745981428599,17.20369592780584,2.03,bj430022,bj,G,g
661427690542,2459473.4833711,9.554649662177367,0.06620213692759211,13.949528703478267,0.007531290736003268,17.600460590981793,2.25,bF277741,bF,G,g
661427690542,2459477.5758454,12.041909869729942,0.14486632820500986,13.698327191500653,0.013076281248264163,16.75022197996096,1.94,bj433413,bj,G,g
661427690542,2459477.5770858,12.102618111618591,0.16715720895142888,13.692867298054054,0.015012670543660308,16.594827833809408,1.97,bj433414,bj,G,g
661427690542,2459478.5497798,8.831260366900018,0.12901209330627406,14.035008899768492,0.01587888142535832,16.876064556430165,1.94,bj433787,bj,G,g
661427690542,2459479.6414964,10.948304492518803,0.21766063881358783,13.801698453692914,0.021609524200391,16.308190862812985,2.09,bj434239,bj,B,g
661427690542,2459480.5514942,9.059514445952129,0.07477734932402519,14.007303317685825,0.008971753178497422,17.468215445434126,1.97,bF280092,bF,G,g
661427690542,2459482.5096925,9.22993642827187,0.06143457320595034,13.987068847763444,0.007234796309314388,17.68160849764338,1.55,bj435268,bj,G,g
661427690542,2459483.4944462,10.532545512247152,0.07825942957445224,13.843732261193493,0.00807635697036606,17.41879891632974,2.07,bj435633,bj,G,g
661427690542,2459485.5144606,11.978691963630464,0.11277966624712436,13.704042129735019,0.010233721187511122,17.022063598864342,1.64,bj436409,bj,G,g
661427690542,2459486.6240631,8.914967615181471,0.05923876901268408,14.024766197579382,0.007222680899982625,17.72112554828757,1.57,bF282312,bF,G,g
661427690542,2459490.5545658,8.649011020554862,0.08130270695335533,14.057649496068482,0.01021764307479464,17.377378097538998,1.51,bj438006,bj,G,g
661427690542,2459493.2620064,9.190996634953475,0.04875303344313357,13.991659104537144,0.005765688941071864,17.932636504092805,1.52,bn330834,bn,G,g
661427690542,2459494.5145273,8.96374874801539,0.06909405428151626,14.01884143515472,0.00837844020687433,17.55403891933908,1.59,bj439435,bj,G,g
661427690542,2459496.5873154,9.002020693456812,0.05606403334333417,14.014215604929666,0.006769498621774025,17.78092976533498,1.60,bF284981,bF,G,g
661427690542,2459497.5512828,11.975377840918053,0.08240895226523387,13.704342559939004,0.007479926671567773,17.36270462988728,1.50,bF285302,bF,G,g
661427690542,2459501.5485768,12.14796724839933,0.13766830199568822,13.688806591368385,0.0123180657003074,16.80555572182155,1.94,bj441623,bj,G,g
661427690542,2459502.5695771,8.930157049591397,0.09198709307484686,14.022917880668038,0.011196440351304246,17.24332337458938,1.47,bF286986,bF,G,g
661427690542,2459503.5621086,11.902870534129255,0.10344439955638815,13.710936347625175,0.009446424239665976,17.11587315372504,1.52,bF287320,bF,G,g
661427690542,2459506.5040127,8.989487729004528,0.09175118783440164,14.015728262472358,0.011094019481459218,17.246111372821602,2.06,bF288295,bF,G,g
661427690542,2459509.5579418,11.493862392224852,0.1459999957677916,13.748900638951502,0.013806990388282177,16.74175850345412,2.01,bF289323,bF,G,g
661427690542,2459510.530436,8.81529207267214,0.07882111168147363,14.036973856942192,0.009718920336003774,17.411034221945012,1.64,bj444745,bj,G,g
661427690542,2459514.5484837,8.949699954154303,0.058653868867933084,14.020544433556537,0.007123613709713024,17.731898951703826,1.94,bF290911,bF,G,g
661427690542,2459515.5491086,11.266656182264546,0.06404847539778298,13.770578018739343,0.006179110014083661,17.63636862066706,2.01,bF291235,bF,G,g
661427690542,2459516.5456828,8.896117347894812,0.05707503602984583,14.027064364742847,0.006973613343333149,17.76152512564192,2.02,bF291554,bF,G,g
661427690542,2459517.5462423,11.17718256603307,0.0690933329868535,13.779234760594953,0.006719175289037826,17.55405025374152,2.03,bF291861,bF,G,g
661427690542,2459518.5163802,8.775356069508241,0.08519810762321088,14.041903753629816,0.010553034883981743,17.32656574007486,1.51,bj447409,bj,G,g
661427690542,2459521.5108031,11.753866548083046,0.12754645591929806,13.724613733578103,0.011795050719612272,16.888469622562106,2.33,bj448156,bj,G,g
661427690542,2459524.2705667,10.61393477192994,0.08320915453696381,13.835374586433858,0.008521319862596662,17.352212838198064,1.50,bn337062,bn,G,g
661427690542,2459525.5096757,12.355088113138903,0.15220331807457588,13.67045100473311,0.013390304277600547,16.6965803107472,1.96,bj449436,bj,G,g
661427690542,2459528.5065112,9.360985440838695,0.17827014402562366,13.971761697821798,0.02069994627218059,16.524944073058393,2.12,bj450423,bj,B,g
661427690542,2459618.8815803,9.48904459079142,0.0856475033984844,13.95700940360473,0.009810799338007168,17.320853841643252,1.47,bF317591,bF,G,g
661427690542,2459620.8753681,9.587761913202407,0.05829499956193417,13.945772519940515,0.006608855177282959,17.73856235300936,1.52,bj477523,bj,G,g
661427690542,2459622.8710107,9.638186245877058,0.038580070777068404,13.940077336674307,0.004350907781869258,18.18673306133335,2.03,bF318908,bF,G,g
661427690542,2459624.865074,9.541991715953937,0.058582387071825094,13.95096803432532,0.0066732931218438495,17.733222951400187,1.57,bF319571,bF,G,g
661427690542,2459629.8711198,8.864977238836168,0.0869738787850478,14.030871560105018,0.010664079807470266,17.304168514461253,1.52,bF321214,bF,G,g
661427690542,2459630.8702067,9.338609565801974,0.08588821700701275,13.974360075939305,0.009996858414360852,17.317806643652165,1.51,bF321561,bF,G,g
661427690542,2459633.6120601,8.984869721982683,0.07914453025035294,14.016286161417169,0.009574614432652851,17.40658834705879,1.49,bn355552,bn,G,g
661427690542,2459637.6313368,9.00752807749717,0.06320147035352547,14.013551560926278,0.00762664848704585,17.650822656282322,1.49,bn356593,bn,G,g
661427690542,2459639.6434818,9.320285028312814,0.07818474485116549,13.976492637445926,0.009118113669091103,17.41983555338539,1.58,bn357145,bn,G,g
661427690542,2459640.8323937,9.534949495525812,0.05910927135324081,13.951769629711423,0.006738285087173394,17.723501596982047,1.45,bF324938,bF,G,g
661427690542,2459640.9021734,9.03679566171714,0.14868797708785678,14.010029466760907,0.017884366588536357,16.72195097923446,1.53,bj484683,bj,G,g
661427690542,2459641.8992506,10.572809511580736,0.06438974957665114,13.839589603103988,0.006619702942612305,17.630598771327577,2.31,bF325198,bF,G,g
661427690542,2459643.9034767,11.189173469846718,0.1078775079680065,13.778070604965432,0.010479608806743795,17.070313347826257,1.97,bj485371,bj,G,g
661427690542,2459644.6463872,11.881598127771838,0.12802345693044032,13.712878474500599,0.011711886730192477,16.884416736499738,1.54,bn358209,bn,G,g
661427690542,2459646.8386964,9.378029993433017,0.037632082449926794,13.969786578796581,0.004361730286021265,18.213744982498206,1.96,bj486416,bj,G,g
661427690542,2459647.8407397,8.40604759187079,0.08228364224794392,14.088586011062421,0.010639809089392419,17.36435684320322,1.97,bj486785,bj,G,g
661427690542,2459648.8288611,9.299703668070547,0.049015989596204054,13.97889284696518,0.005729026586515444,17.926796173583295,1.51,bj487147,bj,G,g
661427690542,2459650.8183543,9.497975243801031,0.05162630728001707,13.955988039103698,0.005908159365644524,17.87046295644886,1.93,bj487881,bj,G,g
661427690542,2459651.8154464,8.51815000594463,0.06119132352774729,14.074202412786349,0.007808304401297997,17.685915994442514,1.47,bF328582,bF,G,g
661427690542,2459652.8182593,9.448177508250396,0.041984137800316824,13.961695512237293,0.0048300248753581415,18.09492751443462,2.02,bj488613,bj,G,g
661427690542,2459655.5419629,9.363625986807387,0.10706329751751366,13.97145547663386,0.01242821420243813,17.078539072958577,1.97,bn360376,bn,G,g
661427690542,2459656.8079688,10.105395211068599,0.40027494220144877,13.888682364855818,0.04305437341412107,15.646744602731141,2.07,bj490088,bj,B,g
661427690542,2459658.8367251,9.379436879594582,0.0710121854042426,13.969623709550454,0.008229402152704303,17.524308415709676,1.98,bF331011,bF,G,g
661427690542,2459659.8622157,10.462299467366611,0.10601867789271588,13.850997755065858,0.011014566512943958,17.089184651319023,1.48,bF331390,bF,G,g
661427690542,2459660.8711451,9.323033778163884,0.0822668986065477,13.976172478006104,0.00959135664327172,17.3645777987544,1.95,bF331762,bF,B,g
661427690542,2459660.8724319,9.214234143789337,0.0961567561729524,13.98891751239299,0.011343125386271883,17.195191101250106,1.91,bF331763,bF,B,g
661427690542,2459661.5788042,9.315440211526527,0.08509513867967718,13.977057165312816,0.009929183576501499,17.327878735463834,2.48,bn361542,bn,G,g
661427690542,2459661.5800561,9.621481622422685,0.16183805854900285,13.941960735613815,0.01828314391782246,16.6299389617281,2.43,bn361543,bn,G,g
661427690542,2459665.8399694,9.421666456542395,0.048899069137502665,13.964746308805394,0.005641375902144472,17.929389131950817,1.94,bj493470,bj,G,g
661427690542,2459666.7582571,9.702167137266153,0.030716067883298517,13.932893742638548,0.0034411930690920736,18.434226564642323,1.96,bF333230,bF,G,g
661427690542,2459667.7584126,8.646243008893672,0.054824305078960994,14.057997028460465,0.006892199987219353,17.805207772642397,1.45,bF333597,bF,G,g
661427690542,2459667.8200857,8.723590548513808,0.0734001941735735,14.048327439063645,0.009145640124922692,17.4883975894313,1.95,bj494240,bj,G,g
661427690542,2459669.7504319,8.411161274354324,0.07839739639585475,14.08792572189942,0.010131129165203593,17.416886511800257,1.53,bj494967,bj,G,g
661427690542,2459670.7753512,9.58597813215766,0.04118722342440113,13.945974537456413,0.004670229839487722,18.115734322380565,1.97,bj495380,bj,G,g
661427690542,2459670.8070545,9.428669708211823,0.04221352011775341,13.96393956624421,0.00486646180400142,18.08901168947991,1.94,bF334763,bF,G,g
661427690542,2459671.8263015,9.46405464987086,0.03995061364342469,13.959872523666606,0.004588369536495998,18.148831975226642,1.51,bF335157,bF,G,g
661427690542,2459672.8588578,9.278009634410399,0.04214103046992619,13.981428574381667,0.004936992922728791,18.09087773355084,1.93,bF335563,bF,G,g
661427690542,2459672.8763076,8.921427146606662,0.06638237814959302,14.023979788943064,0.008087804526397768,17.59750859404978,1.97,bj496238,bj,G,g
661427690542,2459675.7560795,8.235793313821489,0.08956018721156159,14.110802024804677,0.011820115666867541,17.272353129610632,1.93,bj497346,bj,G,g
661427690542,2459676.7364706,9.620830862408834,0.028908859668933536,13.942034173118634,0.003266108094256748,18.500063209077812,1.51,bF337022,bF,G,g
661427690542,2459677.7974705,9.112937691222134,0.04936179463998171,14.000919620183183,0.005887686981592894,17.919163259199692,2.22,bF337460,bF,G,g
661427690542,2459677.8614034,11.648664453007532,0.09862562311216841,13.734375283971183,0.009202923192167225,17.167666211245223,1.93,bj498246,bj,G,g
661427690542,2459678.8530534,9.063075965787865,0.06474292743932576,14.006876571730466,0.007764775169303222,17.624659779629926,2.01,bj498648,bj,G,g
661427690542,2459679.7293038,8.570359581239842,0.054386111687280185,14.067568012960766,0.006897649769552603,17.8139205858936,1.98,bF338195,bF,G,g
661427690542,2459680.7628731,9.503652360493424,0.05288430132423998,13.955339268225398,0.0060485099876923,17.84432368372156,1.98,bj499380,bj,G,g
661427690542,2459681.7652651,8.571095751274193,0.05860085555419359,14.067474755247913,0.007431556474521268,17.732880719871666,1.94,bF338996,bF,G,g
661427690542,2459681.7759452,8.374955176144727,0.08093529605977479,14.09260939399662,0.010504312684758337,17.382295712200527,1.93,bj499664,bj,G,g
661427690542,2459682.7466698,9.80357651300934,0.07421838941779123,13.921604265575988,0.008228850185806243,17.47636179726164,1.96,bj500187,bj,G,g
661427690542,2459682.7887875,9.699240628168404,0.0518205470202837,13.933221287623272,0.005807329017098868,17.866385628671544,2.25,bF339407,bF,G,g
661427690542,2459683.8340822,10.880352605947687,0.09663129256508513,13.808458197218744,0.009653548691086072,17.18984613940924,2.01,bj500669,bj,G,g
661427690542,2459684.9002956,9.07261934233099,0.07117732075914945,14.005733898101596,0.008527488047260891,17.521786520543774,1.96,bj501088,bj,G,g
661427690542,2459689.7630748,9.04465597710939,0.11480217044620562,14.009085490612282,0.013796541094777038,17.002765364198886,1.99,bF341934,bF,G,g
661427690542,2459692.8546006,8.936139131570528,0.0837825333151109,14.022190817469104,0.010190975056884611,17.344756891702048,1.97,bj503858,bj,G,g
661427690542,2459694.8086523,9.194831430397004,0.05792622012187173,13.991206193055925,0.006847682115521542,17.745452635774186,1.95,bj504617,bj,G,g
661427690542,2459696.8770331,8.679520688885127,0.07010808240246688,14.053826265539126,0.008779797885794785,17.538220390332565,1.96,bj505282,bj,G,g
661427690542,2459699.6996825,8.373910042250065,0.08661349356424146,14.092744894485152,0.01124266934147357,17.30867672077563,1.49,bF345590,bF,B,g
661427690542,2459700.8639254,9.069091847077484,0.04581230811328793,14.00615612170742,0.005490735778104128,18.000185179119818,1.95,bF346096,bF,G,g
661427690542,2459702.866762,8.977142499571563,0.052315137550716366,14.017220324644322,0.0063343407937597835,17.856072182604418,1.97,bF346744,bF,G,g
661427690542,2459703.821844,11.973758966476094,0.07300803070157122,13.704489343567108,0.006627539048730186,17.494214026293353,1.97,bF347107,bF,G,g
661427690542,2459704.7125903,9.59439740243755,0.03529781804438143,13.945021364549959,0.003998916442293081,18.283270961327645,1.47,bF347427,bF,G,g
661427690542,2459704.7974971,9.178866457164956,0.054630830283946386,13.993092993841962,0.006469354090973454,17.809046108920317,1.93,bj508354,bj,G,g
661427690542,2459706.6697505,9.871043435393023,0.03172018005367634,13.914157964954228,0.003492888751401811,18.39930150183204,1.46,bF348176,bF,G,g
661427690542,2459708.6906124,9.675197572133316,0.04927848194726636,13.9359160165791,0.005536172975760202,17.920997309780976,1.94,bj509589,bj,G,g
661427690542,2459709.6613721,9.02435455310507,0.10326856920640895,14.01152524792913,0.012438390372301237,17.117720211740334,1.59,bF348995,bF,B,g
661427690542,2459709.6626609,8.931695077482592,0.10902405041852813,14.022730902010096,0.013267851354172685,17.058834829620356,1.98,bF348996,bF,B,g
661427690542,2459709.6639652,8.735820792796323,0.10282336745911937,14.04680633151621,0.012793821267376665,17.122411054236764,1.98,bF348997,bF,B,g
661427690542,2459711.393121,9.467487781007774,0.07789956747146139,13.95947873907927,0.008943602026465911,17.423802995671526,1.59,bn371493,bn,G,g
661427690542,2459711.3943612,9.68359804803249,0.11819817435623295,13.934973736741824,0.013267411125172632,16.971113689815493,1.54,bn371494,bn,G,g
661427690542,2459711.3955911,9.681693997346779,0.10879265131433571,13.935187242096351,0.012214069345283482,17.06114170946646,1.57,bn371495,bn,G,g
661427690542,2459712.6280931,10.20410691695513,0.19107949746849018,13.87812812121275,0.0203540699479447,16.44960538535335,2.01,bj511160,bj,B,g
661427690542,2459713.7073952,9.54876931143452,0.05092275326981271,13.950197118897377,0.005796644255009252,17.88536091927677,2.01,bj511618,bj,B,g
661427690542,2459713.7504059,8.96232764925955,0.15173413043435008,14.019013579726547,0.018402407175959333,16.699932411088657,2.10,bj511651,bj,B,g
661427690542,2459713.7516585,8.549191066095167,0.1663469307100153,14.070253064161069,0.02114958945339421,16.60010363131257,2.06,bj511652,bj,B,g
661427690542,2459713.7528989,9.08007683134049,0.21411436503845965,14.004841813951423,0.025631171387591467,16.326026098184446,2.04,bj511653,bj,B,g
661427690542,2459714.8360571,8.844840823871996,0.11153864276103602,14.033340568437541,0.013707160771940842,17.034077222568904,2.00,bj512142,bj,G,g
661427690542,2459716.5312433,11.23023377669093,0.19084751615740211,13.77409362992108,0.018471828500628673,16.450924331278955,1.98,bn373457,bn,G,g
661427690542,2459719.7899901,11.792806506343016,0.08368402695587733,13.72102269029665,0.007713252889900192,17.346034184706465,1.97,bF352734,bF,G,g
661427690542,2459721.8064976,12.096205899209668,0.11081555015208966,13.693442695546494,0.009957807096834678,17.041138844229373,1.95,bj514601,bj,G,g
661427690542,2459722.5483576,10.845811504186086,0.13746118564681487,13.811910491525436,0.013776224320986059,16.807190397646195,1.52,bn374297,bn,B,g
661427690542,2459722.7882101,9.167615807112995,0.049470565737945664,13.994424610382257,0.005865467662951514,17.916773419144874,1.96,bF353751,bF,G,g
661427690542,2459723.831186,12.673331594403141,0.15354670291271022,13.642838626733596,0.013169275093868582,16.687039373108757,1.59,bj515445,bj,B,g
661427690542,2459724.9115625,9.026043585250937,0.0768609562183058,14.011322056471185,0.009255939974088946,17.438376153518234,1.54,bF354624,bF,B,g
661427690542,2459725.5829895,8.828772035965843,0.04334664959387626,14.035314864213053,0.005336633824009511,18.060251773816084,1.45,bn375317,bn,G,g
661427690542,2459726.5938966,10.004086918075878,0.04274262604659681,13.89962198144016,0.00464403963280848,18.07548760872332,1.48,bF355219,bF,G,g
661427690542,2459727.5896767,8.793041299497474,0.04767237996337216,14.039717839847086,0.0058930468472807715,17.956973526717995,1.51,bF355630,bF,G,g
661427690542,2459733.3325922,9.612619483412475,0.04729401577464753,13.942961244637129,0.00534781793601562,17.965625131715292,1.52,bn377149,bn,G,g
661427690542,2459737.3226582,9.325974193880871,0.06631647350308258,13.975830098847684,0.0077292861715414505,17.598587052013364,1.54,bn378592,bn,G,g
661427690542,2459737.3251618,9.19856370336176,0.07998247125998824,13.990765571418645,0.009451200379150943,17.395153564874295,1.53,bn378594,bn,G,g
661427690542,2459737.8057296,12.023726410386324,0.07136113731757529,13.699967908053024,0.006451115981735638,17.51898620397174,1.99,bF356815,bF,G,g
661427690542,2459739.3074868,10.261714342433315,0.10580399348335628,13.872015819937246,0.011207127474521777,17.091385461214728,1.52,bn379235,bn,G,g
661427690542,2459739.5531503,8.805099873492036,0.06357212624030444,14.03822990628819,0.007847740310788503,17.644473768606606,1.53,bF357444,bF,G,g
661427690542,2459740.3472254,8.407627942559733,0.09322511099530513,14.088381910066094,0.012052346164517651,17.228808338663196,1.58,bn379468,bn,G,g
661427690542,2459741.5556979,8.812856672483866,0.08233501559269313,14.037273854657498,0.010155002570891367,17.363679181231042,1.93,bF358290,bF,G,g
661427690542,2459742.5871473,10.641507121646173,0.12056786053853752,13.832557772247789,0.012315174986625804,16.949561725243875,1.99,bj520149,bj,G,g
661427690542,2459742.6649291,9.411799598390845,0.06307713314637892,13.965883943914218,0.007284696250628439,17.652960745353347,1.96,bF358791,bF,B,g
661427690542,2459743.6961572,8.949449433703537,0.16040019020002821,14.020574825964305,0.0194814255466403,16.639628414122107,2.05,bj520662,bj,G,g
661427690542,2459747.5251195,8.997768437020012,0.13695653265829005,14.014728591922765,0.01654474633457112,16.811183730449464,1.93,bn380460,bn,G,g
661427690542,2459749.6857821,9.114602624876907,0.050272605389369306,14.000721274304233,0.0059952296925869205,17.89931212838465,1.92,bF361618,bF,G,g
661427690542,2459757.8754037,10.397134542330509,0.10285260592665527,13.857781462478604,0.010752607878130201,17.122102362244537,2.15,bj525307,bj,B,g
661427690542,2459758.8156732,8.649109612771275,0.06821370577577798,14.057637119563411,0.008572597144045102,17.56796150233889,1.97,bj525594,bj,G,g
661427690542,2459759.7514484,12.222321298111368,0.07511020149392793,13.682181381815937,0.006679706855323845,17.463393293844092,1.98,bF364256,bF,G,g
661427690542,2459761.452529,9.002143487670425,0.04635639069504781,14.01420079478662,0.0055972648357895255,17.98736657525845,1.51,bn383249,bn,G,g
661427690542,2459762.5557987,9.940318892902118,0.050929946039403415,13.906564829496643,0.005569100709523551,17.885207571345433,2.10,bj527076,bj,G,g
661427690542,2459764.5131184,10.745576064106396,0.06089950710636675,13.821991365464514,0.006160220357201356,17.691106167292318,1.96,bF366114,bF,G,g
661427690542,2459765.6987212,11.01829287315844,0.09122004050374528,13.794779842253833,0.008998872972454504,17.252414959588535,1.49,bj528476,bj,G,g
661427690542,2459765.7572166,12.144244130397412,0.07455633749643659,13.689139399607033,0.006673078736608324,17.471429197444166,1.51,bF366708,bF,G,g
661427690542,2459766.8281378,8.823501209210757,0.06067826646056132,14.035963248421432,0.007474882803697304,17.695057699504446,1.47,bF367181,bF,G,g
661427690542,2459769.3376117,9.372964614596917,0.07574814515680507,13.970373178648154,0.008784300781377954,17.454210604579824,1.67,bn384970,bn,G,g
661427690542,2459776.2231616,8.732962940224606,0.05820362633576755,14.047161579377775,0.0072443695991343355,17.740265501683833,2.35,bn386082,bn,G,g
661427690542,2459777.3682467,9.11648117906221,0.07145862806066879,14.000497523009933,0.008520000236874808,17.517503926703387,1.47,bn386610,bn,G,g
661427690542,2459779.259203,9.49726846302553,0.046206377838477,13.9560688359062,0.0052882914632777596,17.99088579869434,1.53,bn387016,bn,G,g
661427690542,2459781.5443602,8.818801384470504,0.0667540928367677,14.036541718263464,0.00822773905413911,17.5914458654918,1.48,bn387339,bn,G,g
661427690542,2459782.7750462,8.78292158340478,0.06938928650909551,14.040968109141696,0.008587477047773885,17.549409556672227,1.98,bj531272,bj,G,g
661427690542,2459783.7779132,11.023568772800557,0.08906684603092997,13.79426008258421,0.008782254745207989,17.278350427257138,2.26,bj531698,bj,G,g
661427690542,2459784.7921285,8.657757763907593,0.08005802408248966,14.056552046063967,0.010051054068153445,17.39412844381753,1.97,bj532135,bj,G,g
661427690542,2459784.8013626,8.886799394234046,0.04934163313012021,14.028202180402262,0.006035042262666746,17.919606811809736,1.96,bF370227,bF,G,g
661427690542,2459786.4920909,10.345748086909657,0.03914662823591017,13.863160873837685,0.0041128667069478125,18.170904707692248,1.56,bF370781,bF,G,g
661427690542,2459787.6180866,8.864892699774675,0.052805096022450516,14.030881914057991,0.006474623601944161,17.845951019708323,2.11,bF371256,bF,G,g
661427690542,2459789.4739374,8.876906963640453,0.0475923586766651,14.029411451816962,0.005827573146867139,17.958797539039942,2.06,bF371954,bF,G,g
661427690542,2459790.5944787,9.627178851950818,0.030296652993053143,13.941318021950245,0.003420643270898972,18.449153979702682,2.07,bF372442,bF,G,g
661427690542,2459792.313125,10.080575857005384,0.05459261546709069,13.89135226711353,0.005886548572472,17.809805858104685,1.52,bn389873,bn,G,g
661427690542,2459793.6380269,9.76753711492477,0.0509374027775791,13.925602946925535,0.005668444511456452,17.88504861853641,2.11,bj535677,bj,G,g
661427690542,2459794.641221,9.43516308550531,0.03835715889267081,13.963192094065649,0.004418849323105232,18.193024532487783,2.01,bF373979,bF,G,g
661427690542,2459796.6895639,9.098706366175819,0.048261966904033914,14.002616498064269,0.005765507487230415,17.943628067709113,1.97,bF374637,bF,G,g
661427690542,2459797.6014125,8.65791955053518,0.07873235539542738,14.056531757212905,0.00988443547776473,17.412257500939024,1.99,bj537158,bj,G,g
661427690542,2459804.6539414,9.470835656616387,0.10365831642868485,13.959094870907713,0.011896741444979462,17.113630234074723,2.00,bj539543,bj,G,g
661427690542,2459806.55236,9.465412918668559,0.039919789267222866,13.959716711401242,0.004584171410512874,18.149670011387055,2.08,bj540306,bj,G,g
661427690542,2459807.742962,11.133096708690841,0.08170548131419202,13.783525668220573,0.007977143116610816,17.3720126296994,2.00,bF378488,bF,G,g
661427690542,2459808.6292313,9.204072289029797,0.049774650930287066,13.990115569856055,0.005878146080018152,17.910120053936748,1.97,bj541151,bj,G,g
661427690542,2459810.4956527,10.172327650685268,0.06593006949887126,13.881514771395427,0.0070449086464182634,17.6049317775751,1.98,bj541651,bj,G,g
661427690542,2459811.5418302,8.287954198528642,0.11034098438531667,14.103947266334005,0.014471104656204263,17.04579847616339,1.45,bj542099,bj,B,g
661427690542,2459815.5618766,8.489164729170732,0.0772902061403251,14.077903219804737,0.009896273227224183,17.432329447431908,1.94,bj542620,bj,G,g
661427690542,2459816.600274,9.401406541079067,0.046646260596380135,13.967083539524426,0.0053930714461113945,17.98059852593311,1.99,bF381719,bF,G,g
661427690542,2459817.6274922,11.005921006020662,0.0888849417114903,13.795999643837538,0.008778371844106026,17.280570131556978,1.54,bj543473,bj,G,g
661427690542,2459818.7106993,9.199264034183994,0.06861823945676565,13.990682912254723,0.008107718466459333,17.56154168359838,2.05,bj543943,bj,G,g
661427690542,2459819.6571745,12.622554205442878,0.12045170171870222,13.6471975113413,0.01037236684483908,16.9506082614236,1.95,bj544317,bj,G,g
661427690542,2459820.6528498,9.07972414021616,0.04942671337032327,14.004883987268569,0.005916995672593698,17.917736278927098,2.03,bF383236,bF,G,g
661427690542,2459821.6782981,11.981792582485133,0.10764856797576085,13.70376112922687,0.00976559327092462,17.07261996924736,1.99,bj545147,bj,G,g
661427690542,2459822.7020889,9.24944469284515,0.08407394633200871,13.984776472616382,0.009880022780677048,17.34098702852462,1.53,bj545582,bj,G,g
661427690542,2459824.5613208,9.312631772033155,0.060091949274397816,13.977384544814315,0.007013842892830657,17.70559988151459,1.94,bj546277,bj,G,g
661427690542,2459826.2845756,10.979153708678268,0.08328344525401273,13.79864345911363,0.008245215102526415,17.35124390472436,1.51,bn396712,bn,G,g
661427690542,2459829.5738617,8.787261837635699,0.1481182431455081,14.040431703671214,0.018321758626333413,16.72611923101542,2.03,bj548239,bj,G,g
661427690542,2459830.270661,10.975835998436644,0.1070770277442359,13.798971599386224,0.01060402812611421,17.078399842720145,1.43,bn397516,bn,G,g
661427690542,2459832.3944766,11.60184093870446,0.21779651418890275,13.73874835479988,0.02040498079230798,16.307513299851458,1.59,bn398379,bn,G,g
661427690542,2459833.5581932,8.97247603938424,0.11712282345006639,14.017784854177535,0.014188660547516739,16.981036778274824,2.08,bj548629,bj,G,g
661427690542,2459835.4059365,9.251578507691171,0.1547951845026822,13.98452602592295,0.018186694863922454,16.678246996034332,1.49,bn399109,bn,G,g
661427690542,2459837.2736036,9.149411657589887,0.03976717320655334,13.99658270189132,0.004724368067113402,18.153828809261846,1.38,bn399720,bn,G,g
661427690542,2459840.6124503,9.003201846910766,0.059323565727112136,14.01407315503022,0.007162133844864314,17.719572493874477,2.08,bj551327,bj,G,g
661427690542,2459841.5368155,8.495367735603429,0.0782280882178605,14.077110165421198,0.010009046496625582,17.419233819336615,2.19,bj551659,bj,G,g
661427690542,2459842.5500737,9.15347568660753,0.03961112235350072,13.996100541516164,0.0047037397869029085,18.158097741418164,1.93,bF391374,bF,G,g
661427690542,2459843.522792,8.516224635787733,0.0794328804248872,14.07444785110032,0.010138305541581029,17.40263983298157,2.01,bj552306,bj,G,g
661427690542,2459844.5233423,9.302998121704247,0.044581628956414425,13.97850828910226,0.005208889834221689,18.029750778927237,1.96,bj552700,bj,G,g
661427690542,2459845.5314032,8.644935471409218,0.05357574122911417,14.05816123251287,0.006736256335121124,17.830220140716207,1.98,bF392389,bF,G,g
661427690542,2459846.5772833,9.106061993763035,0.05741389498185098,14.001739115671166,0.006853281652564208,17.755098084991417,1.94,bj553497,bj,G,g
661427690542,2459848.5057253,9.621836975443859,0.04112994718897233,13.94192063653853,0.004646354375982053,18.117245231758268,1.95,bj554180,bj,G,g
661427690542,2459849.5249785,8.673047037475826,0.08625458524424008,14.05463636789965,0.01080992453471308,17.31318513343133,1.52,bj554577,bj,B,g
661427690542,2459850.6212965,9.02479040534323,0.07168869422770015,14.011472811034631,0.008634271847424416,17.514013936417566,2.08,bj555029,bj,B,g
661427690542,2459853.5248284,8.828768284255894,0.0634397167403726,14.035315325587316,0.0078104002311623535,17.64673752349176,1.97,bF395151,bF,G,g
661427690542,2459858.5860731,8.901694399498764,0.19112148211174906,14.02638392075048,0.02333721335541598,16.449366849871506,1.94,bF396737,bF,G,g
661427690542,2459859.5042491,8.744607996625039,0.08857655404639025,14.045714758048078,0.011010083371497162,17.284343659878868,2.07,bF396970,bF,G,g
661427690542,2459862.5954575,8.873001754078908,0.301544231013378,14.029889203848702,0.03693963751806189,15.954263050963657,2.25,bj559001,bj,G,g
661427690542,2459863.5631167,11.04129855978226,0.10626881418883373,13.792515238576629,0.010461593807523538,17.086626025223424,2.06,bF398378,bF,B,g
661427690542,2459864.539814,9.503264255277529,0.052217437705482914,13.95538360786162,0.005972483026657022,17.85810171817831,1.98,bF398701,bF,G,g
661427690542,2459865.5210365,8.989728619577953,0.06411149032317705,14.01569916847717,0.007751780445677576,17.635300930127833,1.95,bj560019,bj,G,g
661427690542,2459868.4963975,9.103029015281933,0.05202079189478842,14.002100804738898,0.006211596043597046,17.86219821387448,2.01,bF400038,bF,B,g
661427690542,2459870.3207488,11.147195799071696,0.07040883645744651,13.782151548476085,0.0068655243305099775,17.533572692852402,1.67,bn407246,bn,G,g
661427690542,2459875.4927167,8.69837193198079,0.1077752541544169,14.051470688184772,0.01346769444917942,17.071342972253195,2.35,bF402373,bF,B,g
661427690542,2459878.5485864,9.127764482209646,0.04369142358845174,13.999154557942944,0.005202881593417052,18.051650122777858,2.06,bF403371,bF,G,g
661427690542,2459879.5404101,11.15446934949277,0.06692201547904598,13.781443336129007,0.006521271330238928,17.588718081289844,2.19,bF403695,bF,G,g
661427690542,2459880.5330678,9.063496325579642,0.06475346329420513,14.006826214736579,0.0077656785752964206,17.624483108155903,2.06,bj565108,bj,G,g
661427690542,2459884.5210757,8.875231237368713,0.0824972654702727,14.029616429568632,0.01010350472346031,17.36154172827505,1.99,bj566374,bj,G,g
661427690542,2459885.5175864,10.467663017691189,0.09842335892165234,13.850441289577201,0.01022022887922101,17.169895155839917,2.23,bj566681,bj,G,g
661427690542,2459886.5145515,9.04604916820831,0.09648834691514953,14.008918262413372,0.011593861143253337,17.191453446632988,2.25,bj567017,bj,G,g
661427690542,2459887.5152198,10.946771377713294,0.11629895081157636,13.801850502332798,0.011547870937857098,16.988701119522144,1.94,bj567354,bj,G,g
661427690542,2459888.5132406,9.16361920439378,0.1483224289409701,13.994898037986488,0.01759348875827078,16.724623539185217,2.17,bj567688,bj,G,g
661427690542,2459889.505154,10.166920569531488,0.10060412172492392,13.882092045820269,0.010755695933186833,17.146101176398847,2.17,bF406879,bF,G,g
661427690542,2459894.2573835,11.318248605337338,0.24337559363819172,13.76561754982566,0.023372758273962686,16.186948051806848,2.46,bn411944,bn,B,g
661427690542,2459982.8850573,9.709539494858058,0.20602739831862915,13.93206904071115,0.02306420653399415,16.36782816552688,1.99,bj596340,bj,G,g
661427690542,2459983.8806914,8.913360084222496,0.12689599542972083,14.024961993236335,0.015474571711633646,16.894020819212052,1.93,bj596734,bj,G,g
661427690542,2459985.872138,8.309112391327922,0.13481757882165793,14.10117903879578,0.017636161318292255,16.828274302911655,1.97,bj597532,bj,G,g
661427690542,2459987.8712099,8.920775545877506,0.08028698283849559,14.024059091539856,0.009782609052123184,17.391027767538073,1.97,bF432435,bF,G,g
661427690542,2459995.8629179,8.289722482642063,0.08515779245875209,14.103715642792727,0.011165973056850357,17.32707962464768,1.49,bj601111,bj,B,g
661427690542,2459996.8574945,10.31878537354488,0.10425311139761688,13.8659941737762,0.010981776947872175,17.10741804842717,1.51,bF435519,bF,B,g
661427690542,2459998.6213579,8.571721194088566,0.05369234014639213,14.067395530706223,0.0068085788102633495,17.827859779382994,2.16,bn434172,bn,G,g
661427690542,2459999.8718543,8.478151432443537,0.07906095844294894,14.079312698658772,0.01013615115031528,17.40773542414423,1.93,bj602815,bj,G,g
661427690542,2460002.8281608,10.565855153473764,0.053452648704717255,13.840303990580175,0.0054989117558289806,17.832717535459427,2.11,bF437980,bF,G,g
661427690542,2460002.8294591,10.573436072349148,0.062006018262279396,13.83952526263199,0.006374261448793734,17.671556001758944,2.08,bF437981,bF,G,g
661427690542,2460004.8533597,10.021354928737376,0.05844225877408852,13.897749512492938,0.006338882792934374,17.735823129128207,1.92,bj604954,bj,G,g
661427690542,2460007.8343581,8.942959372984443,0.05487449999028121,14.021362477786814,0.00666962614431568,17.804214171366905,2.11,bF439851,bF,G,g
661427690542,2460010.8193191,10.25841475248606,0.1385475511094215,13.87236498775007,0.014680159447918152,16.79864347685504,1.99,bj607385,bj,G,g
661427690542,2460012.8007973,10.172418718011377,0.06332532840098773,13.881505051432224,0.006766520392524881,17.64869698471458,2.20,bF441695,bF,G,g
661427690542,2460012.8020956,10.086897254319119,0.06445900210028797,13.890671629522984,0.006946053969936443,17.62943166682024,2.18,bF441696,bF,G,g
661427690542,2460012.8033939,10.80522915800923,0.1160681396480672,13.815980667625208,0.01167592278809558,16.990858052490637,2.20,bF441697,bF,G,g
661427690542,2460014.5912461,8.778510658803263,0.07142483607054323,14.041513520309872,0.00884383403956691,17.518017480710736,1.97,bn438359,bn,G,g
661427690542,2460014.8136077,10.470141971475954,0.08567139037106779,13.850184195780788,0.008893965023968437,17.32055107350655,2.28,bF442422,bF,G,g
661427690542,2460020.6302004,10.47942077069149,0.058346360202466446,13.849222425931199,0.00605185707583975,17.73760618942138,2.11,bn440085,bn,G,g
661427690542,2460020.6315451,10.582602682820665,0.06933046147496345,13.838584394485371,0.0071210456930155645,17.55033038408231,2.10,bn440086,bn,G,g
661427690542,2460020.8902358,9.8680071615552,0.03798970314573613,13.91449198228126,0.004184548604105759,18.203475861542778,2.16,bF444822,bF,G,g
661427690542,2460020.8915341,9.941006932670039,0.042691544706336224,13.906489680616414,0.004667922802585378,18.076785938574915,2.19,bF444823,bF,G,g
661427690542,2460022.7792669,10.242327528930138,0.05295984979878447,13.874068973332065,0.00562030983353317,17.842773749651762,2.07,bF445525,bF,G,g
661427690542,2460022.7815622,10.13418813275166,0.059385484064462375,13.885593216421277,0.00636947314919996,17.71843985930594,1.94,bj612259,bj,G,g
661427690542,2460023.8710286,8.368937292406205,0.05454289674879123,14.093389837916042,0.0070840245618087345,17.810795112933846,2.24,bF446015,bF,G,g
661427690542,2460025.84399,8.49023383269628,0.07977399266607922,14.077766493594838,0.010213012185793619,17.39798728916002,1.49,bj613611,bj,G,g
661427690542,2460027.7636743,9.030508608096557,0.04918310414210422,14.010785094928863,0.005919920806974709,17.92310077312537,2.15,bF447632,bF,G,g
661427690542,2460027.8270146,8.308009181432233,0.08126460149183647,14.101323202743995,0.010632040317853326,17.37788708646578,1.96,bj614484,bj,G,g
661427690542,2460029.7870854,8.896259023701319,0.04963659524853667,14.027047073904429,0.006064663897328296,17.913135651347908,2.22,bF448518,bF,G,g
661427690542,2460029.7882213,8.477368734974936,0.07730514298613995,14.079412937751556,0.009911958764526862,17.432119641969738,1.51,bj615348,bj,G,g
661427690542,2460030.8292384,9.799205448039444,0.05381551838031433,13.922088464561547,0.005969374658427842,17.82537179146168,1.93,bj615821,bj,G,g
661427690542,2460031.772557,8.427043036788453,0.07766824945544946,14.085877592625678,0.01001798731881589,17.42703181940708,1.92,bj616228,bj,G,g
661427690542,2460032.785902,10.047329115904914,0.05556959031688794,13.894939051071454,0.006011719921635401,17.790547623967253,1.93,bj616691,bj,G,g
661427690542,2460032.7871556,10.227370522218834,0.09497582274328208,13.875655647112088,0.010093952273859076,17.208607950470714,1.57,bj616692,bj,G,g
661427690542,2460035.7889084,8.884543853204828,0.05160202713661717,14.028477783943964,0.006313116447826768,17.87097370442094,2.12,bF451143,bF,G,g
661427690542,2460035.7901719,8.885964692465953,0.05845116753371031,14.02830416408089,0.007149913369327332,17.73565763542706,2.13,bF451144,bF,G,g
661427690542,2460036.7622337,10.67804451270025,0.06937598329405252,13.828836304947396,0.007062030637149506,17.54961773242509,2.12,bF451569,bF,B,g
661427690542,2460036.7635086,10.609286853388424,0.07960181253806324,13.835850142276138,0.008155468927948661,17.400333219537803,2.12,bF451570,bF,B,g
661427690542,2460038.8185296,9.977214289597471,0.0924498473950222,13.90254237215382,0.010071845872307203,17.237875114904163,1.97,bj619459,bj,G,g
661427690542,2460038.8424226,9.530064498170098,0.05064892154747915,13.952326022547755,0.0057767894021763435,17.891215105215508,1.99,bF452526,bF,B,g
661427690542,2460038.8437093,9.544515100051091,0.0687069488637506,13.95068094884497,0.007824542721489422,17.560138954362163,1.98,bF452527,bF,B,g
661427690542,2460039.7999985,8.515138083243372,0.07405835142147305,14.07458638486968,0.009453541126388543,17.478705510958452,1.39,bF452942,bF,G,g
661427690542,2460047.8266119,8.710736012652754,0.06369377445121803,14.049928491729467,0.007947934988888352,17.64239814730757,1.91,bF456248,bF,G,g
661427690542,2460050.5873373,11.645183896852185,0.06775116660736143,13.734699744386818,0.006323865131851825,17.575348667123027,1.98,bn448635,bn,G,g
661427690542,2460051.9106445,10.415356384088525,0.05357408548449986,13.85588028510977,0.005591042636097266,17.83025369563513,1.46,bF458081,bF,G,g
661427690542,2460052.8115047,9.794791690208264,0.06812507443292243,13.922577612000284,0.007560037649688316,17.56937313696292,1.96,bj626050,bj,G,g
661427690542,2460053.830754,8.426643380092194,0.07410112969370922,14.085929085424812,0.009558338066032306,17.478078538997092,1.95,bj626546,bj,G,g
661427690542,2460056.7105982,10.876506858724285,0.056564300233846225,13.808842027159374,0.005652819957307576,17.771284564524944,1.54,bF459788,bF,G,g
661427690542,2460057.6952693,9.011617723191847,0.04809157418022692,14.013058721085734,0.005800673286592096,17.947468128801496,1.94,bF460247,bF,G,g
661427690542,2460059.7006826,9.10995433689338,0.05058797818146625,14.001275122024525,0.006035917499965524,17.89252230500314,1.52,bF461087,bF,G,g
661427690542,2460060.7147744,10.575336160634748,0.060481744222892105,13.839330169070363,0.006216447905830416,17.69857984339324,1.43,bF461558,bF,G,g
661427690542,2460061.7416017,8.57997250240785,0.07630927830748767,14.066350882285082,0.009667264982755218,17.44619724582227,1.93,bj629795,bj,G,g
661427690542,2460062.7171994,10.33741059201956,0.0482971768597176,13.864036206342744,0.005078344417293986,17.94283624781805,1.49,bF462399,bF,G,g
661427690542,2460062.7433317,10.216250533769664,0.0636724963493935,13.876836785738497,0.006774426188317733,17.642760918480647,1.93,bj630270,bj,G,g
661427690542,2460063.7494255,8.585842473081621,0.05180300954431864,14.065608332054998,0.006558193822731725,17.866753133385888,1.96,bF462887,bF,G,g
661427690542,2460063.7744252,8.36039612870642,0.08316873160886679,14.094498483578358,0.010812979891781345,17.35274041597198,1.93,bj630767,bj,G,g
661427690542,2460064.8484245,9.57311895534833,0.07864522667526168,13.947431983583234,0.008929581094421643,17.413459690150198,1.50,bj631209,bj,B,g
661427690542,2460064.8511831,9.576203449782097,0.05350114755389427,13.947082211696976,0.006072701103228561,17.831732868025604,1.47,bF463336,bF,G,g
661427690542,2460065.8348237,8.741455233492792,0.06870200944438998,14.046106277748054,0.00854275349212364,17.560217011957516,2.10,bj631680,bj,G,g
661427690542,2460065.8604422,9.100621613189684,0.0437173203063033,14.002387978304194,0.005221492381468212,18.051006777416156,1.98,bF463801,bF,G,g
661427690542,2460067.4667031,8.210593357243262,0.16438078983837315,14.114129263446792,0.021761493206313143,16.613012954263333,1.97,bn451934,bn,G,g
661427690542,2460069.4748899,9.858653398133058,0.13765580011989412,13.915521626435027,0.015177110265776447,16.80565432371715,1.96,bn452805,bn,G,g
661427690542,2460070.7636435,9.361519055922033,0.17684739773929847,13.97169980810874,0.020533572722230796,16.533643927256634,2.03,bj633973,bj,G,g
661427690542,2460071.835159,9.327209359344462,0.08371979409060556,13.975686309573232,0.009756377570132778,17.345570232647745,2.06,bj634490,bj,G,g
661427690542,2460075.7563463,8.326586221629748,0.10281073610244479,14.098898163479008,0.013420962341212657,17.122544439906132,1.95,bj636343,bj,G,g
661427690542,2460077.9179479,11.928640372184939,0.08253391407228197,13.708588258392979,0.0075206204032028994,17.361059507705342,2.11,bF469298,bF,G,g
661427690542,2460080.521091,9.982703690542172,0.051873808724902146,13.901945171152864,0.005648226817991257,17.86527027064263,1.60,bn455596,bn,G,g
661427690542,2460081.5165947,9.014794245717075,0.04640751974488477,14.01267607527108,0.005595574881634752,17.986169716137674,1.50,bn456039,bn,G,g
661427690542,2460082.8316893,9.385919762383885,0.04205730520345951,13.968873529208041,0.004870536221807907,18.093037006232194,1.95,bF471288,bF,G,g
661427690542,2460083.8314752,8.923386482521403,0.13023344197149267,14.023741364267671,0.015863718261752317,16.86583431447935,1.50,bj639814,bj,B,g
661427690542,2460084.509045,9.373025994426483,0.06815209247330482,13.970366068615444,0.007903356016304283,17.56894262515122,1.43,bn456624,bn,G,g
661427690542,2460088.4442212,8.296466081257456,0.05886467469928096,14.102832767315661,0.007712120008419075,17.72800374058541,1.55,bn457359,bn,G,g
661427690542,2460089.3750536,10.000486510789115,0.08333779895015042,13.900012801329344,0.00905801572538721,17.350535546337838,1.51,bn457619,bn,G,g
661427690542,2460089.8060545,8.822604512130901,0.053570126318408455,14.036073593049366,0.006599910275035024,17.830333935340022,1.97,bF473864,bF,G,g
661427690542,2460091.3657804,10.302830258300713,0.10814335717730307,13.867674260345325,0.011409207413849144,17.067640992477017,1.54,bn457869,bn,G,g
661427690542,2460091.637982,8.6430526712433,0.08000903423287005,14.058397723225111,0.010061993703546107,17.394793040963478,1.94,bj642614,bj,G,g
661427690542,2460092.354128,8.946895165993341,0.05591565058404114,14.020884750813256,0.006793181315080491,17.78380715563594,1.48,bn458311,bn,G,g
661427690542,2460092.6706785,10.714116455698104,0.058806959626956645,13.825174715857244,0.005966017688390467,17.72906879503063,1.47,bF474864,bF,G,g
661427690542,2460093.3495617,10.341721988535141,0.07123346604104693,13.863583475616286,0.007486923412293944,17.520930420106293,1.99,bn458740,bn,G,g
661427690542,2460094.6838471,9.782066714500466,0.03615617157083924,13.923989071233503,0.0040175749805290055,18.257184515014774,1.97,bF475332,bF,G,g
661427690542,2460095.8729541,12.394380402899182,0.12340164888254106,13.667003569296256,0.010822019551285134,16.92433820458558,1.58,bj644197,bj,G,g
661427690542,2460096.7103352,10.219768171812648,0.06230403821008848,13.876463011661341,0.006626547640280577,17.666350120977167,2.01,bF476203,bF,G,g
661427690542,2460096.8805651,8.951512869097018,0.06456621085282847,14.020324521373421,0.007840089714080385,17.627627361317085,1.49,bj644698,bj,G,g
661427690542,2460097.8047895,9.024833996472214,0.08459839921467435,14.011467566774042,0.010189082900696646,17.334235248135734,2.04,bF476750,bF,G,g
661427690542,2460102.8572027,9.507467397952722,0.2987496052453054,13.95490351016377,0.03415502974622877,15.964372261195203,2.10,bj647397,bj,B,g
661427690542,2460103.8396997,10.768838104347068,0.10066460046351439,13.819643502405805,0.010160617414975525,17.145448676026525,2.46,bF479372,bF,G,g
661427690542,2460104.8082006,9.571908340732948,0.041387704981966665,13.947569294238303,0.004699860701603732,18.110462249674516,2.01,bF479823,bF,G,g
661427690542,2460107.5640529,10.627119043319723,0.08653377750081168,13.834026758520604,0.008850795161117146,17.30967645495278,1.94,bj648686,bj,G,g
661427690542,2460107.9197728,11.802230414397798,0.12208989470637728,13.720155399540221,0.011244180348118698,16.935941313473446,1.55,bj648942,bj,G,g
661427690542,2460108.6524883,10.442018449342653,0.04429631448348747,13.853104481775095,0.0046110019964449725,18.036721626926756,1.96,bF480513,bF,G,g
661427690542,2460110.5628365,11.964677333502172,0.07900453413649013,13.705313144927196,0.007177334685504923,17.40851057011636,1.93,bF481335,bF,G,g
661427690542,2460111.8772181,11.934956508963293,0.08260335204036759,13.708013520345839,0.0075229643401180666,17.36014643312014,2.00,bF482050,bF,G,g
661427690542,2460112.6813992,10.14678900102084,0.07524670058265716,13.884244048621179,0.008060667461345867,17.4614219570951,1.52,bF482384,bF,B,g
661427690542,2460113.7197388,8.433009465257209,0.08348878121697167,14.085109152827371,0.01076112574161221,17.348570308448814,1.99,bj651722,bj,G,g
661427690542,2460114.6867289,9.978094121776511,0.03865029847964189,13.902446631648903,0.00421034252502431,18.184758481099927,2.13,bF483257,bF,G,g
661427690542,2460116.317116,8.634482879203604,0.05519834990852984,14.059474790521039,0.00694867396944204,17.797825373474772,1.50,bn460845,bn,G,g
661427690542,2460116.8584455,9.125884580006074,0.06725941803654863,13.999378192996303,0.008011065934734446,17.583257848309092,1.94,bj652667,bj,G,g
661427690542,2460118.2661996,9.656125099060766,0.0364843372200833,13.938058413310072,0.004106915338799472,18.247374458437303,1.41,bn461447,bn,G,g
661427690542,2460120.2763297,8.720076223106181,0.0663813096728438,14.04876491937463,0.008274422794526965,17.597526069971245,1.51,bn462107,bn,B,g
661427690542,2460121.5114123,9.08733712563211,0.057812393149809765,14.003974022331997,0.006915068397130833,17.747588242915104,1.94,bF485003,bF,G,g
661427690542,2460122.511601,12.293899646937072,0.08384819979410468,13.675841462968448,0.0074133798241141765,17.343906254399364,1.99,bF485374,bF,G,g
661427690542,2460123.4980462,9.064125107121457,0.12307026894783028,14.00675089422223,0.014758405238684488,16.92725773726587,1.98,bj654634,bj,B,g
661427690542,2460125.6618638,8.802779033325665,0.08690903668388597,14.038516121365205,0.010731422868162813,17.304978271071295,2.01,bF486648,bF,B,g
661427690542,2460126.3793666,8.79608627689517,0.1041868652594068,14.039341921004947,0.012874656876744718,17.1081081831533,2.00,bn462488,bn,G,g
661427690542,2460126.5626379,11.587495396211652,0.15116228547502,13.740091685770917,0.014179667513980867,16.70403198758341,2.00,bj656154,bj,G,g
661427690542,2460130.2422107,9.086019034295036,0.12077202783468456,14.004131516575299,0.01444790538112222,16.94772471537675,1.94,bn464147,bn,G,g
661427690542,2460131.3959684,9.227153791893633,0.10242126484163938,13.987396224294349,0.012065200634479028,17.126665274417764,1.97,bn464605,bn,G,g
661427690542,2460136.5662367,10.7411380412497,0.06702121744971286,13.822439877241415,0.006782256137300887,17.587109829966135,1.56,bn465469,bn,G,g
661427690542,2460139.225954,10.881515025525788,0.06511007972346977,13.808342207080065,0.006503857745944759,17.618520043653895,2.03,bn466515,bn,G,g
661427690542,2460143.2651292,10.251139986129644,0.05791007164497334,13.873135211935455,0.006140363914067421,17.74575535586072,2.06,bn467745,bn,G,g
661427690542,2460145.7972233,11.882406576377047,0.08570108104500994,13.712804601268234,0.007839602892158386,17.3201748609247,1.98,bF494446,bF,G,g
661427690542,2460148.5235154,11.334689720787567,0.06370728677203996,13.764041531989184,0.006109302728611646,17.6421678381431,2.03,bF495199,bF,G,g
661427690542,2460148.5637607,10.796538064379593,0.11069309623452127,13.816854321657736,0.011144181787361113,17.04233927290275,1.51,bj664873,bj,B,g
661427690542,2460150.5290052,11.309243851962947,0.0888816415606893,13.766481701015902,0.008542611798091371,17.280610443893977,1.97,bF496128,bF,G,g
661427690542,2460150.5507062,11.461956843904078,0.12479486120110511,13.751918699940216,0.011834505234087755,16.912148855567207,1.56,bj665799,bj,B,g
661427690542,2460153.66299,8.836291493756853,0.10572272403851413,14.03439053716003,0.013005003792697582,17.092219749989038,2.00,bj666939,bj,B,g
661427690542,2460153.6822811,8.739218485697737,0.07469720068798237,14.046384129519016,0.00929060299571818,17.469379794605896,2.04,bF497227,bF,G,g
661427690542,2460154.7539693,9.519271617030856,0.09248666530496796,13.953556325062186,0.010560575227970536,17.23744280937665,2.05,bj667491,bj,G,g
661427690542,2460159.5082301,8.5756551783869,0.12489892353298937,14.066897347291594,0.01583082536183742,16.911243873106873,1.96,bn470972,bn,G,g
661427690542,2460159.6725844,8.691524656685043,0.08689067195593855,14.052325705928993,0.01086649193224802,17.305207721974906,2.11,bF499978,bF,G,g
661427690542,2460163.4481305,8.997867086575443,0.06132856883863046,14.014716688214914,0.007408587749371581,17.683483536130495,1.48,bn472547,bn,G,g
661427690542,2460164.4752137,11.81457546745755,0.09285670055231714,13.719020320364447,0.00854293889192437,17.23310749155153,1.48,bn473010,bn,G,g
661427690542,2460173.2531903,10.005351762126168,0.05702049781630148,13.899484717521611,0.006194565013581297,17.762563099969253,2.26,bn475721,bn,G,g
661427690542,2460180.4522622,11.799062493762241,0.08266045580015485,13.720446868839119,0.007614869534711522,17.359396122175397,1.47,bn476631,bn,G,g
661427690542,2460185.2737887,9.774691580758233,0.12596488812023432,13.924807964628572,0.014007434968276278,16.90201684826531,1.93,bn477875,bn,G,g
661427690542,2460194.4237821,11.791739224782745,0.0769442970916948,13.721120956868722,0.007092686154276091,17.437199519944503,1.44,bn479618,bn,G,g
661427690542,2460208.2498377,8.661214813850652,0.06067029225278546,14.056118597218447,0.007613939990788147,17.695200394006804,1.46,bn482540,bn,G,g
661427690542,2460209.3814165,9.098607136542967,0.05365425060354453,14.00262833906541,0.006409754453329121,17.828630277954748,1.55,bn482772,bn,G,g
661427690542,2460217.5030454,8.672526910677107,0.09713005949168997,14.054701481974089,0.012173632057736595,17.184256474594342,2.07,bj670636,bj,G,g
661427690542,2460220.2589547,8.431949137532168,0.05472176441715824,14.085245676874493,0.0070541434422967675,17.80724038124273,1.47,bn484971,bn,G,g
661427690542,2460221.6151977,9.19598595009466,0.060299054435529596,13.991069874608456,0.0071272891051695295,17.70186435665779,2.07,bF502313,bF,G,g
661427690542,2460222.6027614,9.542172318597265,0.041577380064361194,13.950947484635204,0.004736112795794429,18.105497812820758,2.01,bF502713,bF,G,g
661427690542,2460224.5253431,9.84957093699109,0.05437128138845095,13.916522341407676,0.006000182066666161,17.81421669068263,1.96,bj673470,bj,G,g
661427690542,2460225.5825995,8.352950890369065,0.08552683687993023,14.095465802134166,0.011129474403775819,17.322384585437966,1.47,bj673945,bj,G,g
661427690542,2460226.5981618,10.091929037594793,0.09445492844137125,13.890130152103922,0.010173317717285524,17.214579053096376,1.57,bj674399,bj,B,g
661427690542,2460227.6018809,8.56268382561673,0.058480702841729355,14.06854085195248,0.007423604870185366,17.735109152728306,2.01,bF504666,bF,G,g
661427690542,2460228.5683734,9.441005567348567,0.04838183310957204,13.962519987942624,0.005570269888836928,17.940934813805704,1.94,bj675206,bj,G,g
661427690542,2460229.5699784,8.24520579501798,0.08091084186767146,14.109561872717386,0.01066638837572849,17.382623811496153,1.93,bj675616,bj,G,g
661427690542,2460230.5658489,9.607917229892184,0.04716683423665257,13.943492489635013,0.005336047017954309,17.968548791280092,1.46,bj676020,bj,G,g
661427690542,2460231.5445151,8.262338254860703,0.06019394809465031,14.107308195422885,0.007918848446106123,17.703758537833302,2.18,bF506217,bF,G,g
661427690542,2460234.2631545,8.973265952648882,0.044595483114572385,14.01768927301617,0.0054019742050755255,18.029413428661673,1.48,bn487973,bn,G,g
661427690542,2460236.2567525,8.967328002772758,0.044500041972084535,14.018407983602227,0.005393982558044727,18.031739559931644,1.50,bn488698,bn,G,g
661427690542,2460240.5565794,10.070507017982111,0.11911914751912901,13.892437281159182,0.012857081974991464,16.962686669667995,2.05,bj679797,bj,B,g
661427690542,2460244.5257551,9.712779259579097,0.08866557345943465,13.931706825475201,0.009922558801120007,17.28325304322745,2.06,bF509861,bF,G,g
661427690542,2460247.5302202,8.736351521284119,0.10425556600384958,14.046740371643114,0.012971234859243857,17.10739248541571,1.99,bj682157,bj,G,g
661427690542,2460250.2733187,10.590900789593249,0.09578276194742472,13.837733372789604,0.009830296764864549,17.19942222143726,1.52,bn492329,bn,B,g
661427690542,2460252.5184193,9.937719240200483,0.06821413822358292,13.906848814974,0.007461048216878599,17.567954619224345,1.67,bj683783,bj,G,g
661427690542,2460254.5033591,9.717097538151696,0.21215226702054044,13.931224217014579,0.02373139606084274,16.33602141914399,2.29,bj684538,bj,G,g
661427690542,2460255.5037411,7.863809201453202,0.13284592924696526,14.160983202974215,0.018362315956852032,16.844269983915293,2.26,bF512704,bF,G,g
661427690542,2460256.2664332,10.566329155268235,0.06978347431531859,13.840255283744956,0.007178614389353185,17.54325914168254,1.52,bn493532,bn,B,g
661427690542,2460389.9088394,8.755982052839784,0.08674091387781946,14.044303465476666,0.010767907183013193,17.307080627839444,1.42,bF543770,bF,G,g
661427690542,2460403.7891626,8.667885066089417,0.05172567451929863,14.05528276214815,0.006486421870089804,17.868375204658925,1.93,bF549443,bF,G,g
661427690542,2460404.7839141,10.883030660253691,0.06093196436677607,13.808190990553546,0.0060856573980560364,17.69052766285268,2.04,bF549895,bF,G,g
661427690542,2460405.7988885,8.713832541635291,0.04928380913905562,14.049542598253787,0.006147623046906741,17.92087994390124,2.15,bF550361,bF,G,g
661427690542,2460427.6865528,9.25574894075008,0.08816909836686086,13.98403670727326,0.010354210890896512,17.289349612339436,2.43,bF556808,bF,B,g
661427690542,2460432.4238871,8.834471043113075,0.08289977558901945,14.034614243315982,0.010199643112468997,17.356257224167297,2.02,bn537009,bn,B,g
661427690542,2460439.4064992,10.8645251969378,0.06363474748415293,13.81003874360581,0.006366426745148332,17.6434047987446,1.45,bn538385,bn,G,g
661427690542,2460439.7565052,8.610578107822853,0.05005838712564113,14.062484845678023,0.006319121628375241,17.90394847996954,2.06,bF560685,bF,G,g
661427690542,2460440.7596419,10.976119436802794,0.08916353092685217,13.798943561857005,0.008829794719367711,17.277172465295266,1.97,bj751080,bj,G,g
661427690542,2460440.7608706,11.131590524152143,0.100113831097533,13.783672566227278,0.009775726244299815,17.151405408893005,1.98,bj751081,bj,G,g
661427690542,2460443.3950272,11.140007158475077,0.07163195699428977,13.782851947502762,0.006989297377663294,17.5148735706875,1.46,bn539626,bn,G,g
661427690542,2460446.6564553,12.096202426472754,0.142897882415229,13.69344300725388,0.012840706509178094,16.765076128726395,2.45,bj753142,bj,B,g
661427690542,2460446.8387857,9.713960235405459,0.049443313173157685,13.93157481894744,0.005532525397218778,17.917371699130197,2.12,bF563348,bF,B,g
661427690542,2460448.4037,9.535166273439058,0.16817958490362098,13.951744945684155,0.0191715478673492,16.58820742086428,1.42,bn541213,bn,B,g
661427690542,2460449.6234106,9.144237589374821,0.056880604002106774,13.997196868399156,0.006761279207398399,17.7652301128926,2.14,bF564368,bF,G,g
661427690542,2460450.6586469,11.619535186950106,0.09461049874540667,13.737093733682643,0.008850396937719877,17.2127922816902,2.06,bF564857,bF,B,g
661427690542,2460450.6598872,11.69169573180241,0.12161406373362975,13.730371860725821,0.011306246992974785,16.94018110977604,2.00,bF564870,bF,B,g
661427690542,2460452.35517,7.197724787541897,0.21573944865956068,14.257077529944057,0.032579656438489354,16.317816700137854,2.09,bn542088,bn,G,g
661427690542,2460475.3056938,11.386181443066112,0.07470092198268007,13.759120371842457,0.007131157599675062,17.469325706317363,1.52,bn545352,bn,,g
661427690542,2460476.3083191,8.615163598640109,0.06489017965755449,14.061906799913803,0.008187053347046851,17.622193170028325,1.51,bn545769,bn,,g
661427690542,2460478.3453619,8.546978692900932,0.11990191246195699,14.07053406905546,0.015248448650956415,16.955575335824943,1.49,bn544983,bn,,g
661427690542,2460478.6749055,10.875195803531636,0.07030425134153372,13.808972909795362,0.007026785161592312,17.535186641768043,2.11,bF572442,bF,,g
661427690542,2460481.3253017,11.293643159930854,0.1644526281338274,13.767980468747593,0.015827740803907083,16.61253856549844,1.42,bn546233,bn,,g
661427690542,2460486.3672275,8.736843637945924,0.12543725432475308,14.046679214096145,0.01560573215081547,16.906574263330818,1.92,bn547402,bn,,g
661427690542,2460487.4275059,9.592453085458832,0.07505866529160064,13.94524141268614,0.00850517641576116,17.464138517859123,1.45,bn547869,bn,,g
661427690542,2460487.7991294,8.394535990513686,0.10768187973262398,14.09007388370242,0.013943060293120734,17.072284041085375,2.00,bj760774,bj,,g
661427690542,2460488.4802812,7.580515584101767,0.08587494249028971,14.200818760010986,0.012313453848647883,17.31797446338112,1.44,bn548330,bn,,g
661427690542,2460488.7917001,9.096667571527322,0.09611640472163756,14.002859811906653,0.011484903909790841,17.1956468178155,1.95,bj761211,bj,,g
661427690542,2460490.5774423,12.452425999754269,0.12112321721545219,13.661930698387996,0.01057269249292942,16.944572116876955,1.98,bj761686,bj,,g
661427690542,2460492.4929682,8.802786869844786,0.04856640186287407,14.038515154808087,0.005996915297710171,17.93680078867598,2.19,bF576871,bF,,g
661427690542,2460493.2410615,10.438447471426574,0.05487316505413498,13.853475847056153,0.005713947863159424,17.804240584475636,1.57,bn549240,bn,,g
661427690542,2460494.5598006,12.461073351404579,0.11820270779935792,13.661176991090061,0.010310604913922185,16.9710720476415,1.97,bj763293,bj,,g
661427690542,2460494.7516922,9.573410612164484,0.03314462224079515,13.947398905801322,0.0037632109145547986,18.3516079274491,2.14,bF577887,bF,,g
661427690542,2460495.83239,9.18189953432235,0.05720315692156728,13.992734280952416,0.0067717299941632714,17.759090618315238,1.94,bj763924,bj,,g
661427690542,2460496.5283638,11.025147672557749,0.16308749115854168,13.79410458431407,0.016078606599536333,16.621588981820537,1.54,bj764115,bj,,g
661427690542,2460497.857667,10.290851889065747,0.050931349757769785,13.868937303110183,0.005379551020358764,17.88517764696955,2.11,bF578980,bF,,g
661427690542,2460499.5077337,9.180617898170105,0.05186190506764996,13.99288584173695,0.006140287785458739,17.865519446769767,1.97,bj765131,bj,,g
661427690542,2460500.535908,10.78753254213168,0.057396324953530635,13.817760325190891,0.00578327893690603,17.75543039715014,2.21,bF580008,bF,,g
661427690542,2460501.5387597,9.066578987727306,0.05845840824944865,14.006456998627414,0.007008348814171047,17.735523146747532,1.94,bj765958,bj,,g
661427690542,2460502.667465,10.875109934786744,0.0842663754565613,13.808981482622455,0.008422341191498366,17.338504826326638,1.96,bj766440,bj,,g
661427690542,2460503.7061326,8.699538992615803,0.07073498973316117,14.051325024720695,0.00883792330500167,17.52855487436754,2.17,bj766901,bj,,g
661427690542,2460513.2824483,10.992882267504774,0.13426171166565215,13.797286680405188,0.01327555772576875,16.8327601624793,2.04,bn550881,bn,,g
661427690542,2460514.586413,11.75885681303646,0.13467298304582925,13.724152867235283,0.012448801745883933,16.829439411499134,1.98,bj771148,bj,,g
661427690542,2460515.5852483,8.841831669408997,0.08963317720019891,14.033710015882104,0.011018912162627447,17.271468633938696,1.53,bj771549,bj,,g
661427690542,2460516.551195,12.524861511545328,0.1204661623013934,13.655633290944838,0.01045452523700028,16.950477923407757,1.94,bj771942,bj,,g
661427690542,2460517.5141886,9.187714630013732,0.07964393944782593,13.992046878366743,0.009422310431476844,17.399758777687765,1.96,bn552428,bn,,g
661427690542,2460517.6913042,8.348156681503687,0.10384174150491439,14.0960891435813,0.013520524645589786,17.111710704027555,1.96,bj772483,bj,,g
661427690542,2460518.6929894,9.770630117036749,0.0436257216668682,13.925259190588255,0.004853245094059488,18.053284050873874,2.24,bF587409,bF,,g
661427690542,2460519.6920631,8.50113917188475,0.08259934159363905,14.076372807139402,0.010561160242323033,17.360199147602156,1.53,bj773329,bj,,g
661427690542,2460521.5836961,8.617854234532771,0.04943602227992321,14.061567762276344,0.006235288433016389,17.917531813207173,1.99,bF588592,bF,,g
661427690542,2460523.2738124,10.852925912539153,0.063510899237486,13.811198526506201,0.006360827180064206,17.64551995677473,1.48,bn553075,bn,,g
661427690542,2460530.7740681,9.134565377974715,0.04915557585940733,13.99834590108976,0.005849208095773864,17.92370864083234,2.17,bF590474,bF,,g
661427690542,2460531.7710356,9.026306675114798,0.05858641568876262,14.011290410044408,0.007055032463475471,17.733148289627376,2.11,bF590891,bF,,g
661427690542,2460532.7649958,9.172402714370842,0.04355395293509938,13.993857836839405,0.005161270679508391,18.05507166773318,2.13,bF591304,bF,,g
661427690542,2460533.7625935,8.850549148683392,0.061560644294760034,14.032640076937684,0.007560405877030387,17.679382720150357,2.14,bF591721,bF,,g
661427690542,2460534.7013596,9.733393752913814,0.04885404670814163,13.929404890783381,0.0054556741493033524,17.93038925321789,1.96,bj777566,bj,,g
661427690542,2460535.6831113,8.403122782819006,0.08248967046787396,14.088963848997405,0.010670162463232281,17.361641689754286,2.00,bj777969,bj,,g
661427690542,2460536.6835522,10.199747762653098,0.1002295326355113,13.87859204254469,0.010681160623201123,17.150151348260753,2.00,bj778390,bj,,g
661427690542,2460543.6650095,8.635904627070609,0.12757028135418638,14.05929602867957,0.016056609618333034,16.888266828048472,2.13,bj780308,bj,,g
661427690542,2460544.2964982,8.784236679442126,0.0801717029999095,14.040805550421409,0.009920401580097063,17.392587839095587,1.58,bn557688,bn,,g
661427690542,2460544.4891177,12.215732196087707,0.11450890555309426,13.682766864354388,0.010189008705348692,17.005542451910344,2.06,bj780487,bj,,g
